UID,個案研判日,縣市別,區域,新增確診人數,累計確診人數,七天移動平均新增確診人數
454,2023-03-21,南投縣,南投市,1,40392,26.57
591,2023-03-20,南投縣,南投市,4,40391,34.86
875,2023-03-19,南投縣,南投市,30,40387,45.29
1203,2023-03-18,南投縣,南投市,24,40357,45.57
1543,2023-03-17,南投縣,南投市,34,40333,49.14
1895,2023-03-16,南投縣,南投市,53,40299,51.00
2248,2023-03-15,南投縣,南投市,40,40246,49.43
2599,2023-03-14,南投縣,南投市,59,40206,49.86
2956,2023-03-13,南投縣,南投市,77,40147,49.29
3315,2023-03-12,南投縣,南投市,32,40070,46.00
3660,2023-03-11,南投縣,南投市,49,40038,47.00
4013,2023-03-10,南投縣,南投市,47,39989,46.14
4368,2023-03-09,南投縣,南投市,42,39942,47.29
4727,2023-03-08,南投縣,南投市,43,39900,48.57
5081,2023-03-07,南投縣,南投市,55,39857,51.00
5440,2023-03-06,南投縣,南投市,54,39802,49.71
5805,2023-03-05,南投縣,南投市,39,39748,48.29
6144,2023-03-04,南投縣,南投市,43,39709,48.86
6496,2023-03-03,南投縣,南投市,55,39666,49.14
6855,2023-03-02,南投縣,南投市,51,39611,48.43
7219,2023-03-01,南投縣,南投市,60,39560,49.71
7590,2023-02-28,南投縣,南投市,46,39500,48.86
7953,2023-02-27,南投縣,南投市,44,39454,50.00
8312,2023-02-26,南投縣,南投市,43,39410,54.43
8657,2023-02-25,南投縣,南投市,45,39367,58.43
9027,2023-02-24,南投縣,南投市,50,39322,63.29
9388,2023-02-23,南投縣,南投市,60,39272,67.43
9758,2023-02-22,南投縣,南投市,54,39212,67.71
10133,2023-02-21,南投縣,南投市,54,39158,71.86
10502,2023-02-20,南投縣,南投市,75,39104,76.14
10882,2023-02-19,南投縣,南投市,71,39029,78.57
11240,2023-02-18,南投縣,南投市,79,38958,74.71
11607,2023-02-17,南投縣,南投市,79,38879,70.86
11979,2023-02-16,南投縣,南投市,62,38800,67.71
12354,2023-02-15,南投縣,南投市,83,38738,71.57
12727,2023-02-14,南投縣,南投市,84,38655,70.71
13099,2023-02-13,南投縣,南投市,92,38571,72.14
13478,2023-02-12,南投縣,南投市,44,38479,71.57
13835,2023-02-11,南投縣,南投市,52,38435,75.00
14207,2023-02-10,南投縣,南投市,57,38383,77.71
14581,2023-02-09,南投縣,南投市,89,38326,81.71
14957,2023-02-08,南投縣,南投市,77,38237,84.00
15336,2023-02-07,南投縣,南投市,94,38160,88.71
15715,2023-02-06,南投縣,南投市,88,38066,91.43
16097,2023-02-05,南投縣,南投市,68,37978,97.43
16465,2023-02-04,南投縣,南投市,71,37910,104.00
16844,2023-02-03,南投縣,南投市,85,37839,109.71
17230,2023-02-02,南投縣,南投市,105,37754,112.71
17613,2023-02-01,南投縣,南投市,110,37649,113.86
17990,2023-01-31,南投縣,南投市,113,37539,109.14
18375,2023-01-30,南投縣,南投市,130,37426,102.29
18764,2023-01-29,南投縣,南投市,114,37296,94.57
19140,2023-01-28,南投縣,南投市,111,37182,84.14
19519,2023-01-27,南投縣,南投市,106,37071,78.86
19897,2023-01-26,南投縣,南投市,113,36965,74.14
20274,2023-01-25,南投縣,南投市,77,36852,67.14
20639,2023-01-24,南投縣,南投市,65,36775,64.00
21014,2023-01-23,南投縣,南投市,76,36710,64.86
21381,2023-01-22,南投縣,南投市,41,36634,64.57
21745,2023-01-21,南投縣,南投市,74,36593,67.71
22117,2023-01-20,南投縣,南投市,73,36519,67.29
22484,2023-01-19,南投縣,南投市,64,36446,65.71
22855,2023-01-18,南投縣,南投市,55,36382,65.00
23227,2023-01-17,南投縣,南投市,71,36327,65.43
23591,2023-01-16,南投縣,南投市,74,36256,65.57
23967,2023-01-15,南投縣,南投市,63,36182,69.29
24334,2023-01-14,南投縣,南投市,71,36119,71.43
24702,2023-01-13,南投縣,南投市,62,36048,70.57
25070,2023-01-12,南投縣,南投市,59,35986,73.43
25445,2023-01-11,南投縣,南投市,58,35927,77.57
25821,2023-01-10,南投縣,南投市,72,35869,81.57
26193,2023-01-09,南投縣,南投市,100,35797,86.57
26572,2023-01-08,南投縣,南投市,78,35697,86.29
26929,2023-01-07,南投縣,南投市,65,35619,82.57
27300,2023-01-06,南投縣,南投市,82,35554,86.29
27676,2023-01-05,南投縣,南投市,88,35472,85.86
28056,2023-01-04,南投縣,南投市,86,35384,85.43
28437,2023-01-03,南投縣,南投市,107,35298,89.71
28819,2023-01-02,南投縣,南投市,98,35191,86.00
29190,2023-01-01,南投縣,南投市,52,35093,87.71
29552,2022-12-31,南投縣,南投市,91,35041,89.43
29918,2022-12-30,南投縣,南投市,79,34950,83.71
30290,2022-12-29,南投縣,南投市,85,34871,82.29
30663,2022-12-28,南投縣,南投市,116,34786,80.43
31033,2022-12-27,南投縣,南投市,81,34670,77.00
31410,2022-12-26,南投縣,南投市,110,34589,72.14
31782,2022-12-25,南投縣,南投市,64,34479,66.71
32136,2022-12-24,南投縣,南投市,51,34415,63.57
32496,2022-12-23,南投縣,南投市,69,34364,62.57
32860,2022-12-22,南投縣,南投市,72,34295,58.86
33227,2022-12-21,南投縣,南投市,92,34223,56.57
33597,2022-12-20,南投縣,南投市,47,34131,50.14
33960,2022-12-19,南投縣,南投市,72,34084,52.43
34331,2022-12-18,南投縣,南投市,42,34012,52.43
34679,2022-12-17,南投縣,南投市,44,33970,53.86
35039,2022-12-16,南投縣,南投市,43,33926,53.00
35404,2022-12-15,南投縣,南投市,56,33883,55.71
35775,2022-12-14,南投縣,南投市,47,33827,54.14
36134,2022-12-13,南投縣,南投市,63,33780,55.71
36508,2022-12-12,南投縣,南投市,72,33717,55.57
36880,2022-12-11,南投縣,南投市,52,33645,54.00
37231,2022-12-10,南投縣,南投市,38,33593,50.86
37600,2022-12-09,南投縣,南投市,62,33555,51.00
37965,2022-12-08,南投縣,南投市,45,33493,49.57
38338,2022-12-07,南投縣,南投市,58,33448,51.43
38710,2022-12-06,南投縣,南投市,62,33390,50.29
39081,2022-12-05,南投縣,南投市,61,33328,50.57
39459,2022-12-04,南投縣,南投市,30,33267,52.00
39825,2022-12-03,南投縣,南投市,39,33237,55.00
40194,2022-12-02,南投縣,南投市,52,33198,55.43
40564,2022-12-01,南投縣,南投市,58,33146,53.86
40933,2022-11-30,南投縣,南投市,50,33088,50.29
41304,2022-11-29,南投縣,南投市,64,33038,52.29
41684,2022-11-28,南投縣,南投市,71,32974,52.57
42062,2022-11-27,南投縣,南投市,51,32903,53.00
42423,2022-11-26,南投縣,南投市,42,32852,52.00
42779,2022-11-25,南投縣,南投市,41,32810,53.00
43150,2022-11-24,南投縣,南投市,33,32769,56.14
43520,2022-11-23,南投縣,南投市,64,32736,60.57
43892,2022-11-22,南投縣,南投市,66,32672,61.86
44265,2022-11-21,南投縣,南投市,74,32606,63.57
44648,2022-11-20,南投縣,南投市,44,32532,61.57
45011,2022-11-19,南投縣,南投市,49,32488,65.00
45385,2022-11-18,南投縣,南投市,63,32439,67.57
45757,2022-11-17,南投縣,南投市,64,32376,68.43
46130,2022-11-16,南投縣,南投市,73,32312,71.14
46510,2022-11-15,南投縣,南投市,78,32239,73.14
46891,2022-11-14,南投縣,南投市,60,32161,76.29
47272,2022-11-13,南投縣,南投市,68,32101,83.43
47642,2022-11-12,南投縣,南投市,67,32033,85.00
48019,2022-11-11,南投縣,南投市,69,31966,89.29
48398,2022-11-10,南投縣,南投市,83,31897,96.29
48781,2022-11-09,南投縣,南投市,87,31814,101.57
49164,2022-11-08,南投縣,南投市,100,31727,103.29
49549,2022-11-07,南投縣,南投市,110,31627,112.29
49934,2022-11-06,南投縣,南投市,79,31517,119.57
50303,2022-11-05,南投縣,南投市,97,31438,123.43
50678,2022-11-04,南投縣,南投市,118,31341,139.43
51064,2022-11-03,南投縣,南投市,120,31223,144.14
51444,2022-11-02,南投縣,南投市,99,31103,151.71
51830,2022-11-01,南投縣,南投市,163,31004,160.71
52215,2022-10-31,南投縣,南投市,161,30841,164.14
52598,2022-10-30,南投縣,南投市,106,30680,167.43
52977,2022-10-29,南投縣,南投市,209,30574,169.00
53356,2022-10-28,南投縣,南投市,151,30365,163.43
53743,2022-10-27,南投縣,南投市,173,30214,168.14
54130,2022-10-26,南投縣,南投市,162,30041,167.00
54514,2022-10-25,南投縣,南投市,187,29879,168.71
54903,2022-10-24,南投縣,南投市,184,29692,165.14
55293,2022-10-23,南投縣,南投市,117,29508,164.71
55670,2022-10-22,南投縣,南投市,170,29391,162.86
56055,2022-10-21,南投縣,南投市,184,29221,157.86
56445,2022-10-20,南投縣,南投市,165,29037,150.86
56830,2022-10-19,南投縣,南投市,174,28872,146.14
57217,2022-10-18,南投縣,南投市,162,28698,143.57
57607,2022-10-17,南投縣,南投市,181,28536,148.71
57997,2022-10-16,南投縣,南投市,104,28355,152.71
58381,2022-10-15,南投縣,南投市,135,28251,160.29
58766,2022-10-14,南投縣,南投市,135,28116,163.14
59156,2022-10-13,南投縣,南投市,132,27981,168.00
59547,2022-10-12,南投縣,南投市,156,27849,181.29
59936,2022-10-11,南投縣,南投市,198,27693,185.14
60328,2022-10-10,南投縣,南投市,209,27495,181.71
60712,2022-10-09,南投縣,南投市,157,27286,177.00
61099,2022-10-08,南投縣,南投市,155,27129,175.86
61488,2022-10-07,南投縣,南投市,169,26974,174.14
61875,2022-10-06,南投縣,南投市,225,26805,177.86
62266,2022-10-05,南投縣,南投市,183,26580,175.29
62653,2022-10-04,南投縣,南投市,174,26397,183.29
63041,2022-10-03,南投縣,南投市,176,26223,193.43
63432,2022-10-02,南投縣,南投市,149,26047,201.57
63814,2022-10-01,南投縣,南投市,143,25898,206.57
64200,2022-09-30,南投縣,南投市,195,25755,211.57
64584,2022-09-29,南投縣,南投市,207,25560,210.86
64972,2022-09-28,南投縣,南投市,239,25353,206.71
65360,2022-09-27,南投縣,南投市,245,25114,199.71
65747,2022-09-26,南投縣,南投市,233,24869,190.14
66136,2022-09-25,南投縣,南投市,184,24636,187.29
66519,2022-09-24,南投縣,南投市,178,24452,185.43
66902,2022-09-23,南投縣,南投市,190,24274,182.86
67291,2022-09-22,南投縣,南投市,178,24084,175.57
67678,2022-09-21,南投縣,南投市,190,23906,176.57
68067,2022-09-20,南投縣,南投市,178,23716,175.14
68457,2022-09-19,南投縣,南投市,213,23538,178.14
68848,2022-09-18,南投縣,南投市,171,23325,177.14
69230,2022-09-17,南投縣,南投市,160,23154,172.57
69618,2022-09-16,南投縣,南投市,139,22994,165.14
70003,2022-09-15,南投縣,南投市,185,22855,164.00
70390,2022-09-14,南投縣,南投市,180,22670,153.29
70775,2022-09-13,南投縣,南投市,199,22490,139.86
71164,2022-09-12,南投縣,南投市,206,22291,130.57
71554,2022-09-11,南投縣,南投市,139,22085,116.43
71936,2022-09-10,南投縣,南投市,108,21946,109.29
72318,2022-09-09,南投縣,南投市,131,21838,108.71
72700,2022-09-08,南投縣,南投市,110,21707,105.14
73087,2022-09-07,南投縣,南投市,86,21597,103.86
73471,2022-09-06,南投縣,南投市,134,21511,106.86
73857,2022-09-05,南投縣,南投市,107,21377,107.00
74244,2022-09-04,南投縣,南投市,89,21270,108.71
74626,2022-09-03,南投縣,南投市,104,21181,108.71
75013,2022-09-02,南投縣,南投市,106,21077,109.29
75399,2022-09-01,南投縣,南投市,101,20971,109.00
75788,2022-08-31,南投縣,南投市,107,20870,107.29
76175,2022-08-30,南投縣,南投市,135,20763,106.57
76563,2022-08-29,南投縣,南投市,119,20628,103.14
76953,2022-08-28,南投縣,南投市,89,20509,102.00
77334,2022-08-27,南投縣,南投市,108,20420,98.86
77721,2022-08-26,南投縣,南投市,104,20312,95.57
78106,2022-08-25,南投縣,南投市,89,20208,95.71
78492,2022-08-24,南投縣,南投市,102,20119,93.86
78879,2022-08-23,南投縣,南投市,111,20017,90.43
79262,2022-08-22,南投縣,南投市,111,19906,85.71
79652,2022-08-21,南投縣,南投市,67,19795,80.57
80027,2022-08-20,南投縣,南投市,85,19728,79.14
80412,2022-08-19,南投縣,南投市,105,19643,75.71
80796,2022-08-18,南投縣,南投市,76,19538,74.86
81185,2022-08-17,南投縣,南投市,78,19462,73.86
81570,2022-08-16,南投縣,南投市,78,19384,77.71
81957,2022-08-15,南投縣,南投市,75,19306,81.00
82344,2022-08-14,南投縣,南投市,57,19231,85.43
82721,2022-08-13,南投縣,南投市,61,19174,89.43
83100,2022-08-12,南投縣,南投市,99,19113,95.43
83486,2022-08-11,南投縣,南投市,69,19014,95.14
83872,2022-08-10,南投縣,南投市,105,18945,96.57
84258,2022-08-09,南投縣,南投市,101,18840,96.71
84640,2022-08-08,南投縣,南投市,106,18739,98.29
85025,2022-08-07,南投縣,南投市,85,18633,99.00
85398,2022-08-06,南投縣,南投市,103,18548,100.57
85777,2022-08-05,南投縣,南投市,97,18445,100.86
86164,2022-08-04,南投縣,南投市,79,18348,99.43
86549,2022-08-03,南投縣,南投市,106,18269,102.57
86932,2022-08-02,南投縣,南投市,112,18163,104.29
87317,2022-08-01,南投縣,南投市,111,18051,104.29
87705,2022-07-31,南投縣,南投市,96,17940,107.71
88081,2022-07-30,南投縣,南投市,105,17844,108.43
88460,2022-07-29,南投縣,南投市,87,17739,108.29
88844,2022-07-28,南投縣,南投市,101,17652,110.86
89230,2022-07-27,南投縣,南投市,118,17551,111.57
89621,2022-07-26,南投縣,南投市,112,17433,111.86
90008,2022-07-25,南投縣,南投市,135,17321,109.86
90392,2022-07-24,南投縣,南投市,101,17186,107.00
90770,2022-07-23,南投縣,南投市,104,17085,107.29
91154,2022-07-22,南投縣,南投市,105,16981,104.86
91540,2022-07-21,南投縣,南投市,106,16876,107.14
91924,2022-07-20,南投縣,南投市,120,16770,105.71
92311,2022-07-19,南投縣,南投市,98,16650,107.43
92699,2022-07-18,南投縣,南投市,115,16552,110.43
93088,2022-07-17,南投縣,南投市,103,16437,109.00
93466,2022-07-16,南投縣,南投市,87,16334,108.14
93853,2022-07-15,南投縣,南投市,121,16247,113.57
94240,2022-07-14,南投縣,南投市,96,16126,115.29
94628,2022-07-13,南投縣,南投市,132,16030,120.71
95017,2022-07-12,南投縣,南投市,119,15898,125.57
95405,2022-07-11,南投縣,南投市,105,15779,135.57
95793,2022-07-10,南投縣,南投市,97,15674,147.43
96176,2022-07-09,南投縣,南投市,125,15577,149.14
96563,2022-07-08,南投縣,南投市,133,15452,157.29
96954,2022-07-07,南投縣,南投市,134,15319,155.71
97345,2022-07-06,南投縣,南投市,166,15185,160.86
97734,2022-07-05,南投縣,南投市,189,15019,165.86
98123,2022-07-04,南投縣,南投市,188,14830,166.29
98512,2022-07-03,南投縣,南投市,109,14642,166.43
98897,2022-07-02,南投縣,南投市,182,14533,172.00
99285,2022-07-01,南投縣,南投市,122,14351,171.14
99677,2022-06-30,南投縣,南投市,170,14229,181.00
100068,2022-06-29,南投縣,南投市,201,14059,189.71
100458,2022-06-28,南投縣,南投市,192,13858,198.71
100849,2022-06-27,南投縣,南投市,189,13666,212.14
101238,2022-06-26,南投縣,南投市,148,13477,228.00
101623,2022-06-25,南投縣,南投市,176,13329,240.57
102013,2022-06-24,南投縣,南投市,191,13153,256.00
102404,2022-06-23,南投縣,南投市,231,12962,266.86
102796,2022-06-22,南投縣,南投市,264,12731,274.86
103186,2022-06-21,南投縣,南投市,286,12467,290.43
103577,2022-06-20,南投縣,南投市,300,12181,302.43
103968,2022-06-19,南投縣,南投市,236,11881,312.57
104358,2022-06-18,南投縣,南投市,284,11645,314.57
104749,2022-06-17,南投縣,南投市,267,11361,339.14
105140,2022-06-16,南投縣,南投市,287,11094,336.00
105530,2022-06-15,南投縣,南投市,373,10807,345.29
105920,2022-06-14,南投縣,南投市,370,10434,341.86
106311,2022-06-13,南投縣,南投市,371,10064,352.43
106702,2022-06-12,南投縣,南投市,250,9693,367.14
107089,2022-06-11,南投縣,南投市,456,9443,375.29
107480,2022-06-10,南投縣,南投市,245,8987,361.29
107869,2022-06-09,南投縣,南投市,352,8742,382.00
108260,2022-06-08,南投縣,南投市,349,8390,393.71
108648,2022-06-07,南投縣,南投市,444,8041,402.43
109040,2022-06-06,南投縣,南投市,474,7597,404.29
109431,2022-06-05,南投縣,南投市,307,7123,388.29
109820,2022-06-04,南投縣,南投市,358,6816,386.43
110209,2022-06-03,南投縣,南投市,390,6458,368.86
110601,2022-06-02,南投縣,南投市,434,6068,347.57
110991,2022-06-01,南投縣,南投市,410,5634,341.00
111382,2022-05-31,南投縣,南投市,457,5224,318.00
111774,2022-05-30,南投縣,南投市,362,4767,312.00
112164,2022-05-29,南投縣,南投市,294,4405,299.86
112555,2022-05-28,南投縣,南投市,235,4111,296.29
112945,2022-05-27,南投縣,南投市,241,3876,294.86
113336,2022-05-26,南投縣,南投市,388,3635,289.71
113727,2022-05-25,南投縣,南投市,249,3247,262.43
114117,2022-05-24,南投縣,南投市,415,2998,261.29
114508,2022-05-23,南投縣,南投市,277,2583,225.43
114899,2022-05-22,南投縣,南投市,269,2306,204.86
115290,2022-05-21,南投縣,南投市,225,2037,177.14
115677,2022-05-20,南投縣,南投市,205,1812,158.71
116063,2022-05-19,南投縣,南投市,197,1607,140.00
116452,2022-05-18,南投縣,南投市,241,1410,124.14
116842,2022-05-17,南投縣,南投市,164,1169,102.29
117232,2022-05-16,南投縣,南投市,133,1005,94.29
117620,2022-05-15,南投縣,南投市,75,872,79.86
118006,2022-05-14,南投縣,南投市,96,797,73.14
118389,2022-05-13,南投縣,南投市,74,701,64.57
118776,2022-05-12,南投縣,南投市,86,627,59.57
119160,2022-05-11,南投縣,南投市,88,541,51.71
119545,2022-05-10,南投縣,南投市,108,453,42.00
119930,2022-05-09,南投縣,南投市,32,345,31.14
120309,2022-05-08,南投縣,南投市,28,313,29.00
120694,2022-05-07,南投縣,南投市,36,285,27.57
121072,2022-05-06,南投縣,南投市,39,249,23.86
121450,2022-05-05,南投縣,南投市,31,210,20.14
121823,2022-05-04,南投縣,南投市,20,179,17.29
122183,2022-05-03,南投縣,南投市,32,159,15.14
122542,2022-05-02,南投縣,南投市,17,127,11.29
122893,2022-05-01,南投縣,南投市,18,110,9.14
123229,2022-04-30,南投縣,南投市,10,92,7.00
123562,2022-04-29,南投縣,南投市,13,82,6.14
123879,2022-04-28,南投縣,南投市,11,69,5.14
124192,2022-04-27,南投縣,南投市,5,58,4.14
124492,2022-04-26,南投縣,南投市,5,53,4.57
124784,2022-04-25,南投縣,南投市,2,48,3.86
125057,2022-04-24,南投縣,南投市,3,46,3.71
125306,2022-04-23,南投縣,南投市,4,43,4.29
125552,2022-04-22,南投縣,南投市,6,39,4.14
125799,2022-04-21,南投縣,南投市,4,33,3.43
126030,2022-04-20,南投縣,南投市,8,29,3.00
126444,2022-04-18,南投縣,南投市,1,21,2.14
126630,2022-04-17,南投縣,南投市,7,20,2.00
126796,2022-04-16,南投縣,南投市,3,13,1.00
126945,2022-04-15,南投縣,南投市,1,10,0.86
127121,2022-04-14,南投縣,南投市,1,9,0.71
127288,2022-04-13,南投縣,南投市,1,8,0.57
127438,2022-04-12,南投縣,南投市,1,7,0.43
127857,2022-04-09,南投縣,南投市,2,6,0.29
132522,2021-06-05,南投縣,南投市,1,4,0.43
132607,2021-06-04,南投縣,南投市,2,3,0.29
135291,2020-01-30,南投縣,南投市,1,1,0.14
