UID,個案研判日,縣市別,區域,新增確診人數,累計確診人數,七天移動平均新增確診人數
1158,2023-03-19,南投縣,集集鎮,2,2695,2.71
1490,2023-03-18,南投縣,集集鎮,2,2693,2.71
1843,2023-03-17,南投縣,集集鎮,1,2691,2.57
2190,2023-03-16,南投縣,集集鎮,3,2690,2.57
2543,2023-03-15,南投縣,集集鎮,2,2687,2.57
2898,2023-03-14,南投縣,集集鎮,6,2685,2.29
3256,2023-03-13,南投縣,集集鎮,3,2679,2.00
3606,2023-03-12,南投縣,集集鎮,2,2676,2.71
3960,2023-03-11,南投縣,集集鎮,1,2674,2.57
4311,2023-03-10,南投縣,集集鎮,1,2673,2.86
4667,2023-03-09,南投縣,集集鎮,3,2672,2.71
5379,2023-03-07,南投縣,集集鎮,4,2669,3.00
5743,2023-03-06,南投縣,集集鎮,8,2665,2.71
6094,2023-03-05,南投縣,集集鎮,1,2657,2.29
6440,2023-03-04,南投縣,集集鎮,3,2656,2.14
7158,2023-03-02,南投縣,集集鎮,3,2653,2.43
7524,2023-03-01,南投縣,集集鎮,2,2650,2.29
7893,2023-02-28,南投縣,集集鎮,2,2648,2.14
8255,2023-02-27,南投縣,集集鎮,5,2646,2.29
8965,2023-02-25,南投縣,集集鎮,2,2641,3.00
9328,2023-02-24,南投縣,集集鎮,3,2639,4.00
9694,2023-02-23,南投縣,集集鎮,2,2636,4.00
10068,2023-02-22,南投縣,集集鎮,1,2634,4.57
10440,2023-02-21,南投縣,集集鎮,3,2633,5.00
10813,2023-02-20,南投縣,集集鎮,9,2630,5.86
11176,2023-02-19,南投縣,集集鎮,1,2621,5.43
11544,2023-02-18,南投縣,集集鎮,9,2620,5.43
11916,2023-02-17,南投縣,集集鎮,3,2611,4.43
12288,2023-02-16,南投縣,集集鎮,6,2608,4.43
12662,2023-02-15,南投縣,集集鎮,4,2602,4.71
13037,2023-02-14,南投縣,集集鎮,9,2598,5.71
13411,2023-02-13,南投縣,集集鎮,6,2589,6.00
13779,2023-02-12,南投縣,集集鎮,1,2583,6.71
14147,2023-02-11,南投縣,集集鎮,2,2582,6.86
14514,2023-02-10,南投縣,集集鎮,3,2580,7.71
14888,2023-02-09,南投縣,集集鎮,8,2577,8.57
15267,2023-02-08,南投縣,集集鎮,11,2569,8.14
15648,2023-02-07,南投縣,集集鎮,11,2558,8.14
16028,2023-02-06,南投縣,集集鎮,11,2547,7.43
16401,2023-02-05,南投縣,集集鎮,2,2536,7.57
16777,2023-02-04,南投縣,集集鎮,8,2534,7.57
17157,2023-02-03,南投縣,集集鎮,9,2526,7.86
17544,2023-02-02,南投縣,集集鎮,5,2517,7.71
17923,2023-02-01,南投縣,集集鎮,11,2512,8.14
18306,2023-01-31,南投縣,集集鎮,6,2501,7.00
18691,2023-01-30,南投縣,集集鎮,12,2495,6.71
19075,2023-01-29,南投縣,集集鎮,2,2483,5.29
19453,2023-01-28,南投縣,集集鎮,10,2481,5.29
19830,2023-01-27,南投縣,集集鎮,8,2471,4.86
20207,2023-01-26,南投縣,集集鎮,8,2463,4.86
20579,2023-01-25,南投縣,集集鎮,3,2455,4.57
20949,2023-01-24,南投縣,集集鎮,4,2452,4.71
21316,2023-01-23,南投縣,集集鎮,2,2448,5.14
21686,2023-01-22,南投縣,集集鎮,2,2446,6.57
22055,2023-01-21,南投縣,集集鎮,7,2444,6.71
22423,2023-01-20,南投縣,集集鎮,8,2437,6.86
22790,2023-01-19,南投縣,集集鎮,6,2429,6.14
23162,2023-01-18,南投縣,集集鎮,4,2423,6.43
23528,2023-01-17,南投縣,集集鎮,7,2419,6.14
23900,2023-01-16,南投縣,集集鎮,12,2412,6.29
24272,2023-01-15,南投縣,集集鎮,3,2400,5.86
24638,2023-01-14,南投縣,集集鎮,8,2397,6.29
25007,2023-01-13,南投縣,集集鎮,3,2389,6.43
25380,2023-01-12,南投縣,集集鎮,8,2386,7.14
25753,2023-01-11,南投縣,集集鎮,2,2378,7.57
26128,2023-01-10,南投縣,集集鎮,8,2376,8.29
26504,2023-01-09,南投縣,集集鎮,9,2368,9.00
26871,2023-01-08,南投縣,集集鎮,6,2359,8.43
27235,2023-01-07,南投縣,集集鎮,9,2353,8.14
27607,2023-01-06,南投縣,集集鎮,8,2344,7.14
27988,2023-01-05,南投縣,集集鎮,11,2336,7.29
28368,2023-01-04,南投縣,集集鎮,7,2325,6.29
28750,2023-01-03,南投縣,集集鎮,13,2318,6.57
29126,2023-01-02,南投縣,集集鎮,5,2305,5.43
29493,2023-01-01,南投縣,集集鎮,4,2300,6.00
29858,2022-12-31,南投縣,集集鎮,2,2296,5.86
30224,2022-12-30,南投縣,集集鎮,9,2294,6.29
30597,2022-12-29,南投縣,集集鎮,4,2285,6.14
30970,2022-12-28,南投縣,集集鎮,9,2281,6.71
31344,2022-12-27,南投縣,集集鎮,5,2272,5.71
31717,2022-12-26,南投縣,集集鎮,9,2267,5.29
32078,2022-12-25,南投縣,集集鎮,3,2258,4.86
32439,2022-12-24,南投縣,集集鎮,5,2255,4.57
32798,2022-12-23,南投縣,集集鎮,8,2250,4.43
33165,2022-12-22,南投縣,集集鎮,8,2242,3.57
33534,2022-12-21,南投縣,集集鎮,2,2234,3.29
33899,2022-12-20,南投縣,集集鎮,2,2232,3.43
34266,2022-12-19,南投縣,集集鎮,6,2230,4.14
34622,2022-12-18,南投縣,集集鎮,1,2224,4.57
34981,2022-12-17,南投縣,集集鎮,4,2223,4.57
35346,2022-12-16,南投縣,集集鎮,2,2219,4.14
35710,2022-12-15,南投縣,集集鎮,6,2217,4.29
36072,2022-12-14,南投縣,集集鎮,3,2211,4.14
36441,2022-12-13,南投縣,集集鎮,7,2208,4.71
36818,2022-12-12,南投縣,集集鎮,9,2201,3.86
37171,2022-12-11,南投縣,集集鎮,1,2192,3.00
37537,2022-12-10,南投縣,集集鎮,1,2191,3.29
37905,2022-12-09,南投縣,集集鎮,3,2190,3.86
38274,2022-12-08,南投縣,集集鎮,5,2187,4.00
38649,2022-12-07,南投縣,集集鎮,7,2182,3.29
39013,2022-12-06,南投縣,集集鎮,1,2175,2.86
39390,2022-12-05,南投縣,集集鎮,3,2174,2.86
39763,2022-12-04,南投縣,集集鎮,3,2171,3.57
40132,2022-12-03,南投縣,集集鎮,5,2168,3.57
40500,2022-12-02,南投縣,集集鎮,4,2163,3.14
41241,2022-11-30,南投縣,集集鎮,4,2159,3.71
41615,2022-11-29,南投縣,集集鎮,1,2155,3.86
41995,2022-11-28,南投縣,集集鎮,8,2154,4.14
42366,2022-11-27,南投縣,集集鎮,3,2146,4.14
42719,2022-11-26,南投縣,集集鎮,2,2143,4.29
43086,2022-11-25,南投縣,集集鎮,4,2141,4.43
43457,2022-11-24,南投縣,集集鎮,4,2137,4.86
43824,2022-11-23,南投縣,集集鎮,5,2133,5.43
44200,2022-11-22,南投縣,集集鎮,3,2128,6.14
44578,2022-11-21,南投縣,集集鎮,8,2125,7.71
44950,2022-11-20,南投縣,集集鎮,4,2117,7.43
45319,2022-11-19,南投縣,集集鎮,3,2113,7.00
45690,2022-11-18,南投縣,集集鎮,7,2110,7.71
46062,2022-11-17,南投縣,集集鎮,8,2103,7.29
46439,2022-11-16,南投縣,集集鎮,10,2095,6.71
46821,2022-11-15,南投縣,集集鎮,14,2085,5.86
47201,2022-11-14,南投縣,集集鎮,6,2071,4.14
47576,2022-11-13,南投縣,集集鎮,1,2065,3.86
47948,2022-11-12,南投縣,集集鎮,8,2064,3.86
48328,2022-11-11,南投縣,集集鎮,4,2056,3.43
48709,2022-11-10,南投縣,集集鎮,4,2052,3.29
49092,2022-11-09,南投縣,集集鎮,4,2048,3.86
49478,2022-11-08,南投縣,集集鎮,2,2044,5.57
49862,2022-11-07,南投縣,集集鎮,4,2042,7.43
50236,2022-11-06,南投縣,集集鎮,1,2038,8.57
50609,2022-11-05,南投縣,集集鎮,5,2037,9.14
50994,2022-11-04,南投縣,集集鎮,3,2032,10.14
51377,2022-11-03,南投縣,集集鎮,8,2029,12.00
51757,2022-11-02,南投縣,集集鎮,16,2021,12.29
52145,2022-11-01,南投縣,集集鎮,15,2005,11.86
52527,2022-10-31,南投縣,集集鎮,12,1990,11.43
52908,2022-10-30,南投縣,集集鎮,5,1978,12.14
53288,2022-10-29,南投縣,集集鎮,12,1973,12.43
53671,2022-10-28,南投縣,集集鎮,16,1961,12.00
54057,2022-10-27,南投縣,集集鎮,10,1945,10.43
54441,2022-10-26,南投縣,集集鎮,13,1935,11.43
54829,2022-10-25,南投縣,集集鎮,12,1922,10.43
55219,2022-10-24,南投縣,集集鎮,17,1910,10.71
55602,2022-10-23,南投縣,集集鎮,7,1893,11.71
55985,2022-10-22,南投縣,集集鎮,9,1886,11.43
56372,2022-10-21,南投縣,集集鎮,5,1877,12.57
56758,2022-10-20,南投縣,集集鎮,17,1872,13.71
57145,2022-10-19,南投縣,集集鎮,6,1855,13.71
57533,2022-10-18,南投縣,集集鎮,14,1849,14.14
57923,2022-10-17,南投縣,集集鎮,24,1835,14.71
58311,2022-10-16,南投縣,集集鎮,5,1811,13.71
58697,2022-10-15,南投縣,集集鎮,17,1806,14.29
59083,2022-10-14,南投縣,集集鎮,13,1789,13.14
59472,2022-10-13,南投縣,集集鎮,17,1776,13.29
59863,2022-10-12,南投縣,集集鎮,9,1759,13.14
60253,2022-10-11,南投縣,集集鎮,18,1750,14.86
60643,2022-10-10,南投縣,集集鎮,17,1732,13.29
61025,2022-10-09,南投縣,集集鎮,9,1715,12.43
61414,2022-10-08,南投縣,集集鎮,9,1706,11.57
61804,2022-10-07,南投縣,集集鎮,14,1697,11.29
62191,2022-10-06,南投縣,集集鎮,16,1683,11.00
62581,2022-10-05,南投縣,集集鎮,21,1667,10.71
62968,2022-10-04,南投縣,集集鎮,7,1646,8.86
63357,2022-10-03,南投縣,集集鎮,11,1639,10.86
63746,2022-10-02,南投縣,集集鎮,3,1628,12.00
64129,2022-10-01,南投縣,集集鎮,7,1625,12.71
64514,2022-09-30,南投縣,集集鎮,12,1618,14.29
64900,2022-09-29,南投縣,集集鎮,14,1606,13.57
65288,2022-09-28,南投縣,集集鎮,8,1592,13.14
65676,2022-09-27,南投縣,集集鎮,21,1584,14.86
66062,2022-09-26,南投縣,集集鎮,19,1563,14.29
66449,2022-09-25,南投縣,集集鎮,8,1544,16.57
66832,2022-09-24,南投縣,集集鎮,18,1536,16.57
67219,2022-09-23,南投縣,集集鎮,7,1518,16.71
67606,2022-09-22,南投縣,集集鎮,11,1511,18.00
67995,2022-09-21,南投縣,集集鎮,20,1500,18.57
68383,2022-09-20,南投縣,集集鎮,17,1480,18.00
68774,2022-09-19,南投縣,集集鎮,35,1463,18.14
69162,2022-09-18,南投縣,集集鎮,8,1428,14.86
69546,2022-09-17,南投縣,集集鎮,19,1420,15.00
69933,2022-09-16,南投縣,集集鎮,16,1401,13.43
70318,2022-09-15,南投縣,集集鎮,15,1385,12.14
70704,2022-09-14,南投縣,集集鎮,16,1370,10.86
71091,2022-09-13,南投縣,集集鎮,18,1354,9.29
71481,2022-09-12,南投縣,集集鎮,12,1336,8.29
71867,2022-09-11,南投縣,集集鎮,9,1324,7.71
72250,2022-09-10,南投縣,集集鎮,8,1315,7.29
72631,2022-09-09,南投縣,集集鎮,7,1307,7.86
73015,2022-09-08,南投縣,集集鎮,6,1300,9.00
73401,2022-09-07,南投縣,集集鎮,5,1294,10.00
73785,2022-09-06,南投縣,集集鎮,11,1289,10.00
74173,2022-09-05,南投縣,集集鎮,8,1278,9.29
74557,2022-09-04,南投縣,集集鎮,6,1270,9.29
74941,2022-09-03,南投縣,集集鎮,12,1264,8.71
75328,2022-09-02,南投縣,集集鎮,15,1252,7.57
75715,2022-09-01,南投縣,集集鎮,13,1237,5.86
76103,2022-08-31,南投縣,集集鎮,5,1224,4.29
76491,2022-08-30,南投縣,集集鎮,6,1219,4.57
76879,2022-08-29,南投縣,集集鎮,8,1213,5.14
77265,2022-08-28,南投縣,集集鎮,2,1205,5.43
77651,2022-08-27,南投縣,集集鎮,4,1203,5.86
78037,2022-08-26,南投縣,集集鎮,3,1199,5.86
78421,2022-08-25,南投縣,集集鎮,2,1196,6.57
78806,2022-08-24,南投縣,集集鎮,7,1194,6.86
79193,2022-08-23,南投縣,集集鎮,10,1187,7.14
79578,2022-08-22,南投縣,集集鎮,10,1177,7.71
79960,2022-08-21,南投縣,集集鎮,5,1167,8.43
80341,2022-08-20,南投縣,集集鎮,4,1162,8.29
80725,2022-08-19,南投縣,集集鎮,8,1158,8.29
81112,2022-08-18,南投縣,集集鎮,4,1150,8.00
81501,2022-08-17,南投縣,集集鎮,9,1146,9.29
81886,2022-08-16,南投縣,集集鎮,14,1137,8.43
82273,2022-08-15,南投縣,集集鎮,15,1123,7.14
82654,2022-08-14,南投縣,集集鎮,4,1108,6.57
83032,2022-08-13,南投縣,集集鎮,4,1104,6.29
83414,2022-08-12,南投縣,集集鎮,6,1100,6.29
83799,2022-08-11,南投縣,集集鎮,13,1094,7.43
84186,2022-08-10,南投縣,集集鎮,3,1081,7.29
84569,2022-08-09,南投縣,集集鎮,5,1078,8.14
84955,2022-08-08,南投縣,集集鎮,11,1073,9.14
85333,2022-08-07,南投縣,集集鎮,2,1062,8.43
85709,2022-08-06,南投縣,集集鎮,4,1060,9.00
86092,2022-08-05,南投縣,集集鎮,14,1056,8.86
86479,2022-08-04,南投縣,集集鎮,12,1042,8.00
86863,2022-08-03,南投縣,集集鎮,9,1030,7.71
87246,2022-08-02,南投縣,集集鎮,12,1021,7.57
87633,2022-08-01,南投縣,集集鎮,6,1009,7.29
88014,2022-07-31,南投縣,集集鎮,6,1003,8.86
88391,2022-07-30,南投縣,集集鎮,3,997,8.29
88774,2022-07-29,南投縣,集集鎮,8,994,8.57
89158,2022-07-28,南投縣,集集鎮,10,986,8.00
89547,2022-07-27,南投縣,集集鎮,8,976,7.71
89935,2022-07-26,南投縣,集集鎮,10,968,7.29
90323,2022-07-25,南投縣,集集鎮,17,958,7.29
90702,2022-07-24,南投縣,集集鎮,2,941,6.71
91084,2022-07-23,南投縣,集集鎮,5,939,6.57
91469,2022-07-22,南投縣,集集鎮,4,934,6.86
91856,2022-07-21,南投縣,集集鎮,8,930,8.29
92238,2022-07-20,南投縣,集集鎮,5,922,8.57
92627,2022-07-19,南投縣,集集鎮,10,917,9.43
93016,2022-07-18,南投縣,集集鎮,13,907,9.00
93400,2022-07-17,南投縣,集集鎮,1,894,9.00
93781,2022-07-16,南投縣,集集鎮,7,893,9.43
94169,2022-07-15,南投縣,集集鎮,14,886,9.43
94556,2022-07-14,南投縣,集集鎮,10,872,9.29
94944,2022-07-13,南投縣,集集鎮,11,862,9.71
95332,2022-07-12,南投縣,集集鎮,7,851,9.71
95720,2022-07-11,南投縣,集集鎮,13,844,9.29
96106,2022-07-10,南投縣,集集鎮,4,831,8.57
96493,2022-07-09,南投縣,集集鎮,7,827,8.29
96880,2022-07-08,南投縣,集集鎮,13,820,8.86
97271,2022-07-07,南投縣,集集鎮,13,807,8.14
97660,2022-07-06,南投縣,集集鎮,11,794,8.29
98050,2022-07-05,南投縣,集集鎮,4,783,8.14
98439,2022-07-04,南投縣,集集鎮,8,779,9.71
98829,2022-07-03,南投縣,集集鎮,2,771,11.57
99211,2022-07-02,南投縣,集集鎮,11,769,12.71
99602,2022-07-01,南投縣,集集鎮,8,758,14.00
99994,2022-06-30,南投縣,集集鎮,14,750,14.00
100385,2022-06-29,南投縣,集集鎮,10,736,15.57
100775,2022-06-28,南投縣,集集鎮,15,726,17.57
101166,2022-06-27,南投縣,集集鎮,21,711,18.43
101552,2022-06-26,南投縣,集集鎮,10,690,18.86
101939,2022-06-25,南投縣,集集鎮,20,680,18.43
102328,2022-06-24,南投縣,集集鎮,8,660,18.43
102720,2022-06-23,南投縣,集集鎮,25,652,18.00
103113,2022-06-22,南投縣,集集鎮,24,627,16.57
103502,2022-06-21,南投縣,集集鎮,21,603,17.00
103894,2022-06-20,南投縣,集集鎮,24,582,17.00
104284,2022-06-19,南投縣,集集鎮,7,558,18.00
104675,2022-06-18,南投縣,集集鎮,20,551,18.00
105066,2022-06-17,南投縣,集集鎮,5,531,17.86
105456,2022-06-16,南投縣,集集鎮,15,526,18.00
105846,2022-06-15,南投縣,集集鎮,27,511,18.00
106236,2022-06-14,南投縣,集集鎮,21,484,17.00
106628,2022-06-13,南投縣,集集鎮,31,463,16.43
107018,2022-06-12,南投縣,集集鎮,7,432,16.14
107405,2022-06-11,南投縣,集集鎮,19,425,16.29
107797,2022-06-10,南投縣,集集鎮,6,406,16.00
108186,2022-06-09,南投縣,集集鎮,15,400,16.43
108575,2022-06-08,南投縣,集集鎮,20,385,15.71
108965,2022-06-07,南投縣,集集鎮,17,365,14.29
109357,2022-06-06,南投縣,集集鎮,29,348,14.57
109747,2022-06-05,南投縣,集集鎮,8,319,13.43
110136,2022-06-04,南投縣,集集鎮,17,311,12.86
110526,2022-06-03,南投縣,集集鎮,9,294,12.14
110917,2022-06-02,南投縣,集集鎮,10,285,12.29
111307,2022-06-01,南投縣,集集鎮,10,275,13.00
111699,2022-05-31,南投縣,集集鎮,19,265,13.86
112090,2022-05-30,南投縣,集集鎮,21,246,12.57
112481,2022-05-29,南投縣,集集鎮,4,225,11.57
112871,2022-05-28,南投縣,集集鎮,12,221,11.86
113262,2022-05-27,南投縣,集集鎮,10,209,12.14
113652,2022-05-26,南投縣,集集鎮,15,199,13.00
114043,2022-05-25,南投縣,集集鎮,16,184,12.57
114433,2022-05-24,南投縣,集集鎮,10,168,11.71
114825,2022-05-23,南投縣,集集鎮,14,158,11.71
115216,2022-05-22,南投縣,集集鎮,6,144,10.86
115607,2022-05-21,南投縣,集集鎮,14,138,11.14
115992,2022-05-20,南投縣,集集鎮,16,124,10.00
116380,2022-05-19,南投縣,集集鎮,12,108,8.43
116768,2022-05-18,南投縣,集集鎮,10,96,8.00
117159,2022-05-17,南投縣,集集鎮,10,86,7.14
117547,2022-05-16,南投縣,集集鎮,8,76,6.71
117935,2022-05-15,南投縣,集集鎮,8,68,5.71
118319,2022-05-14,南投縣,集集鎮,6,60,5.00
118704,2022-05-13,南投縣,集集鎮,5,54,5.29
119092,2022-05-12,南投縣,集集鎮,9,49,5.29
119474,2022-05-11,南投縣,集集鎮,4,40,4.57
119861,2022-05-10,南投縣,集集鎮,7,36,4.29
120243,2022-05-09,南投縣,集集鎮,1,29,3.57
120623,2022-05-08,南投縣,集集鎮,3,28,3.57
121008,2022-05-07,南投縣,集集鎮,8,25,3.14
121386,2022-05-06,南投縣,集集鎮,5,17,2.14
121759,2022-05-05,南投縣,集集鎮,4,12,1.43
122125,2022-05-04,南投縣,集集鎮,2,8,0.86
122487,2022-05-03,南投縣,集集鎮,2,6,0.57
122842,2022-05-02,南投縣,集集鎮,1,4,0.29
123519,2022-04-30,南投縣,集集鎮,1,3,0.14
125776,2022-04-22,南投縣,集集鎮,1,2,0.29
126619,2022-04-18,南投縣,集集鎮,1,1,0.14
