UID,個案研判日,縣市別,區域,新增確診人數,累計確診人數,七天移動平均新增確診人數
583,2023-03-21,南投縣,水里鄉,1,4208,2.71
852,2023-03-20,南投縣,水里鄉,2,4207,2.57
1177,2023-03-19,南投縣,水里鄉,3,4205,3.00
1510,2023-03-18,南投縣,水里鄉,5,4202,2.57
1864,2023-03-17,南投縣,水里鄉,4,4197,2.00
2210,2023-03-16,南投縣,水里鄉,2,4193,2.29
2563,2023-03-15,南投縣,水里鄉,2,4191,3.00
3278,2023-03-13,南投縣,水里鄉,5,4189,3.43
3981,2023-03-11,南投縣,水里鄉,1,4184,3.29
4334,2023-03-10,南投縣,水里鄉,6,4183,4.29
4686,2023-03-09,南投縣,水里鄉,7,4177,3.86
5045,2023-03-08,南投縣,水里鄉,1,4170,4.29
5400,2023-03-07,南投縣,水里鄉,4,4169,5.29
5767,2023-03-06,南投縣,水里鄉,3,4165,4.86
6111,2023-03-05,南投縣,水里鄉,1,4162,5.86
6462,2023-03-04,南投縣,水里鄉,8,4161,5.86
6816,2023-03-03,南投縣,水里鄉,3,4153,6.00
7181,2023-03-02,南投縣,水里鄉,10,4150,6.00
7546,2023-03-01,南投縣,水里鄉,8,4140,5.43
7915,2023-02-28,南投縣,水里鄉,1,4132,4.86
8275,2023-02-27,南投縣,水里鄉,10,4131,5.43
8623,2023-02-26,南投縣,水里鄉,1,4121,4.14
8987,2023-02-25,南投縣,水里鄉,9,4120,4.29
9350,2023-02-24,南投縣,水里鄉,3,4111,3.43
9717,2023-02-23,南投縣,水里鄉,6,4108,3.57
10092,2023-02-22,南投縣,水里鄉,4,4102,3.29
10463,2023-02-21,南投縣,水里鄉,5,4098,3.43
10836,2023-02-20,南投縣,水里鄉,1,4093,3.29
11198,2023-02-19,南投縣,水里鄉,2,4092,4.71
11566,2023-02-18,南投縣,水里鄉,3,4090,4.71
11938,2023-02-17,南投縣,水里鄉,4,4087,5.57
12312,2023-02-16,南投縣,水里鄉,4,4083,5.14
12684,2023-02-15,南投縣,水里鄉,5,4079,5.29
13059,2023-02-14,南投縣,水里鄉,4,4074,5.00
13435,2023-02-13,南投縣,水里鄉,11,4070,5.57
13801,2023-02-12,南投縣,水里鄉,2,4059,5.29
14170,2023-02-11,南投縣,水里鄉,9,4057,5.14
14537,2023-02-10,南投縣,水里鄉,1,4048,5.00
14912,2023-02-09,南投縣,水里鄉,5,4047,6.71
15291,2023-02-08,南投縣,水里鄉,3,4042,7.29
15672,2023-02-07,南投縣,水里鄉,8,4039,8.29
16051,2023-02-06,南投縣,水里鄉,9,4031,8.14
16424,2023-02-05,南投縣,水里鄉,1,4022,8.00
16801,2023-02-04,南投縣,水里鄉,8,4021,8.43
17181,2023-02-03,南投縣,水里鄉,13,4013,8.00
17567,2023-02-02,南投縣,水里鄉,9,4000,7.29
17947,2023-02-01,南投縣,水里鄉,10,3991,8.14
18330,2023-01-31,南投縣,水里鄉,7,3981,8.43
18715,2023-01-30,南投縣,水里鄉,8,3974,8.71
19099,2023-01-29,南投縣,水里鄉,4,3966,8.43
19477,2023-01-28,南投縣,水里鄉,5,3962,8.57
19853,2023-01-27,南投縣,水里鄉,8,3957,8.86
20230,2023-01-26,南投縣,水里鄉,15,3949,8.71
20602,2023-01-25,南投縣,水里鄉,12,3934,7.29
20971,2023-01-24,南投縣,水里鄉,9,3922,6.43
21339,2023-01-23,南投縣,水里鄉,6,3913,6.14
21708,2023-01-22,南投縣,水里鄉,5,3907,6.57
22078,2023-01-21,南投縣,水里鄉,7,3902,6.57
22445,2023-01-20,南投縣,水里鄉,7,3895,6.57
22813,2023-01-19,南投縣,水里鄉,5,3888,7.00
23185,2023-01-18,南投縣,水里鄉,6,3883,7.29
23551,2023-01-17,南投縣,水里鄉,7,3877,7.29
23924,2023-01-16,南投縣,水里鄉,9,3870,6.71
24296,2023-01-15,南投縣,水里鄉,5,3861,7.14
24662,2023-01-14,南投縣,水里鄉,7,3856,7.00
25030,2023-01-13,南投縣,水里鄉,10,3849,7.00
25404,2023-01-12,南投縣,水里鄉,7,3839,6.57
25777,2023-01-11,南投縣,水里鄉,6,3832,6.43
26151,2023-01-10,南投縣,水里鄉,3,3826,6.14
26528,2023-01-09,南投縣,水里鄉,12,3823,7.00
26894,2023-01-08,南投縣,水里鄉,4,3811,6.57
27259,2023-01-07,南投縣,水里鄉,7,3807,6.29
27631,2023-01-06,南投縣,水里鄉,7,3800,5.86
28012,2023-01-05,南投縣,水里鄉,6,3793,5.29
28392,2023-01-04,南投縣,水里鄉,4,3787,6.00
28773,2023-01-03,南投縣,水里鄉,9,3783,5.86
29148,2023-01-02,南投縣,水里鄉,9,3774,5.14
29514,2023-01-01,南投縣,水里鄉,2,3765,4.86
29881,2022-12-31,南投縣,水里鄉,4,3763,4.71
30248,2022-12-30,南投縣,水里鄉,3,3759,4.71
30620,2022-12-29,南投縣,水里鄉,11,3756,6.00
30992,2022-12-28,南投縣,水里鄉,3,3745,5.14
31367,2022-12-27,南投縣,水里鄉,4,3742,5.29
31741,2022-12-26,南投縣,水里鄉,7,3738,5.71
32099,2022-12-25,南投縣,水里鄉,1,3731,5.14
32459,2022-12-24,南投縣,水里鄉,4,3730,5.71
32819,2022-12-23,南投縣,水里鄉,12,3726,5.57
33186,2022-12-22,南投縣,水里鄉,5,3714,4.71
33557,2022-12-21,南投縣,水里鄉,4,3709,4.71
33922,2022-12-20,南投縣,水里鄉,7,3705,5.00
34289,2022-12-19,南投縣,水里鄉,3,3698,5.29
34643,2022-12-18,南投縣,水里鄉,5,3695,6.29
35004,2022-12-17,南投縣,水里鄉,3,3690,6.00
35367,2022-12-16,南投縣,水里鄉,6,3687,6.29
35733,2022-12-15,南投縣,水里鄉,5,3681,5.86
36093,2022-12-14,南投縣,水里鄉,6,3676,5.86
36464,2022-12-13,南投縣,水里鄉,9,3670,5.86
36841,2022-12-12,南投縣,水里鄉,10,3661,5.71
37193,2022-12-11,南投縣,水里鄉,3,3651,5.00
37560,2022-12-10,南投縣,水里鄉,5,3648,4.57
37926,2022-12-09,南投縣,水里鄉,3,3643,4.29
38297,2022-12-08,南投縣,水里鄉,5,3640,4.71
38670,2022-12-07,南投縣,水里鄉,6,3635,5.14
39037,2022-12-06,南投縣,水里鄉,8,3629,5.14
39414,2022-12-05,南投縣,水里鄉,5,3621,4.57
40155,2022-12-03,南投縣,水里鄉,3,3616,6.43
40523,2022-12-02,南投縣,水里鄉,6,3613,6.29
40890,2022-12-01,南投縣,水里鄉,8,3607,6.43
41263,2022-11-30,南投縣,水里鄉,6,3599,5.71
41639,2022-11-29,南投縣,水里鄉,4,3593,6.29
42018,2022-11-28,南投縣,水里鄉,14,3589,6.43
42387,2022-11-27,南投縣,水里鄉,4,3575,6.14
42740,2022-11-26,南投縣,水里鄉,2,3571,5.57
43110,2022-11-25,南投縣,水里鄉,7,3569,6.57
43480,2022-11-24,南投縣,水里鄉,3,3562,6.71
43848,2022-11-23,南投縣,水里鄉,10,3559,7.00
44223,2022-11-22,南投縣,水里鄉,5,3549,8.00
44601,2022-11-21,南投縣,水里鄉,12,3544,9.14
45342,2022-11-19,南投縣,水里鄉,9,3532,9.71
45712,2022-11-18,南投縣,水里鄉,8,3523,9.57
46085,2022-11-17,南投縣,水里鄉,5,3515,9.14
46463,2022-11-16,南投縣,水里鄉,17,3510,10.14
46844,2022-11-15,南投縣,水里鄉,13,3493,8.14
47223,2022-11-14,南投縣,水里鄉,13,3480,8.14
47599,2022-11-13,南投縣,水里鄉,3,3467,7.71
47972,2022-11-12,南投縣,水里鄉,8,3464,7.57
48352,2022-11-11,南投縣,水里鄉,5,3456,8.43
48733,2022-11-10,南投縣,水里鄉,12,3451,8.29
49116,2022-11-09,南投縣,水里鄉,3,3439,7.43
49502,2022-11-08,南投縣,水里鄉,13,3436,8.43
49886,2022-11-07,南投縣,水里鄉,10,3423,9.57
50259,2022-11-06,南投縣,水里鄉,2,3413,10.14
50633,2022-11-05,南投縣,水里鄉,14,3411,10.71
51015,2022-11-04,南投縣,水里鄉,4,3397,11.71
51400,2022-11-03,南投縣,水里鄉,6,3393,13.14
51781,2022-11-02,南投縣,水里鄉,10,3387,14.71
52169,2022-11-01,南投縣,水里鄉,21,3377,15.71
52550,2022-10-31,南投縣,水里鄉,14,3356,15.00
52932,2022-10-30,南投縣,水里鄉,6,3342,16.00
53311,2022-10-29,南投縣,水里鄉,21,3336,15.86
53695,2022-10-28,南投縣,水里鄉,14,3315,13.86
54081,2022-10-27,南投縣,水里鄉,17,3301,14.14
54465,2022-10-26,南投縣,水里鄉,17,3284,15.57
54853,2022-10-25,南投縣,水里鄉,16,3267,13.86
55243,2022-10-24,南投縣,水里鄉,21,3251,13.57
55625,2022-10-23,南投縣,水里鄉,5,3230,13.57
56008,2022-10-22,南投縣,水里鄉,7,3225,13.86
56396,2022-10-21,南投縣,水里鄉,16,3218,14.57
56782,2022-10-20,南投縣,水里鄉,27,3202,14.71
57169,2022-10-19,南投縣,水里鄉,5,3175,14.00
57557,2022-10-18,南投縣,水里鄉,14,3170,15.00
57947,2022-10-17,南投縣,水里鄉,21,3156,15.86
58335,2022-10-16,南投縣,水里鄉,7,3135,15.86
58721,2022-10-15,南投縣,水里鄉,12,3128,15.43
59107,2022-10-14,南投縣,水里鄉,17,3116,16.43
59496,2022-10-13,南投縣,水里鄉,22,3099,16.86
59887,2022-10-12,南投縣,水里鄉,12,3077,17.43
60277,2022-10-11,南投縣,水里鄉,20,3065,18.14
60667,2022-10-10,南投縣,水里鄉,21,3045,18.57
61048,2022-10-09,南投縣,水里鄉,4,3024,18.57
61438,2022-10-08,南投縣,水里鄉,19,3020,19.00
61828,2022-10-07,南投縣,水里鄉,20,3001,19.86
62215,2022-10-06,南投縣,水里鄉,26,2981,19.43
62605,2022-10-05,南投縣,水里鄉,17,2955,18.86
62992,2022-10-04,南投縣,水里鄉,23,2938,18.71
63381,2022-10-03,南投縣,水里鄉,21,2915,18.14
63770,2022-10-02,南投縣,水里鄉,7,2894,20.43
64153,2022-10-01,南投縣,水里鄉,25,2887,22.00
64538,2022-09-30,南投縣,水里鄉,17,2862,20.14
64924,2022-09-29,南投縣,水里鄉,22,2845,24.14
65312,2022-09-28,南投縣,水里鄉,16,2823,26.57
65700,2022-09-27,南投縣,水里鄉,19,2807,28.86
66086,2022-09-26,南投縣,水里鄉,37,2788,31.57
66473,2022-09-25,南投縣,水里鄉,18,2751,34.57
66856,2022-09-24,南投縣,水里鄉,12,2733,33.29
67243,2022-09-23,南投縣,水里鄉,45,2721,39.43
67630,2022-09-22,南投縣,水里鄉,39,2676,38.86
68019,2022-09-21,南投縣,水里鄉,32,2637,43.00
68407,2022-09-20,南投縣,水里鄉,38,2605,43.43
68798,2022-09-19,南投縣,水里鄉,58,2567,44.57
69185,2022-09-18,南投縣,水里鄉,9,2509,47.00
69570,2022-09-17,南投縣,水里鄉,55,2500,47.29
69957,2022-09-16,南投縣,水里鄉,41,2445,43.29
70342,2022-09-15,南投縣,水里鄉,68,2404,41.43
70727,2022-09-14,南投縣,水里鄉,35,2336,33.29
71115,2022-09-13,南投縣,水里鄉,46,2301,29.86
71505,2022-09-12,南投縣,水里鄉,75,2255,25.71
71891,2022-09-11,南投縣,水里鄉,11,2180,17.86
72273,2022-09-10,南投縣,水里鄉,27,2169,16.86
72654,2022-09-09,南投縣,水里鄉,28,2142,15.00
73039,2022-09-08,南投縣,水里鄉,11,2114,12.57
73425,2022-09-07,南投縣,水里鄉,11,2103,12.71
73809,2022-09-06,南投縣,水里鄉,17,2092,12.43
74196,2022-09-05,南投縣,水里鄉,20,2075,11.57
74581,2022-09-04,南投縣,水里鄉,4,2055,12.86
74965,2022-09-03,南投縣,水里鄉,14,2051,13.00
75351,2022-09-02,南投縣,水里鄉,11,2037,12.71
75739,2022-09-01,南投縣,水里鄉,12,2026,12.43
76126,2022-08-31,南投縣,水里鄉,9,2014,12.86
76515,2022-08-30,南投縣,水里鄉,11,2005,12.57
76903,2022-08-29,南投縣,水里鄉,29,1994,12.86
77288,2022-08-28,南投縣,水里鄉,5,1965,10.43
77675,2022-08-27,南投縣,水里鄉,12,1960,10.00
78060,2022-08-26,南投縣,水里鄉,9,1948,10.86
78445,2022-08-25,南投縣,水里鄉,15,1939,10.57
78830,2022-08-24,南投縣,水里鄉,7,1924,9.71
79217,2022-08-23,南投縣,水里鄉,13,1917,9.71
79602,2022-08-22,南投縣,水里鄉,12,1904,9.57
79983,2022-08-21,南投縣,水里鄉,2,1892,9.57
80364,2022-08-20,南投縣,水里鄉,18,1890,10.00
80749,2022-08-19,南投縣,水里鄉,7,1872,8.86
81136,2022-08-18,南投縣,水里鄉,9,1865,10.00
81524,2022-08-17,南投縣,水里鄉,7,1856,11.43
81910,2022-08-16,南投縣,水里鄉,12,1849,11.57
82297,2022-08-15,南投縣,水里鄉,12,1837,12.43
82678,2022-08-14,南投縣,水里鄉,5,1825,12.86
83056,2022-08-13,南投縣,水里鄉,10,1820,13.29
83438,2022-08-12,南投縣,水里鄉,15,1810,13.00
83823,2022-08-11,南投縣,水里鄉,19,1795,12.71
84210,2022-08-10,南投縣,水里鄉,8,1776,12.71
84593,2022-08-09,南投縣,水里鄉,18,1768,14.43
84979,2022-08-08,南投縣,水里鄉,15,1750,13.71
85356,2022-08-07,南投縣,水里鄉,8,1735,14.71
85732,2022-08-06,南投縣,水里鄉,8,1727,15.00
86116,2022-08-05,南投縣,水里鄉,13,1719,16.71
86502,2022-08-04,南投縣,水里鄉,19,1706,15.86
86886,2022-08-03,南投縣,水里鄉,20,1687,15.86
87270,2022-08-02,南投縣,水里鄉,13,1667,14.57
87657,2022-08-01,南投縣,水里鄉,22,1654,14.86
88037,2022-07-31,南投縣,水里鄉,10,1632,13.57
88414,2022-07-30,南投縣,水里鄉,20,1622,12.71
88797,2022-07-29,南投縣,水里鄉,7,1602,11.00
89182,2022-07-28,南投縣,水里鄉,19,1595,12.29
89571,2022-07-27,南投縣,水里鄉,11,1576,11.71
89959,2022-07-26,南投縣,水里鄉,15,1565,11.71
90347,2022-07-25,南投縣,水里鄉,13,1550,11.29
90725,2022-07-24,南投縣,水里鄉,4,1537,11.00
91108,2022-07-23,南投縣,水里鄉,8,1533,11.71
91492,2022-07-22,南投縣,水里鄉,16,1525,11.57
91880,2022-07-21,南投縣,水里鄉,15,1509,10.57
92262,2022-07-20,南投縣,水里鄉,11,1494,10.00
92651,2022-07-19,南投縣,水里鄉,12,1483,9.86
93040,2022-07-18,南投縣,水里鄉,11,1471,10.00
93424,2022-07-17,南投縣,水里鄉,9,1460,11.00
93805,2022-07-16,南投縣,水里鄉,7,1451,10.43
94193,2022-07-15,南投縣,水里鄉,9,1444,11.14
94579,2022-07-14,南投縣,水里鄉,11,1435,11.57
94968,2022-07-13,南投縣,水里鄉,10,1424,12.43
95356,2022-07-12,南投縣,水里鄉,13,1414,13.29
95744,2022-07-11,南投縣,水里鄉,18,1401,13.29
96129,2022-07-10,南投縣,水里鄉,5,1383,12.71
96516,2022-07-09,南投縣,水里鄉,12,1378,12.86
96904,2022-07-08,南投縣,水里鄉,12,1366,12.86
97295,2022-07-07,南投縣,水里鄉,17,1354,16.14
97684,2022-07-06,南投縣,水里鄉,16,1337,17.43
98074,2022-07-05,南投縣,水里鄉,13,1321,16.71
98463,2022-07-04,南投縣,水里鄉,14,1308,17.43
98852,2022-07-03,南投縣,水里鄉,6,1294,19.29
99234,2022-07-02,南投縣,水里鄉,12,1288,19.43
99626,2022-07-01,南投縣,水里鄉,35,1276,22.57
100018,2022-06-30,南投縣,水里鄉,26,1241,21.00
100409,2022-06-29,南投縣,水里鄉,11,1215,22.43
100799,2022-06-28,南投縣,水里鄉,18,1204,23.14
101190,2022-06-27,南投縣,水里鄉,27,1186,24.29
101575,2022-06-26,南投縣,水里鄉,7,1159,25.86
101962,2022-06-25,南投縣,水里鄉,34,1152,27.71
102352,2022-06-24,南投縣,水里鄉,24,1118,27.71
102744,2022-06-23,南投縣,水里鄉,36,1094,27.57
103137,2022-06-22,南投縣,水里鄉,16,1058,29.43
103526,2022-06-21,南投縣,水里鄉,26,1042,32.14
103918,2022-06-20,南投縣,水里鄉,38,1016,32.57
104308,2022-06-19,南投縣,水里鄉,20,978,32.43
104699,2022-06-18,南投縣,水里鄉,34,958,32.14
105090,2022-06-17,南投縣,水里鄉,23,924,33.14
105480,2022-06-16,南投縣,水里鄉,49,901,32.57
105870,2022-06-15,南投縣,水里鄉,35,852,30.14
106260,2022-06-14,南投縣,水里鄉,29,817,29.86
106652,2022-06-13,南投縣,水里鄉,37,788,31.00
107042,2022-06-12,南投縣,水里鄉,18,751,29.00
107429,2022-06-11,南投縣,水里鄉,41,733,30.57
107821,2022-06-10,南投縣,水里鄉,19,692,26.71
108210,2022-06-09,南投縣,水里鄉,32,673,26.57
108599,2022-06-08,南投縣,水里鄉,33,641,26.71
108989,2022-06-07,南投縣,水里鄉,37,608,24.86
109381,2022-06-06,南投縣,水里鄉,23,571,25.71
109771,2022-06-05,南投縣,水里鄉,29,548,29.29
110160,2022-06-04,南投縣,水里鄉,14,519,28.14
110550,2022-06-03,南投縣,水里鄉,18,505,28.86
110941,2022-06-02,南投縣,水里鄉,33,487,30.00
111331,2022-06-01,南投縣,水里鄉,20,454,28.00
111723,2022-05-31,南投縣,水里鄉,43,434,27.43
112114,2022-05-30,南投縣,水里鄉,48,391,26.29
112505,2022-05-29,南投縣,水里鄉,21,343,22.29
112895,2022-05-28,南投縣,水里鄉,19,322,21.43
113286,2022-05-27,南投縣,水里鄉,26,303,21.43
113676,2022-05-26,南投縣,水里鄉,19,277,21.57
114067,2022-05-25,南投縣,水里鄉,16,258,20.43
114457,2022-05-24,南投縣,水里鄉,35,242,20.00
114849,2022-05-23,南投縣,水里鄉,20,207,18.14
115240,2022-05-22,南投縣,水里鄉,15,187,17.00
115631,2022-05-21,南投縣,水里鄉,19,172,16.86
116016,2022-05-20,南投縣,水里鄉,27,153,14.57
116404,2022-05-19,南投縣,水里鄉,11,126,11.14
116792,2022-05-18,南投縣,水里鄉,13,115,10.00
117183,2022-05-17,南投縣,水里鄉,22,102,8.43
117571,2022-05-16,南投縣,水里鄉,12,80,6.29
117959,2022-05-15,南投縣,水里鄉,14,68,5.29
118343,2022-05-14,南投縣,水里鄉,3,54,4.29
118728,2022-05-13,南投縣,水里鄉,3,51,4.00
119116,2022-05-12,南投縣,水里鄉,3,48,4.43
119498,2022-05-11,南投縣,水里鄉,2,45,4.29
119885,2022-05-10,南投縣,水里鄉,7,43,4.86
120267,2022-05-09,南投縣,水里鄉,5,36,4.14
120647,2022-05-08,南投縣,水里鄉,7,31,3.57
121032,2022-05-07,南投縣,水里鄉,1,24,2.57
121409,2022-05-06,南投縣,水里鄉,6,23,2.71
121783,2022-05-05,南投縣,水里鄉,2,17,1.86
122147,2022-05-04,南投縣,水里鄉,6,15,1.71
122510,2022-05-03,南投縣,水里鄉,2,9,0.86
122864,2022-05-02,南投縣,水里鄉,1,7,0.57
123537,2022-04-30,南投縣,水里鄉,2,6,0.57
124173,2022-04-28,南投縣,水里鄉,1,4,0.57
125293,2022-04-24,南投縣,水里鄉,1,3,0.43
125538,2022-04-23,南投縣,水里鄉,1,2,0.29
125786,2022-04-22,南投縣,水里鄉,1,1,0.14
