UID,個案研判日,縣市別,區域,新增確診人數,累計確診人數,七天移動平均新增確診人數
579,2023-03-21,南投縣,信義鄉,2,5242,2.00
1150,2023-03-19,南投縣,信義鄉,1,5240,2.71
1483,2023-03-18,南投縣,信義鄉,1,5239,2.57
1836,2023-03-17,南投縣,信義鄉,3,5238,2.57
2183,2023-03-16,南投縣,信義鄉,3,5235,2.57
2536,2023-03-15,南投縣,信義鄉,4,5232,2.71
2889,2023-03-14,南投縣,信義鄉,5,5228,2.57
3247,2023-03-13,南投縣,信義鄉,2,5223,2.14
3952,2023-03-11,南投縣,信義鄉,1,5221,2.43
4302,2023-03-10,南投縣,信義鄉,3,5220,2.43
4658,2023-03-09,南投縣,信義鄉,4,5217,3.86
5016,2023-03-08,南投縣,信義鄉,3,5213,4.00
5370,2023-03-07,南投縣,信義鄉,2,5210,4.43
5735,2023-03-06,南投縣,信義鄉,4,5208,4.57
6432,2023-03-04,南投縣,信義鄉,1,5204,4.57
6788,2023-03-03,南投縣,信義鄉,13,5203,4.86
7150,2023-03-02,南投縣,信義鄉,5,5190,3.57
7515,2023-03-01,南投縣,信義鄉,6,5185,3.29
7885,2023-02-28,南投縣,信義鄉,3,5179,3.00
8246,2023-02-27,南投縣,信義鄉,2,5176,3.57
8592,2023-02-26,南投縣,信義鄉,2,5174,4.00
8955,2023-02-25,南投縣,信義鄉,3,5172,3.71
9319,2023-02-24,南投縣,信義鄉,4,5169,4.14
9685,2023-02-23,南投縣,信義鄉,3,5165,4.43
10057,2023-02-22,南投縣,信義鄉,4,5162,5.00
10430,2023-02-21,南投縣,信義鄉,7,5158,5.14
10803,2023-02-20,南投縣,信義鄉,5,5151,4.86
11535,2023-02-18,南投縣,信義鄉,6,5146,6.71
11905,2023-02-17,南投縣,信義鄉,6,5140,6.14
12278,2023-02-16,南投縣,信義鄉,7,5134,6.00
12653,2023-02-15,南投縣,信義鄉,5,5127,6.14
13028,2023-02-14,南投縣,信義鄉,5,5122,6.14
13400,2023-02-13,南投縣,信義鄉,7,5117,6.57
13771,2023-02-12,南投縣,信義鄉,11,5110,7.00
14136,2023-02-11,南投縣,信義鄉,2,5099,5.86
14505,2023-02-10,南投縣,信義鄉,5,5097,6.29
14877,2023-02-09,南投縣,信義鄉,8,5092,7.00
15259,2023-02-08,南投縣,信義鄉,5,5084,6.00
15638,2023-02-07,南投縣,信義鄉,8,5079,6.00
16018,2023-02-06,南投縣,信義鄉,10,5071,5.71
16392,2023-02-05,南投縣,信義鄉,3,5061,7.14
16766,2023-02-04,南投縣,信義鄉,5,5058,7.29
17146,2023-02-03,南投縣,信義鄉,10,5053,7.57
17533,2023-02-02,南投縣,信義鄉,1,5043,6.86
17913,2023-02-01,南投縣,信義鄉,5,5042,7.71
18295,2023-01-31,南投縣,信義鄉,6,5037,7.14
18680,2023-01-30,南投縣,信義鄉,20,5031,6.57
19065,2023-01-29,南投縣,信義鄉,4,5011,4.71
19443,2023-01-28,南投縣,信義鄉,7,5007,4.14
19819,2023-01-27,南投縣,信義鄉,5,5000,3.43
20197,2023-01-26,南投縣,信義鄉,7,4995,3.29
20568,2023-01-25,南投縣,信義鄉,1,4988,3.57
20938,2023-01-24,南投縣,信義鄉,2,4987,4.00
21306,2023-01-23,南投縣,信義鄉,7,4985,4.71
22044,2023-01-21,南投縣,信義鄉,2,4978,4.86
22414,2023-01-20,南投縣,信義鄉,4,4976,6.43
22781,2023-01-19,南投縣,信義鄉,9,4972,8.00
23154,2023-01-18,南投縣,信義鄉,4,4963,7.86
23519,2023-01-17,南投縣,信義鄉,7,4959,8.29
23889,2023-01-16,南投縣,信義鄉,7,4952,8.57
24263,2023-01-15,南投縣,信義鄉,1,4945,8.71
24629,2023-01-14,南投縣,信義鄉,13,4944,8.86
24997,2023-01-13,南投縣,信義鄉,15,4931,8.71
25371,2023-01-12,南投縣,信義鄉,8,4916,8.57
25742,2023-01-11,南投縣,信義鄉,7,4908,9.43
26119,2023-01-10,南投縣,信義鄉,9,4901,9.57
26494,2023-01-09,南投縣,信義鄉,8,4892,10.14
26862,2023-01-08,南投縣,信義鄉,2,4884,9.57
27225,2023-01-07,南投縣,信義鄉,12,4882,9.57
27598,2023-01-06,南投縣,信義鄉,14,4870,8.57
27978,2023-01-05,南投縣,信義鄉,14,4856,7.00
28358,2023-01-04,南投縣,信義鄉,8,4842,5.71
28739,2023-01-03,南投縣,信義鄉,13,4834,5.29
29117,2023-01-02,南投縣,信義鄉,4,4821,4.57
29486,2023-01-01,南投縣,信義鄉,2,4817,4.71
29849,2022-12-31,南投縣,信義鄉,5,4815,4.71
30214,2022-12-30,南投縣,信義鄉,3,4810,4.57
30588,2022-12-29,南投縣,信義鄉,5,4807,5.43
30961,2022-12-28,南投縣,信義鄉,5,4802,4.71
31335,2022-12-27,南投縣,信義鄉,8,4797,4.71
31708,2022-12-26,南投縣,信義鄉,5,4789,4.00
32069,2022-12-25,南投縣,信義鄉,2,4784,3.86
32429,2022-12-24,南投縣,信義鄉,4,4782,3.57
32788,2022-12-23,南投縣,信義鄉,9,4778,3.43
33523,2022-12-21,南投縣,信義鄉,5,4769,3.00
33890,2022-12-20,南投縣,信義鄉,3,4764,2.43
34256,2022-12-19,南投縣,信義鄉,4,4761,2.29
34971,2022-12-17,南投縣,信義鄉,3,4757,3.29
35337,2022-12-16,南投縣,信義鄉,3,4754,3.86
35700,2022-12-15,南投縣,信義鄉,3,4751,4.43
36064,2022-12-14,南投縣,信義鄉,1,4748,5.00
36430,2022-12-13,南投縣,信義鄉,2,4747,6.00
36808,2022-12-12,南投縣,信義鄉,8,4745,6.29
37163,2022-12-11,南投縣,信義鄉,3,4737,7.00
37527,2022-12-10,南投縣,信義鄉,7,4734,7.00
37894,2022-12-09,南投縣,信義鄉,7,4727,6.14
38265,2022-12-08,南投縣,信義鄉,7,4720,5.43
38640,2022-12-07,南投縣,信義鄉,8,4713,5.00
39005,2022-12-06,南投縣,信義鄉,4,4705,4.14
39381,2022-12-05,南投縣,信義鄉,13,4701,4.14
39753,2022-12-04,南投縣,信義鄉,3,4688,4.57
40121,2022-12-03,南投縣,信義鄉,1,4685,4.43
40489,2022-12-02,南投縣,信義鄉,2,4684,5.29
40858,2022-12-01,南投縣,信義鄉,4,4682,5.71
41232,2022-11-30,南投縣,信義鄉,2,4678,6.14
41606,2022-11-29,南投縣,信義鄉,4,4676,6.57
41985,2022-11-28,南投縣,信義鄉,16,4672,6.57
42357,2022-11-27,南投縣,信義鄉,2,4656,4.71
42712,2022-11-26,南投縣,信義鄉,7,4654,4.71
43077,2022-11-25,南投縣,信義鄉,5,4647,4.43
43447,2022-11-24,南投縣,信義鄉,7,4642,5.00
43814,2022-11-23,南投縣,信義鄉,5,4635,4.43
44189,2022-11-22,南投縣,信義鄉,4,4630,4.71
44567,2022-11-21,南投縣,信義鄉,3,4626,4.43
44941,2022-11-20,南投縣,信義鄉,2,4623,4.86
45309,2022-11-19,南投縣,信義鄉,5,4621,5.14
45680,2022-11-18,南投縣,信義鄉,9,4616,4.71
46053,2022-11-17,南投縣,信義鄉,3,4607,4.14
46429,2022-11-16,南投縣,信義鄉,7,4604,4.86
46811,2022-11-15,南投縣,信義鄉,2,4597,4.29
47190,2022-11-14,南投縣,信義鄉,6,4595,4.71
47566,2022-11-13,南投縣,信義鄉,4,4589,4.57
47938,2022-11-12,南投縣,信義鄉,2,4585,4.43
48317,2022-11-11,南投縣,信義鄉,5,4583,5.29
48698,2022-11-10,南投縣,信義鄉,8,4578,5.57
49081,2022-11-09,南投縣,信義鄉,3,4570,5.86
49467,2022-11-08,南投縣,信義鄉,5,4567,6.14
49851,2022-11-07,南投縣,信義鄉,5,4562,6.14
50227,2022-11-06,南投縣,信義鄉,3,4557,7.29
50599,2022-11-05,南投縣,信義鄉,8,4554,7.29
50984,2022-11-04,南投縣,信義鄉,7,4546,7.14
51366,2022-11-03,南投縣,信義鄉,10,4539,7.14
51746,2022-11-02,南投縣,信義鄉,5,4529,8.00
52134,2022-11-01,南投縣,信義鄉,5,4524,8.57
52516,2022-10-31,南投縣,信義鄉,13,4519,9.86
52898,2022-10-30,南投縣,信義鄉,3,4506,11.29
53277,2022-10-29,南投縣,信義鄉,7,4503,11.29
53660,2022-10-28,南投縣,信義鄉,7,4496,13.43
54046,2022-10-27,南投縣,信義鄉,16,4489,14.57
54431,2022-10-26,南投縣,信義鄉,9,4473,15.00
54818,2022-10-25,南投縣,信義鄉,14,4464,16.57
55209,2022-10-24,南投縣,信義鄉,23,4450,17.57
55592,2022-10-23,南投縣,信義鄉,3,4427,16.57
55975,2022-10-22,南投縣,信義鄉,22,4424,17.14
56361,2022-10-21,南投縣,信義鄉,15,4402,15.71
56747,2022-10-20,南投縣,信義鄉,19,4387,17.43
57134,2022-10-19,南投縣,信義鄉,20,4368,18.57
57522,2022-10-18,南投縣,信義鄉,21,4348,18.57
57912,2022-10-17,南投縣,信義鄉,16,4327,20.43
58300,2022-10-16,南投縣,信義鄉,7,4311,20.29
58686,2022-10-15,南投縣,信義鄉,12,4304,21.57
59072,2022-10-14,南投縣,信義鄉,27,4292,22.29
59461,2022-10-13,南投縣,信義鄉,27,4265,20.86
59852,2022-10-12,南投縣,信義鄉,20,4238,20.86
60242,2022-10-11,南投縣,信義鄉,34,4218,22.00
60632,2022-10-10,南投縣,信義鄉,15,4184,20.71
61015,2022-10-09,南投縣,信義鄉,16,4169,21.71
61403,2022-10-08,南投縣,信義鄉,17,4153,20.86
61793,2022-10-07,南投縣,信義鄉,17,4136,20.43
62180,2022-10-06,南投縣,信義鄉,27,4119,20.57
62571,2022-10-05,南投縣,信義鄉,28,4092,18.57
62958,2022-10-04,南投縣,信義鄉,25,4064,16.14
63347,2022-10-03,南投縣,信義鄉,22,4039,17.14
63736,2022-10-02,南投縣,信義鄉,10,4017,17.29
64118,2022-10-01,南投縣,信義鄉,14,4007,17.29
64503,2022-09-30,南投縣,信義鄉,18,3993,17.71
64889,2022-09-29,南投縣,信義鄉,13,3975,17.43
65277,2022-09-28,南投縣,信義鄉,11,3962,17.57
65665,2022-09-27,南投縣,信義鄉,32,3951,20.29
66051,2022-09-26,南投縣,信義鄉,23,3919,20.14
66438,2022-09-25,南投縣,信義鄉,10,3896,21.43
66821,2022-09-24,南投縣,信義鄉,17,3886,21.43
67208,2022-09-23,南投縣,信義鄉,16,3869,22.71
67595,2022-09-22,南投縣,信義鄉,14,3853,22.71
67984,2022-09-21,南投縣,信義鄉,30,3839,22.57
68372,2022-09-20,南投縣,信義鄉,31,3809,22.29
68763,2022-09-19,南投縣,信義鄉,32,3778,22.00
69152,2022-09-18,南投縣,信義鄉,10,3746,21.43
69535,2022-09-17,南投縣,信義鄉,26,3736,22.29
69923,2022-09-16,南投縣,信義鄉,16,3710,20.57
70307,2022-09-15,南投縣,信義鄉,13,3694,22.00
70694,2022-09-14,南投縣,信義鄉,28,3681,22.29
71080,2022-09-13,南投縣,信義鄉,29,3653,19.57
71470,2022-09-12,南投縣,信義鄉,28,3624,16.57
71857,2022-09-11,南投縣,信義鄉,16,3596,15.86
72239,2022-09-10,南投縣,信義鄉,14,3580,15.29
72621,2022-09-09,南投縣,信義鄉,26,3566,15.29
73004,2022-09-08,南投縣,信義鄉,15,3540,14.29
73391,2022-09-07,南投縣,信義鄉,9,3525,15.43
73775,2022-09-06,南投縣,信義鄉,8,3516,16.43
74162,2022-09-05,南投縣,信義鄉,23,3508,17.86
74546,2022-09-04,南投縣,信義鄉,12,3485,17.86
74930,2022-09-03,南投縣,信義鄉,14,3473,16.86
75317,2022-09-02,南投縣,信義鄉,19,3459,16.57
75704,2022-09-01,南投縣,信義鄉,23,3440,15.29
76093,2022-08-31,南投縣,信義鄉,16,3417,14.43
76480,2022-08-30,南投縣,信義鄉,18,3401,14.57
76868,2022-08-29,南投縣,信義鄉,23,3383,14.14
77255,2022-08-28,南投縣,信義鄉,5,3360,12.86
77640,2022-08-27,南投縣,信義鄉,12,3355,13.43
78026,2022-08-26,南投縣,信義鄉,10,3343,13.86
78410,2022-08-25,南投縣,信義鄉,17,3333,14.71
78795,2022-08-24,南投縣,信義鄉,17,3316,13.29
79182,2022-08-23,南投縣,信義鄉,15,3299,12.00
79567,2022-08-22,南投縣,信義鄉,14,3284,12.29
79951,2022-08-21,南投縣,信義鄉,9,3270,12.29
80331,2022-08-20,南投縣,信義鄉,15,3261,13.14
80715,2022-08-19,南投縣,信義鄉,16,3246,13.14
81101,2022-08-18,南投縣,信義鄉,7,3230,11.43
81490,2022-08-17,南投縣,信義鄉,8,3223,11.86
81875,2022-08-16,南投縣,信義鄉,17,3215,12.57
82262,2022-08-15,南投縣,信義鄉,14,3198,12.57
82644,2022-08-14,南投縣,信義鄉,15,3184,11.43
83022,2022-08-13,南投縣,信義鄉,15,3169,10.14
83404,2022-08-12,南投縣,信義鄉,4,3154,8.57
83788,2022-08-11,南投縣,信義鄉,10,3150,9.29
84175,2022-08-10,南投縣,信義鄉,13,3140,10.00
84558,2022-08-09,南投縣,信義鄉,17,3127,9.00
84944,2022-08-08,南投縣,信義鄉,6,3110,7.71
85323,2022-08-07,南投縣,信義鄉,6,3104,8.29
85698,2022-08-06,南投縣,信義鄉,4,3098,8.14
86082,2022-08-05,南投縣,信義鄉,9,3094,8.43
86468,2022-08-04,南投縣,信義鄉,15,3085,8.43
86853,2022-08-03,南投縣,信義鄉,6,3070,7.57
87235,2022-08-02,南投縣,信義鄉,8,3064,8.00
87622,2022-08-01,南投縣,信義鄉,10,3056,9.57
88005,2022-07-31,南投縣,信義鄉,5,3046,11.43
88382,2022-07-30,南投縣,信義鄉,6,3041,12.86
88763,2022-07-29,南投縣,信義鄉,9,3035,14.29
89149,2022-07-28,南投縣,信義鄉,9,3026,15.57
89536,2022-07-27,南投縣,信義鄉,9,3017,18.43
89924,2022-07-26,南投縣,信義鄉,19,3008,21.00
90312,2022-07-25,南投縣,信義鄉,23,2989,21.43
90693,2022-07-24,南投縣,信義鄉,15,2966,23.14
91073,2022-07-23,南投縣,信義鄉,16,2951,22.43
91459,2022-07-22,南投縣,信義鄉,18,2935,24.00
91845,2022-07-21,南投縣,信義鄉,29,2917,25.86
92227,2022-07-20,南投縣,信義鄉,27,2888,24.86
92616,2022-07-19,南投縣,信義鄉,22,2861,23.71
93005,2022-07-18,南投縣,信義鄉,35,2839,24.43
93391,2022-07-17,南投縣,信義鄉,10,2804,22.86
93770,2022-07-16,南投縣,信義鄉,27,2794,23.43
94158,2022-07-15,南投縣,信義鄉,31,2767,22.14
94545,2022-07-14,南投縣,信義鄉,22,2736,21.14
94934,2022-07-13,南投縣,信義鄉,19,2714,23.29
95321,2022-07-12,南投縣,信義鄉,27,2695,22.71
95710,2022-07-11,南投縣,信義鄉,24,2668,23.71
96096,2022-07-10,南投縣,信義鄉,14,2644,23.29
96482,2022-07-09,南投縣,信義鄉,18,2630,23.29
96869,2022-07-08,南投縣,信義鄉,24,2612,25.00
97260,2022-07-07,南投縣,信義鄉,37,2588,24.71
97649,2022-07-06,南投縣,信義鄉,15,2551,23.86
98039,2022-07-05,南投縣,信義鄉,34,2536,24.71
98428,2022-07-04,南投縣,信義鄉,21,2502,25.29
98818,2022-07-03,南投縣,信義鄉,14,2481,28.57
99200,2022-07-02,南投縣,信義鄉,30,2467,28.86
99591,2022-07-01,南投縣,信義鄉,22,2437,29.57
99983,2022-06-30,南投縣,信義鄉,31,2415,30.86
100374,2022-06-29,南投縣,信義鄉,21,2384,31.00
100764,2022-06-28,南投縣,信義鄉,38,2363,33.57
101155,2022-06-27,南投縣,信義鄉,44,2325,33.57
101541,2022-06-26,南投縣,信義鄉,16,2281,33.57
101928,2022-06-25,南投縣,信義鄉,35,2265,34.86
102317,2022-06-24,南投縣,信義鄉,31,2230,36.14
102709,2022-06-23,南投縣,信義鄉,32,2199,39.71
103102,2022-06-22,南投縣,信義鄉,39,2167,42.29
103491,2022-06-21,南投縣,信義鄉,38,2128,42.43
103883,2022-06-20,南投縣,信義鄉,44,2090,45.71
104273,2022-06-19,南投縣,信義鄉,25,2046,49.29
104664,2022-06-18,南投縣,信義鄉,44,2021,52.14
105055,2022-06-17,南投縣,信義鄉,56,1977,58.29
105445,2022-06-16,南投縣,信義鄉,50,1921,57.86
105835,2022-06-15,南投縣,信義鄉,40,1871,61.57
106225,2022-06-14,南投縣,信義鄉,61,1831,63.71
106617,2022-06-13,南投縣,信義鄉,69,1770,66.29
107007,2022-06-12,南投縣,信義鄉,45,1701,65.00
107394,2022-06-11,南投縣,信義鄉,87,1656,70.00
107786,2022-06-10,南投縣,信義鄉,53,1569,63.86
108175,2022-06-09,南投縣,信義鄉,76,1516,64.29
108564,2022-06-08,南投縣,信義鄉,55,1440,62.86
108954,2022-06-07,南投縣,信義鄉,79,1385,61.57
109346,2022-06-06,南投縣,信義鄉,60,1306,58.43
109736,2022-06-05,南投縣,信義鄉,80,1246,59.00
110125,2022-06-04,南投縣,信義鄉,44,1166,52.29
110515,2022-06-03,南投縣,信義鄉,56,1122,52.00
110906,2022-06-02,南投縣,信義鄉,66,1066,49.71
111296,2022-06-01,南投縣,信義鄉,46,1000,44.29
111688,2022-05-31,南投縣,信義鄉,57,954,42.14
112079,2022-05-30,南投縣,信義鄉,64,897,41.00
112470,2022-05-29,南投縣,信義鄉,33,833,38.86
112860,2022-05-28,南投縣,信義鄉,42,800,37.43
113251,2022-05-27,南投縣,信義鄉,40,758,39.71
113641,2022-05-26,南投縣,信義鄉,28,718,41.14
114032,2022-05-25,南投縣,信義鄉,31,690,43.43
114422,2022-05-24,南投縣,信義鄉,49,659,44.00
114814,2022-05-23,南投縣,信義鄉,49,610,44.43
115205,2022-05-22,南投縣,信義鄉,23,561,43.43
115596,2022-05-21,南投縣,信義鄉,58,538,44.43
115981,2022-05-20,南投縣,信義鄉,50,480,40.14
116369,2022-05-19,南投縣,信義鄉,44,430,36.29
116757,2022-05-18,南投縣,信義鄉,35,386,32.14
117148,2022-05-17,南投縣,信義鄉,52,351,31.43
117536,2022-05-16,南投縣,信義鄉,42,299,28.14
117924,2022-05-15,南投縣,信義鄉,30,257,23.43
118308,2022-05-14,南投縣,信義鄉,28,227,22.43
118693,2022-05-13,南投縣,信義鄉,23,199,20.86
119081,2022-05-12,南投縣,信義鄉,15,176,18.57
119463,2022-05-11,南投縣,信義鄉,30,161,17.00
119850,2022-05-10,南投縣,信義鄉,29,131,13.00
120232,2022-05-09,南投縣,信義鄉,9,102,9.86
120612,2022-05-08,南投縣,信義鄉,23,93,9.00
120998,2022-05-07,南投縣,信義鄉,17,70,5.86
121376,2022-05-06,南投縣,信義鄉,7,53,4.00
121750,2022-05-05,南投縣,信義鄉,4,46,3.29
122117,2022-05-04,南投縣,信義鄉,2,42,3.14
122479,2022-05-03,南投縣,信義鄉,7,40,3.29
122834,2022-05-02,南投縣,信義鄉,3,33,2.71
123173,2022-05-01,南投縣,信義鄉,1,30,3.43
123509,2022-04-30,南投縣,信義鄉,4,29,3.57
123833,2022-04-29,南投縣,信義鄉,2,25,3.14
124146,2022-04-28,南投縣,信義鄉,3,23,3.00
124451,2022-04-27,南投縣,信義鄉,3,20,2.57
124747,2022-04-26,南投縣,信義鄉,3,17,2.14
125025,2022-04-25,南投縣,信義鄉,8,14,1.71
125284,2022-04-24,南投縣,信義鄉,2,6,0.57
125521,2022-04-23,南投縣,信義鄉,1,4,0.29
125770,2022-04-22,南投縣,信義鄉,1,3,0.14
127112,2022-04-15,南投縣,信義鄉,2,2,0.29
