UID,個案研判日,縣市別,區域,新增確診人數,累計確診人數,七天移動平均新增確診人數
709,2023-03-20,南投縣,名間鄉,2,11519,7.29
1001,2023-03-19,南投縣,名間鄉,7,11517,8.71
1330,2023-03-18,南投縣,名間鄉,7,11510,7.71
1669,2023-03-17,南投縣,名間鄉,9,11503,8.29
2022,2023-03-16,南投縣,名間鄉,4,11494,8.86
2374,2023-03-15,南投縣,名間鄉,10,11490,9.14
2725,2023-03-14,南投縣,名間鄉,12,11480,9.14
3082,2023-03-13,南投縣,名間鄉,12,11468,8.43
3787,2023-03-11,南投縣,名間鄉,11,11456,9.71
4139,2023-03-10,南投縣,名間鄉,13,11445,9.43
4495,2023-03-09,南投縣,名間鄉,6,11432,8.57
4854,2023-03-08,南投縣,名間鄉,10,11426,9.29
5207,2023-03-07,南投縣,名間鄉,7,11416,9.14
5567,2023-03-06,南投縣,名間鄉,9,11409,10.14
5931,2023-03-05,南投縣,名間鄉,12,11400,11.29
6270,2023-03-04,南投縣,名間鄉,9,11388,10.86
6623,2023-03-03,南投縣,名間鄉,7,11379,12.86
6982,2023-03-02,南投縣,名間鄉,11,11372,13.43
7346,2023-03-01,南投縣,名間鄉,9,11361,13.71
7717,2023-02-28,南投縣,名間鄉,14,11352,14.57
8080,2023-02-27,南投縣,名間鄉,17,11338,14.71
8439,2023-02-26,南投縣,名間鄉,9,11321,14.57
8783,2023-02-25,南投縣,名間鄉,23,11312,14.71
9153,2023-02-24,南投縣,名間鄉,11,11289,14.86
9514,2023-02-23,南投縣,名間鄉,13,11278,15.29
9885,2023-02-22,南投縣,名間鄉,15,11265,15.57
10259,2023-02-21,南投縣,名間鄉,15,11250,15.71
10629,2023-02-20,南投縣,名間鄉,16,11235,17.14
11008,2023-02-19,南投縣,名間鄉,10,11219,18.29
11367,2023-02-18,南投縣,名間鄉,24,11209,20.29
11733,2023-02-17,南投縣,名間鄉,14,11185,19.29
12106,2023-02-16,南投縣,名間鄉,15,11171,19.86
12481,2023-02-15,南投縣,名間鄉,16,11156,21.29
12854,2023-02-14,南投縣,名間鄉,25,11140,21.86
13226,2023-02-13,南投縣,名間鄉,24,11115,23.00
13604,2023-02-12,南投縣,名間鄉,24,11091,22.86
13962,2023-02-11,南投縣,名間鄉,17,11067,22.57
14334,2023-02-10,南投縣,名間鄉,18,11050,24.00
14707,2023-02-09,南投縣,名間鄉,25,11032,27.29
15084,2023-02-08,南投縣,名間鄉,20,11007,28.86
15463,2023-02-07,南投縣,名間鄉,33,10987,30.00
15842,2023-02-06,南投縣,名間鄉,23,10954,31.14
16223,2023-02-05,南投縣,名間鄉,22,10931,32.57
16592,2023-02-04,南投縣,名間鄉,27,10909,33.14
16971,2023-02-03,南投縣,名間鄉,41,10882,34.00
17357,2023-02-02,南投縣,名間鄉,36,10841,32.57
17740,2023-02-01,南投縣,名間鄉,28,10805,31.71
18117,2023-01-31,南投縣,名間鄉,41,10777,29.14
18502,2023-01-30,南投縣,名間鄉,33,10736,26.71
18891,2023-01-29,南投縣,名間鄉,26,10703,23.00
19267,2023-01-28,南投縣,名間鄉,33,10677,21.43
19646,2023-01-27,南投縣,名間鄉,31,10644,17.86
20024,2023-01-26,南投縣,名間鄉,30,10613,16.43
20401,2023-01-25,南投縣,名間鄉,10,10583,13.57
20766,2023-01-24,南投縣,名間鄉,24,10573,14.57
21141,2023-01-23,南投縣,名間鄉,7,10549,15.14
21508,2023-01-22,南投縣,名間鄉,15,10542,17.14
21872,2023-01-21,南投縣,名間鄉,8,10527,17.29
22244,2023-01-20,南投縣,名間鄉,21,10519,17.86
22611,2023-01-19,南投縣,名間鄉,10,10498,17.71
22982,2023-01-18,南投縣,名間鄉,17,10488,19.71
23352,2023-01-17,南投縣,名間鄉,28,10471,20.43
23718,2023-01-16,南投縣,名間鄉,21,10443,20.57
24094,2023-01-15,南投縣,名間鄉,16,10422,21.57
24460,2023-01-14,南投縣,名間鄉,12,10406,21.14
24829,2023-01-13,南投縣,名間鄉,20,10394,22.14
25197,2023-01-12,南投縣,名間鄉,24,10374,23.00
25572,2023-01-11,南投縣,名間鄉,22,10350,23.86
25948,2023-01-10,南投縣,名間鄉,29,10328,25.29
26320,2023-01-09,南投縣,名間鄉,28,10299,24.43
26697,2023-01-08,南投縣,名間鄉,13,10271,24.71
27055,2023-01-07,南投縣,名間鄉,19,10258,24.43
27427,2023-01-06,南投縣,名間鄉,26,10239,24.43
27803,2023-01-05,南投縣,名間鄉,30,10213,23.71
28183,2023-01-04,南投縣,名間鄉,32,10183,24.29
28564,2023-01-03,南投縣,名間鄉,23,10151,24.29
28945,2023-01-02,南投縣,名間鄉,30,10128,23.43
29317,2023-01-01,南投縣,名間鄉,11,10098,23.71
29679,2022-12-31,南投縣,名間鄉,19,10087,24.00
30045,2022-12-30,南投縣,名間鄉,21,10068,23.71
30417,2022-12-29,南投縣,名間鄉,34,10047,24.14
30789,2022-12-28,南投縣,名間鄉,32,10013,22.00
31160,2022-12-27,南投縣,名間鄉,17,9981,19.14
31536,2022-12-26,南投縣,名間鄉,32,9964,18.29
31908,2022-12-25,南投縣,名間鄉,13,9932,15.57
32263,2022-12-24,南投縣,名間鄉,17,9919,15.71
32623,2022-12-23,南投縣,名間鄉,24,9902,15.43
32987,2022-12-22,南投縣,名間鄉,19,9878,13.29
33354,2022-12-21,南投縣,名間鄉,12,9859,12.00
33724,2022-12-20,南投縣,名間鄉,11,9847,11.86
34087,2022-12-19,南投縣,名間鄉,13,9836,12.57
34457,2022-12-18,南投縣,名間鄉,14,9823,13.71
34806,2022-12-17,南投縣,名間鄉,15,9809,13.29
35166,2022-12-16,南投縣,名間鄉,9,9794,12.57
35531,2022-12-15,南投縣,名間鄉,10,9785,14.00
35902,2022-12-14,南投縣,名間鄉,11,9775,14.71
36260,2022-12-13,南投縣,名間鄉,16,9764,16.86
36635,2022-12-12,南投縣,名間鄉,21,9748,17.71
37005,2022-12-11,南投縣,名間鄉,11,9727,17.86
37358,2022-12-10,南投縣,名間鄉,10,9716,17.86
37727,2022-12-09,南投縣,名間鄉,19,9706,18.57
38092,2022-12-08,南投縣,名間鄉,15,9687,17.57
38465,2022-12-07,南投縣,名間鄉,26,9672,17.71
38836,2022-12-06,南投縣,名間鄉,22,9646,16.43
39208,2022-12-05,南投縣,名間鄉,22,9624,16.57
39586,2022-12-04,南投縣,名間鄉,11,9602,16.57
39951,2022-12-03,南投縣,名間鄉,15,9591,15.86
40321,2022-12-02,南投縣,名間鄉,12,9576,15.00
40690,2022-12-01,南投縣,名間鄉,16,9564,14.29
41059,2022-11-30,南投縣,名間鄉,17,9548,13.43
41431,2022-11-29,南投縣,名間鄉,23,9531,12.86
41811,2022-11-28,南投縣,名間鄉,22,9508,12.00
42188,2022-11-27,南投縣,名間鄉,6,9486,11.57
42549,2022-11-26,南投縣,名間鄉,9,9480,12.86
42905,2022-11-25,南投縣,名間鄉,7,9471,13.86
43277,2022-11-24,南投縣,名間鄉,10,9464,14.57
43647,2022-11-23,南投縣,名間鄉,13,9454,15.43
44018,2022-11-22,南投縣,名間鄉,17,9441,16.86
44392,2022-11-21,南投縣,名間鄉,19,9424,17.29
44773,2022-11-20,南投縣,名間鄉,15,9405,19.00
45138,2022-11-19,南投縣,名間鄉,16,9390,20.00
45512,2022-11-18,南投縣,名間鄉,12,9374,22.71
45884,2022-11-17,南投縣,名間鄉,16,9362,24.43
46257,2022-11-16,南投縣,名間鄉,23,9346,26.29
46637,2022-11-15,南投縣,名間鄉,20,9323,26.57
47018,2022-11-14,南投縣,名間鄉,31,9303,28.86
47399,2022-11-13,南投縣,名間鄉,22,9272,31.57
47769,2022-11-12,南投縣,名間鄉,35,9250,34.57
48145,2022-11-11,南投縣,名間鄉,24,9215,35.14
48525,2022-11-10,南投縣,名間鄉,29,9191,38.00
48907,2022-11-09,南投縣,名間鄉,25,9162,40.14
49291,2022-11-08,南投縣,名間鄉,36,9137,41.14
49676,2022-11-07,南投縣,名間鄉,50,9101,41.57
50061,2022-11-06,南投縣,名間鄉,43,9051,41.57
50430,2022-11-05,南投縣,名間鄉,39,9008,40.86
50805,2022-11-04,南投縣,名間鄉,44,8969,42.71
51191,2022-11-03,南投縣,名間鄉,44,8925,44.14
51571,2022-11-02,南投縣,名間鄉,32,8881,45.14
51957,2022-11-01,南投縣,名間鄉,39,8849,46.57
52342,2022-10-31,南投縣,名間鄉,50,8810,48.43
52725,2022-10-30,南投縣,名間鄉,38,8760,48.43
53104,2022-10-29,南投縣,名間鄉,52,8722,47.86
53483,2022-10-28,南投縣,名間鄉,54,8670,48.86
53870,2022-10-27,南投縣,名間鄉,51,8616,50.29
54257,2022-10-26,南投縣,名間鄉,42,8565,50.86
54641,2022-10-25,南投縣,名間鄉,52,8523,51.00
55030,2022-10-24,南投縣,名間鄉,50,8471,50.86
55420,2022-10-23,南投縣,名間鄉,34,8421,52.57
55797,2022-10-22,南投縣,名間鄉,59,8387,52.14
56182,2022-10-21,南投縣,名間鄉,64,8328,51.14
56572,2022-10-20,南投縣,名間鄉,55,8264,48.57
56957,2022-10-19,南投縣,名間鄉,43,8209,48.71
57344,2022-10-18,南投縣,名間鄉,51,8166,49.14
57734,2022-10-17,南投縣,名間鄉,62,8115,51.00
58124,2022-10-16,南投縣,名間鄉,31,8053,50.00
58508,2022-10-15,南投縣,名間鄉,52,8022,50.86
58893,2022-10-14,南投縣,名間鄉,46,7970,50.71
59283,2022-10-13,南投縣,名間鄉,56,7924,52.86
59674,2022-10-12,南投縣,名間鄉,46,7868,55.14
60063,2022-10-11,南投縣,名間鄉,64,7822,55.57
60455,2022-10-10,南投縣,名間鄉,55,7758,54.43
60839,2022-10-09,南投縣,名間鄉,37,7703,59.00
61226,2022-10-08,南投縣,名間鄉,51,7666,58.86
61615,2022-10-07,南投縣,名間鄉,61,7615,61.29
62002,2022-10-06,南投縣,名間鄉,72,7554,61.00
62393,2022-10-05,南投縣,名間鄉,49,7482,61.57
62780,2022-10-04,南投縣,名間鄉,56,7433,64.00
63168,2022-10-03,南投縣,名間鄉,87,7377,68.71
63559,2022-10-02,南投縣,名間鄉,36,7290,67.43
63941,2022-10-01,南投縣,名間鄉,68,7254,69.29
64327,2022-09-30,南投縣,名間鄉,59,7186,67.71
64711,2022-09-29,南投縣,名間鄉,76,7127,64.71
65099,2022-09-28,南投縣,名間鄉,66,7051,61.57
65487,2022-09-27,南投縣,名間鄉,89,6985,59.71
65874,2022-09-26,南投縣,名間鄉,78,6896,54.86
66263,2022-09-25,南投縣,名間鄉,49,6818,53.29
66646,2022-09-24,南投縣,名間鄉,57,6769,50.71
67029,2022-09-23,南投縣,名間鄉,38,6712,49.71
67418,2022-09-22,南投縣,名間鄉,54,6674,50.57
67805,2022-09-21,南投縣,名間鄉,53,6620,49.29
68194,2022-09-20,南投縣,名間鄉,55,6567,49.00
68584,2022-09-19,南投縣,名間鄉,67,6512,50.71
68975,2022-09-18,南投縣,名間鄉,31,6445,49.14
69357,2022-09-17,南投縣,名間鄉,50,6414,49.14
69745,2022-09-16,南投縣,名間鄉,44,6364,46.00
70130,2022-09-15,南投縣,名間鄉,45,6320,47.86
70517,2022-09-14,南投縣,名間鄉,51,6275,45.43
70902,2022-09-13,南投縣,名間鄉,67,6224,42.71
71291,2022-09-12,南投縣,名間鄉,56,6157,39.14
71681,2022-09-11,南投縣,名間鄉,31,6101,36.00
72063,2022-09-10,南投縣,名間鄉,28,6070,33.29
72445,2022-09-09,南投縣,名間鄉,57,6042,35.29
72827,2022-09-08,南投縣,名間鄉,28,5985,30.86
73214,2022-09-07,南投縣,名間鄉,32,5957,30.57
73598,2022-09-06,南投縣,名間鄉,42,5925,31.71
73984,2022-09-05,南投縣,名間鄉,34,5883,29.00
74371,2022-09-04,南投縣,名間鄉,12,5849,28.86
74753,2022-09-03,南投縣,名間鄉,42,5837,29.43
75140,2022-09-02,南投縣,名間鄉,26,5795,26.57
75526,2022-09-01,南投縣,名間鄉,26,5769,25.29
75915,2022-08-31,南投縣,名間鄉,40,5743,25.29
76302,2022-08-30,南投縣,名間鄉,23,5703,23.86
76690,2022-08-29,南投縣,名間鄉,33,5680,24.57
77080,2022-08-28,南投縣,名間鄉,16,5647,26.00
77461,2022-08-27,南投縣,名間鄉,22,5631,25.71
77848,2022-08-26,南投縣,名間鄉,17,5609,24.57
78233,2022-08-25,南投縣,名間鄉,26,5592,25.29
78619,2022-08-24,南投縣,名間鄉,30,5566,24.29
79006,2022-08-23,南投縣,名間鄉,28,5536,21.43
79389,2022-08-22,南投縣,名間鄉,43,5508,20.86
79779,2022-08-21,南投縣,名間鄉,14,5465,18.57
80154,2022-08-20,南投縣,名間鄉,14,5451,17.71
80539,2022-08-19,南投縣,名間鄉,22,5437,19.00
80923,2022-08-18,南投縣,名間鄉,19,5415,19.57
81312,2022-08-17,南投縣,名間鄉,10,5396,20.86
81697,2022-08-16,南投縣,名間鄉,24,5386,24.43
82084,2022-08-15,南投縣,名間鄉,27,5362,24.71
82471,2022-08-14,南投縣,名間鄉,8,5335,24.29
82848,2022-08-13,南投縣,名間鄉,23,5327,26.00
83227,2022-08-12,南投縣,名間鄉,26,5304,27.86
83613,2022-08-11,南投縣,名間鄉,28,5278,27.29
83999,2022-08-10,南投縣,名間鄉,35,5250,27.86
84385,2022-08-09,南投縣,名間鄉,26,5215,27.57
84767,2022-08-08,南投縣,名間鄉,24,5189,28.14
85152,2022-08-07,南投縣,名間鄉,20,5165,30.00
85525,2022-08-06,南投縣,名間鄉,36,5145,29.14
85904,2022-08-05,南投縣,名間鄉,22,5109,27.86
86291,2022-08-04,南投縣,名間鄉,32,5087,28.71
86676,2022-08-03,南投縣,名間鄉,33,5055,27.43
87059,2022-08-02,南投縣,名間鄉,30,5022,25.14
87444,2022-08-01,南投縣,名間鄉,37,4992,25.43
87832,2022-07-31,南投縣,名間鄉,14,4955,23.00
88208,2022-07-30,南投縣,名間鄉,27,4941,24.57
88587,2022-07-29,南投縣,名間鄉,28,4914,23.86
88971,2022-07-28,南投縣,名間鄉,23,4886,23.43
89357,2022-07-27,南投縣,名間鄉,17,4863,24.71
89748,2022-07-26,南投縣,名間鄉,32,4846,25.86
90135,2022-07-25,南投縣,名間鄉,20,4814,26.00
90519,2022-07-24,南投縣,名間鄉,25,4794,28.71
90896,2022-07-23,南投縣,名間鄉,22,4769,27.00
91281,2022-07-22,南投縣,名間鄉,25,4747,28.00
91667,2022-07-21,南投縣,名間鄉,32,4722,28.14
92051,2022-07-20,南投縣,名間鄉,25,4690,28.14
92438,2022-07-19,南投縣,名間鄉,33,4665,29.14
92826,2022-07-18,南投縣,名間鄉,39,4632,31.29
93215,2022-07-17,南投縣,名間鄉,13,4593,32.43
93593,2022-07-16,南投縣,名間鄉,29,4580,33.57
93980,2022-07-15,南投縣,名間鄉,26,4551,33.71
94367,2022-07-14,南投縣,名間鄉,32,4525,36.57
94755,2022-07-13,南投縣,名間鄉,32,4493,38.71
95144,2022-07-12,南投縣,名間鄉,48,4461,41.43
95532,2022-07-11,南投縣,名間鄉,47,4413,42.29
95920,2022-07-10,南投縣,名間鄉,21,4366,46.00
96303,2022-07-09,南投縣,名間鄉,30,4345,46.43
96690,2022-07-08,南投縣,名間鄉,46,4315,48.43
97081,2022-07-07,南投縣,名間鄉,47,4269,48.14
97472,2022-07-06,南投縣,名間鄉,51,4222,48.71
97861,2022-07-05,南投縣,名間鄉,54,4171,50.86
98250,2022-07-04,南投縣,名間鄉,73,4117,51.00
98639,2022-07-03,南投縣,名間鄉,24,4044,51.86
99024,2022-07-02,南投縣,名間鄉,44,4020,51.00
99412,2022-07-01,南投縣,名間鄉,44,3976,52.57
99804,2022-06-30,南投縣,名間鄉,51,3932,55.00
100195,2022-06-29,南投縣,名間鄉,66,3881,56.57
100585,2022-06-28,南投縣,名間鄉,55,3815,56.57
100976,2022-06-27,南投縣,名間鄉,79,3760,59.43
101365,2022-06-26,南投縣,名間鄉,18,3681,61.57
101750,2022-06-25,南投縣,名間鄉,55,3663,69.00
102140,2022-06-24,南投縣,名間鄉,61,3608,70.29
102531,2022-06-23,南投縣,名間鄉,62,3547,70.14
102923,2022-06-22,南投縣,名間鄉,66,3485,74.43
103313,2022-06-21,南投縣,名間鄉,75,3419,78.00
103704,2022-06-20,南投縣,名間鄉,94,3344,83.14
104095,2022-06-19,南投縣,名間鄉,70,3250,89.57
104485,2022-06-18,南投縣,名間鄉,64,3180,88.00
104876,2022-06-17,南投縣,名間鄉,60,3116,96.71
105267,2022-06-16,南投縣,名間鄉,92,3056,100.14
105657,2022-06-15,南投縣,名間鄉,91,2964,101.43
106047,2022-06-14,南投縣,名間鄉,111,2873,105.00
106438,2022-06-13,南投縣,名間鄉,139,2762,106.14
106829,2022-06-12,南投縣,名間鄉,59,2623,104.29
107216,2022-06-11,南投縣,名間鄉,125,2564,108.71
107607,2022-06-10,南投縣,名間鄉,84,2439,100.29
107996,2022-06-09,南投縣,名間鄉,101,2355,100.57
108387,2022-06-08,南投縣,名間鄉,116,2254,99.14
108775,2022-06-07,南投縣,名間鄉,119,2138,96.86
109167,2022-06-06,南投縣,名間鄉,126,2019,98.86
109558,2022-06-05,南投縣,名間鄉,90,1893,96.29
109947,2022-06-04,南投縣,名間鄉,66,1803,90.57
110336,2022-06-03,南投縣,名間鄉,86,1737,90.14
110728,2022-06-02,南投縣,名間鄉,91,1651,89.29
111118,2022-06-01,南投縣,名間鄉,100,1560,90.86
111509,2022-05-31,南投縣,名間鄉,133,1460,87.57
111901,2022-05-30,南投縣,名間鄉,108,1327,82.57
112291,2022-05-29,南投縣,名間鄉,50,1219,80.86
112682,2022-05-28,南投縣,名間鄉,63,1169,83.29
113072,2022-05-27,南投縣,名間鄉,80,1106,82.86
113463,2022-05-26,南投縣,名間鄉,102,1026,79.57
113854,2022-05-25,南投縣,名間鄉,77,924,72.71
114244,2022-05-24,南投縣,名間鄉,98,847,69.14
114635,2022-05-23,南投縣,名間鄉,96,749,63.29
115026,2022-05-22,南投縣,名間鄉,67,653,56.00
115417,2022-05-21,南投縣,名間鄉,60,586,49.86
115804,2022-05-20,南投縣,名間鄉,57,526,47.14
116190,2022-05-19,南投縣,名間鄉,54,469,41.43
116579,2022-05-18,南投縣,名間鄉,52,415,35.29
116969,2022-05-17,南投縣,名間鄉,57,363,29.86
117359,2022-05-16,南投縣,名間鄉,45,306,25.14
117747,2022-05-15,南投縣,名間鄉,24,261,20.86
118133,2022-05-14,南投縣,名間鄉,41,237,19.00
118516,2022-05-13,南投縣,名間鄉,17,196,15.43
118903,2022-05-12,南投縣,名間鄉,11,179,14.86
119287,2022-05-11,南投縣,名間鄉,14,168,15.00
119672,2022-05-10,南投縣,名間鄉,24,154,15.14
120057,2022-05-09,南投縣,名間鄉,15,130,12.57
120436,2022-05-08,南投縣,名間鄉,11,115,10.71
120821,2022-05-07,南投縣,名間鄉,16,104,10.00
121199,2022-05-06,南投縣,名間鄉,13,88,8.86
121577,2022-05-05,南投縣,名間鄉,12,75,7.57
121949,2022-05-04,南投縣,名間鄉,15,63,5.86
122310,2022-05-03,南投縣,名間鄉,6,48,3.71
122669,2022-05-02,南投縣,名間鄉,2,42,2.86
123019,2022-05-01,南投縣,名間鄉,6,40,2.57
123354,2022-04-30,南投縣,名間鄉,8,34,2.29
123684,2022-04-29,南投縣,名間鄉,4,26,1.14
125177,2022-04-24,南投縣,名間鄉,4,22,2.86
125667,2022-04-22,南投縣,名間鄉,3,18,2.29
125912,2022-04-21,南投縣,名間鄉,1,15,1.86
126141,2022-04-20,南投縣,名間鄉,1,14,1.71
126352,2022-04-19,南投縣,名間鄉,11,13,1.57
132590,2021-06-05,南投縣,名間鄉,1,2,0.14
133669,2021-05-23,南投縣,名間鄉,1,1,0.14
