UID,個案研判日,縣市別,區域,新增確診人數,累計確診人數,七天移動平均新增確診人數
200,2023-06-14,台中市,大甲區,2,29321,0.29
773,2023-03-20,台中市,大甲區,7,29319,18.57
1076,2023-03-19,台中市,大甲區,19,29312,22.29
1406,2023-03-18,台中市,大甲區,29,29293,22.43
1750,2023-03-17,台中市,大甲區,23,29264,22.71
2104,2023-03-16,台中市,大甲區,7,29241,24.14
2455,2023-03-15,台中市,大甲區,21,29234,27.43
2805,2023-03-14,台中市,大甲區,24,29213,28.43
3163,2023-03-13,台中市,大甲區,33,29189,30.57
3518,2023-03-12,台中市,大甲區,20,29156,30.43
3868,2023-03-11,台中市,大甲區,31,29136,31.29
4218,2023-03-10,台中市,大甲區,33,29105,32.57
4576,2023-03-09,台中市,大甲區,30,29072,31.86
4932,2023-03-08,台中市,大甲區,28,29042,33.71
5288,2023-03-07,台中市,大甲區,39,29014,36.29
5651,2023-03-06,台中市,大甲區,32,28975,37.71
6009,2023-03-05,台中市,大甲區,26,28943,36.57
6350,2023-03-04,台中市,大甲區,40,28917,38.29
6704,2023-03-03,台中市,大甲區,28,28877,37.00
7064,2023-03-02,台中市,大甲區,43,28849,39.29
7427,2023-03-01,台中市,大甲區,46,28806,40.00
7799,2023-02-28,台中市,大甲區,49,28760,37.86
8165,2023-02-27,台中市,大甲區,24,28711,38.29
8516,2023-02-26,台中市,大甲區,38,28687,44.14
8867,2023-02-25,台中市,大甲區,31,28649,44.29
9235,2023-02-24,台中市,大甲區,44,28618,46.14
9598,2023-02-23,台中市,大甲區,48,28574,47.00
9969,2023-02-22,台中市,大甲區,31,28526,47.29
10343,2023-02-21,台中市,大甲區,52,28495,50.71
10713,2023-02-20,台中市,大甲區,65,28443,52.14
11089,2023-02-19,台中市,大甲區,39,28378,52.57
11450,2023-02-18,台中市,大甲區,44,28339,54.29
11816,2023-02-17,台中市,大甲區,50,28295,54.29
12191,2023-02-16,台中市,大甲區,50,28245,52.14
12565,2023-02-15,台中市,大甲區,55,28195,54.00
12938,2023-02-14,台中市,大甲區,62,28140,56.71
13310,2023-02-13,台中市,大甲區,68,28078,60.00
13688,2023-02-12,台中市,大甲區,51,28010,61.43
14046,2023-02-11,台中市,大甲區,44,27959,61.00
14416,2023-02-10,台中市,大甲區,35,27915,67.00
14791,2023-02-09,台中市,大甲區,63,27880,69.57
15169,2023-02-08,台中市,大甲區,74,27817,73.43
15547,2023-02-07,台中市,大甲區,85,27743,73.86
15926,2023-02-06,台中市,大甲區,78,27658,76.14
16304,2023-02-05,台中市,大甲區,48,27580,82.43
16676,2023-02-04,台中市,大甲區,86,27532,91.43
17056,2023-02-03,台中市,大甲區,53,27446,92.43
17441,2023-02-02,台中市,大甲區,90,27393,94.86
17823,2023-02-01,台中市,大甲區,77,27303,91.71
18202,2023-01-31,台中市,大甲區,101,27226,87.71
18587,2023-01-30,台中市,大甲區,122,27125,81.57
18973,2023-01-29,台中市,大甲區,111,27003,70.86
19351,2023-01-28,台中市,大甲區,93,26892,60.00
19727,2023-01-27,台中市,大甲區,70,26799,53.29
20108,2023-01-26,台中市,大甲區,68,26729,53.29
20481,2023-01-25,台中市,大甲區,49,26661,49.57
20849,2023-01-24,台中市,大甲區,58,26612,49.29
21222,2023-01-23,台中市,大甲區,47,26554,49.29
21590,2023-01-22,台中市,大甲區,35,26507,48.71
21956,2023-01-21,台中市,大甲區,46,26472,51.71
22329,2023-01-20,台中市,大甲區,70,26426,53.57
22695,2023-01-19,台中市,大甲區,42,26356,49.14
23067,2023-01-18,台中市,大甲區,47,26314,51.57
23436,2023-01-17,台中市,大甲區,58,26267,53.00
23801,2023-01-16,台中市,大甲區,43,26209,51.29
24178,2023-01-15,台中市,大甲區,56,26166,52.29
24543,2023-01-14,台中市,大甲區,59,26110,52.57
24909,2023-01-13,台中市,大甲區,39,26051,52.29
25279,2023-01-12,台中市,大甲區,59,26012,57.71
25654,2023-01-11,台中市,大甲區,57,25953,59.71
26029,2023-01-10,台中市,大甲區,46,25896,64.86
26403,2023-01-09,台中市,大甲區,50,25850,68.86
26777,2023-01-08,台中市,大甲區,58,25800,67.86
27138,2023-01-07,台中市,大甲區,57,25742,70.14
27510,2023-01-06,台中市,大甲區,77,25685,73.00
27887,2023-01-05,台中市,大甲區,73,25608,74.14
28266,2023-01-04,台中市,大甲區,93,25535,74.43
28647,2023-01-03,台中市,大甲區,74,25442,73.57
29028,2023-01-02,台中市,大甲區,43,25368,72.43
29401,2023-01-01,台中市,大甲區,74,25325,76.86
29762,2022-12-31,台中市,大甲區,77,25251,72.14
30128,2022-12-30,台中市,大甲區,85,25174,69.00
30502,2022-12-29,台中市,大甲區,75,25089,65.00
30874,2022-12-28,台中市,大甲區,87,25014,62.57
31243,2022-12-27,台中市,大甲區,66,24927,59.57
31618,2022-12-26,台中市,大甲區,74,24861,59.71
31986,2022-12-25,台中市,大甲區,41,24787,54.29
32345,2022-12-24,台中市,大甲區,55,24746,53.86
32703,2022-12-23,台中市,大甲區,57,24691,49.43
33070,2022-12-22,台中市,大甲區,58,24634,45.57
33436,2022-12-21,台中市,大甲區,66,24576,41.86
33804,2022-12-20,台中市,大甲區,67,24510,38.71
34169,2022-12-19,台中市,大甲區,36,24443,35.29
34538,2022-12-18,台中市,大甲區,38,24407,39.00
34887,2022-12-17,台中市,大甲區,24,24369,37.71
35249,2022-12-16,台中市,大甲區,30,24345,40.57
35613,2022-12-15,台中市,大甲區,32,24315,42.14
35981,2022-12-14,台中市,大甲區,44,24283,46.86
36341,2022-12-13,台中市,大甲區,43,24239,46.43
36720,2022-12-12,台中市,大甲區,62,24196,46.71
37084,2022-12-11,台中市,大甲區,29,24134,42.14
37441,2022-12-10,台中市,大甲區,44,24105,42.86
37810,2022-12-09,台中市,大甲區,41,24061,41.57
38175,2022-12-08,台中市,大甲區,65,24020,43.14
38548,2022-12-07,台中市,大甲區,41,23955,40.57
38918,2022-12-06,台中市,大甲區,45,23914,41.43
39291,2022-12-05,台中市,大甲區,30,23869,42.86
39670,2022-12-04,台中市,大甲區,34,23839,42.86
40034,2022-12-03,台中市,大甲區,35,23805,44.00
40405,2022-12-02,台中市,大甲區,52,23770,45.43
40770,2022-12-01,台中市,大甲區,47,23718,43.14
41142,2022-11-30,台中市,大甲區,47,23671,42.86
41515,2022-11-29,台中市,大甲區,55,23624,44.00
41895,2022-11-28,台中市,大甲區,30,23569,45.43
42272,2022-11-27,台中市,大甲區,42,23539,48.29
42629,2022-11-26,台中市,大甲區,45,23497,47.14
42990,2022-11-25,台中市,大甲區,36,23452,47.86
43359,2022-11-24,台中市,大甲區,45,23416,47.29
43728,2022-11-23,台中市,大甲區,55,23371,47.86
44102,2022-11-22,台中市,大甲區,65,23316,46.29
44477,2022-11-21,台中市,大甲區,50,23251,47.43
44857,2022-11-20,台中市,大甲區,34,23201,45.00
45223,2022-11-19,台中市,大甲區,50,23167,45.71
45594,2022-11-18,台中市,大甲區,32,23117,45.29
45968,2022-11-17,台中市,大甲區,49,23085,47.71
46341,2022-11-16,台中市,大甲區,44,23036,48.29
46723,2022-11-15,台中市,大甲區,73,22992,52.00
47101,2022-11-14,台中市,大甲區,33,22919,50.14
47480,2022-11-13,台中市,大甲區,39,22886,53.14
47851,2022-11-12,台中市,大甲區,47,22847,56.57
48229,2022-11-11,台中市,大甲區,49,22800,60.86
48607,2022-11-10,台中市,大甲區,53,22751,60.71
48991,2022-11-09,台中市,大甲區,70,22698,62.14
49377,2022-11-08,台中市,大甲區,60,22628,62.43
49762,2022-11-07,台中市,大甲區,54,22568,65.86
50142,2022-11-06,台中市,大甲區,63,22514,65.57
50512,2022-11-05,台中市,大甲區,77,22451,65.71
50891,2022-11-04,台中市,大甲區,48,22374,64.14
51276,2022-11-03,台中市,大甲區,63,22326,69.43
51655,2022-11-02,台中市,大甲區,72,22263,76.57
52043,2022-11-01,台中市,大甲區,84,22191,76.71
52426,2022-10-31,台中市,大甲區,52,22107,79.00
52810,2022-10-30,台中市,大甲區,64,22055,88.71
53187,2022-10-29,台中市,大甲區,66,21991,91.43
53569,2022-10-28,台中市,大甲區,85,21925,94.29
53956,2022-10-27,台中市,大甲區,113,21840,94.86
54339,2022-10-26,台中市,大甲區,73,21727,92.00
54725,2022-10-25,台中市,大甲區,100,21654,94.86
55116,2022-10-24,台中市,大甲區,120,21554,96.29
55504,2022-10-23,台中市,大甲區,83,21434,96.29
55882,2022-10-22,台中市,大甲區,86,21351,99.00
56268,2022-10-21,台中市,大甲區,89,21265,101.71
56657,2022-10-20,台中市,大甲區,93,21176,105.14
57042,2022-10-19,台中市,大甲區,93,21083,113.86
57429,2022-10-18,台中市,大甲區,110,20990,118.29
57819,2022-10-17,台中市,大甲區,120,20880,123.29
58208,2022-10-16,台中市,大甲區,102,20760,122.14
58593,2022-10-15,台中市,大甲區,105,20658,123.71
58979,2022-10-14,台中市,大甲區,113,20553,126.86
59368,2022-10-13,台中市,大甲區,154,20440,128.86
59759,2022-10-12,台中市,大甲區,124,20286,127.14
60149,2022-10-11,台中市,大甲區,145,20162,125.43
60539,2022-10-10,台中市,大甲區,112,20017,125.57
60923,2022-10-09,台中市,大甲區,113,19905,132.43
61311,2022-10-08,台中市,大甲區,127,19792,131.29
61700,2022-10-07,台中市,大甲區,127,19665,131.71
62087,2022-10-06,台中市,大甲區,142,19538,130.14
62478,2022-10-05,台中市,大甲區,112,19396,130.71
62866,2022-10-04,台中市,大甲區,146,19284,133.29
63254,2022-10-03,台中市,大甲區,160,19138,133.86
63645,2022-10-02,台中市,大甲區,105,18978,135.57
64026,2022-10-01,台中市,大甲區,130,18873,136.43
64412,2022-09-30,台中市,大甲區,116,18743,134.71
64797,2022-09-29,台中市,大甲區,146,18627,134.86
65185,2022-09-28,台中市,大甲區,130,18481,130.71
65572,2022-09-27,台中市,大甲區,150,18351,129.71
65959,2022-09-26,台中市,大甲區,172,18201,131.86
66346,2022-09-25,台中市,大甲區,111,18029,123.71
66731,2022-09-24,台中市,大甲區,118,17918,117.43
67115,2022-09-23,台中市,大甲區,117,17800,115.29
67503,2022-09-22,台中市,大甲區,117,17683,110.86
67891,2022-09-21,台中市,大甲區,123,17566,108.14
68280,2022-09-20,台中市,大甲區,165,17443,105.57
68670,2022-09-19,台中市,大甲區,115,17278,97.14
69060,2022-09-18,台中市,大甲區,67,17163,95.86
69443,2022-09-17,台中市,大甲區,103,17096,96.00
69830,2022-09-16,台中市,大甲區,86,16993,95.14
70215,2022-09-15,台中市,大甲區,98,16907,93.43
70602,2022-09-14,台中市,大甲區,105,16809,90.43
70988,2022-09-13,台中市,大甲區,106,16704,89.29
71377,2022-09-12,台中市,大甲區,106,16598,89.00
71766,2022-09-11,台中市,大甲區,68,16492,84.29
72148,2022-09-10,台中市,大甲區,97,16424,83.71
72530,2022-09-09,台中市,大甲區,74,16327,83.86
72912,2022-09-08,台中市,大甲區,77,16253,83.71
73299,2022-09-07,台中市,大甲區,97,16176,85.57
73683,2022-09-06,台中市,大甲區,104,16079,86.29
74069,2022-09-05,台中市,大甲區,73,15975,84.71
74455,2022-09-04,台中市,大甲區,64,15902,85.00
74837,2022-09-03,台中市,大甲區,98,15838,83.29
75225,2022-09-02,台中市,大甲區,73,15740,78.29
75611,2022-09-01,台中市,大甲區,90,15667,76.00
76000,2022-08-31,台中市,大甲區,102,15577,71.14
76387,2022-08-30,台中市,大甲區,93,15475,68.29
76775,2022-08-29,台中市,大甲區,75,15382,64.57
77163,2022-08-28,台中市,大甲區,52,15307,65.43
77547,2022-08-27,台中市,大甲區,63,15255,63.71
77933,2022-08-26,台中市,大甲區,57,15192,62.71
78317,2022-08-25,台中市,大甲區,56,15135,62.00
78704,2022-08-24,台中市,大甲區,82,15079,60.57
79090,2022-08-23,台中市,大甲區,67,14997,55.43
79474,2022-08-22,台中市,大甲區,81,14930,55.00
79862,2022-08-21,台中市,大甲區,40,14849,52.29
80239,2022-08-20,台中市,大甲區,56,14809,52.00
80623,2022-08-19,台中市,大甲區,52,14753,52.14
81008,2022-08-18,台中市,大甲區,46,14701,51.71
81397,2022-08-17,台中市,大甲區,46,14655,53.00
81782,2022-08-16,台中市,大甲區,64,14609,57.14
82169,2022-08-15,台中市,大甲區,62,14545,58.14
82554,2022-08-14,台中市,大甲區,38,14483,57.00
82930,2022-08-13,台中市,大甲區,57,14445,58.29
83311,2022-08-12,台中市,大甲區,49,14388,59.14
83698,2022-08-11,台中市,大甲區,55,14339,59.43
84084,2022-08-10,台中市,大甲區,75,14284,60.71
84469,2022-08-09,台中市,大甲區,71,14209,59.00
84851,2022-08-08,台中市,大甲區,54,14138,58.43
85234,2022-08-07,台中市,大甲區,47,14084,57.29
85607,2022-08-06,台中市,大甲區,63,14037,57.29
85989,2022-08-05,台中市,大甲區,51,13974,57.57
86376,2022-08-04,台中市,大甲區,64,13923,57.86
86760,2022-08-03,台中市,大甲區,63,13859,57.29
87143,2022-08-02,台中市,大甲區,67,13796,59.43
87529,2022-08-01,台中市,大甲區,46,13729,57.43
87915,2022-07-31,台中市,大甲區,47,13683,57.86
88292,2022-07-30,台中市,大甲區,65,13636,59.14
88670,2022-07-29,台中市,大甲區,53,13571,57.86
89056,2022-07-28,台中市,大甲區,60,13518,60.57
89443,2022-07-27,台中市,大甲區,78,13458,64.00
89833,2022-07-26,台中市,大甲區,53,13380,62.86
90220,2022-07-25,台中市,大甲區,49,13327,62.86
90602,2022-07-24,台中市,大甲區,56,13278,64.29
90981,2022-07-23,台中市,大甲區,56,13222,64.00
91366,2022-07-22,台中市,大甲區,72,13166,67.00
91752,2022-07-21,台中市,大甲區,84,13094,65.57
92136,2022-07-20,台中市,大甲區,70,13010,64.86
92523,2022-07-19,台中市,大甲區,53,12940,65.29
92912,2022-07-18,台中市,大甲區,59,12887,71.29
93298,2022-07-17,台中市,大甲區,54,12828,76.00
93678,2022-07-16,台中市,大甲區,77,12774,76.43
94065,2022-07-15,台中市,大甲區,62,12697,77.43
94452,2022-07-14,台中市,大甲區,79,12635,82.86
94841,2022-07-13,台中市,大甲區,73,12556,86.43
95229,2022-07-12,台中市,大甲區,95,12483,94.43
95617,2022-07-11,台中市,大甲區,92,12388,103.71
96004,2022-07-10,台中市,大甲區,57,12296,108.00
96389,2022-07-09,台中市,大甲區,84,12239,114.00
96776,2022-07-08,台中市,大甲區,100,12155,121.29
97167,2022-07-07,台中市,大甲區,104,12055,123.00
97558,2022-07-06,台中市,大甲區,129,11951,126.00
97946,2022-07-05,台中市,大甲區,160,11822,126.86
98336,2022-07-04,台中市,大甲區,122,11662,129.14
98725,2022-07-03,台中市,大甲區,99,11540,131.29
99108,2022-07-02,台中市,大甲區,135,11441,135.43
99498,2022-07-01,台中市,大甲區,112,11306,138.43
99890,2022-06-30,台中市,大甲區,125,11194,148.00
100281,2022-06-29,台中市,大甲區,135,11069,155.29
100671,2022-06-28,台中市,大甲區,176,10934,168.57
101062,2022-06-27,台中市,大甲區,137,10758,177.86
101450,2022-06-26,台中市,大甲區,128,10621,195.43
101836,2022-06-25,台中市,大甲區,156,10493,200.43
102226,2022-06-24,台中市,大甲區,179,10337,209.57
102616,2022-06-23,台中市,大甲區,176,10158,218.00
103009,2022-06-22,台中市,大甲區,228,9982,222.14
103398,2022-06-21,台中市,大甲區,241,9754,224.29
103790,2022-06-20,台中市,大甲區,260,9513,243.86
104181,2022-06-19,台中市,大甲區,163,9253,236.43
104571,2022-06-18,台中市,大甲區,220,9090,246.14
104962,2022-06-17,台中市,大甲區,238,8870,263.71
105352,2022-06-16,台中市,大甲區,205,8632,262.86
105742,2022-06-15,台中市,大甲區,243,8427,270.00
106132,2022-06-14,台中市,大甲區,378,8184,279.43
106524,2022-06-13,台中市,大甲區,208,7806,266.29
106914,2022-06-12,台中市,大甲區,231,7598,284.00
107301,2022-06-11,台中市,大甲區,343,7367,277.29
107693,2022-06-10,台中市,大甲區,232,7024,268.86
108082,2022-06-09,台中市,大甲區,255,6792,272.14
108471,2022-06-08,台中市,大甲區,309,6537,280.43
108861,2022-06-07,台中市,大甲區,286,6228,283.86
109253,2022-06-06,台中市,大甲區,332,5942,294.57
109643,2022-06-05,台中市,大甲區,184,5610,286.86
110032,2022-06-04,台中市,大甲區,284,5426,302.00
110422,2022-06-03,台中市,大甲區,255,5142,293.43
110813,2022-06-02,台中市,大甲區,313,4887,285.57
111203,2022-06-01,台中市,大甲區,333,4574,278.00
111595,2022-05-31,台中市,大甲區,361,4241,276.00
111986,2022-05-30,台中市,大甲區,278,3880,257.29
112377,2022-05-29,台中市,大甲區,290,3602,247.29
112768,2022-05-28,台中市,大甲區,224,3312,226.14
113158,2022-05-27,台中市,大甲區,200,3088,212.00
113548,2022-05-26,台中市,大甲區,260,2888,212.71
113939,2022-05-25,台中市,大甲區,319,2628,198.57
114329,2022-05-24,台中市,大甲區,230,2309,184.43
114721,2022-05-23,台中市,大甲區,208,2079,164.14
115112,2022-05-22,台中市,大甲區,142,1871,144.00
115503,2022-05-21,台中市,大甲區,125,1729,139.57
115888,2022-05-20,台中市,大甲區,205,1604,133.29
116276,2022-05-19,台中市,大甲區,161,1399,117.86
116665,2022-05-18,台中市,大甲區,220,1238,104.29
117055,2022-05-17,台中市,大甲區,88,1018,86.57
117444,2022-05-16,台中市,大甲區,67,930,83.71
117833,2022-05-15,台中市,大甲區,111,863,79.43
118216,2022-05-14,台中市,大甲區,81,752,68.71
118601,2022-05-13,台中市,大甲區,97,671,63.71
118988,2022-05-12,台中市,大甲區,66,574,55.00
119372,2022-05-11,台中市,大甲區,96,508,48.86
119757,2022-05-10,台中市,大甲區,68,412,39.86
120139,2022-05-09,台中市,大甲區,37,344,34.00
120520,2022-05-08,台中市,大甲區,36,307,31.29
120905,2022-05-07,台中市,大甲區,46,271,28.71
121283,2022-05-06,台中市,大甲區,36,225,25.00
121661,2022-05-05,台中市,大甲區,23,189,20.71
122029,2022-05-04,台中市,大甲區,33,166,19.14
122393,2022-05-03,台中市,大甲區,27,133,15.00
122750,2022-05-02,台中市,大甲區,18,106,12.00
123094,2022-05-01,台中市,大甲區,18,88,9.71
123431,2022-04-30,台中市,大甲區,20,70,7.71
123758,2022-04-29,台中市,大甲區,6,50,4.86
124075,2022-04-28,台中市,大甲區,12,44,5.14
124382,2022-04-27,台中市,大甲區,4,32,4.00
124678,2022-04-26,台中市,大甲區,6,28,3.57
124965,2022-04-25,台中市,大甲區,2,22,2.71
125233,2022-04-24,台中市,大甲區,4,20,2.57
125724,2022-04-22,台中市,大甲區,8,16,2.00
125960,2022-04-21,台中市,大甲區,4,8,0.86
126195,2022-04-20,台中市,大甲區,1,4,0.29
126590,2022-04-18,台中市,大甲區,1,3,0.14
127701,2022-04-11,台中市,大甲區,1,2,0.14
132192,2021-06-11,台中市,大甲區,1,1,0.14
