UID,個案研判日,縣市別,區域,新增確診人數,累計確診人數,七天移動平均新增確診人數
1145,2023-03-19,台中市,和平區,1,2847,2.86
1828,2023-03-17,台中市,和平區,2,2846,3.00
2176,2023-03-16,台中市,和平區,3,2844,2.71
2530,2023-03-15,台中市,和平區,4,2841,2.57
2881,2023-03-14,台中市,和平區,6,2837,2.14
3238,2023-03-13,台中市,和平區,4,2831,1.57
3590,2023-03-12,台中市,和平區,1,2827,1.29
3944,2023-03-11,台中市,和平區,1,2826,1.29
4652,2023-03-09,台中市,和平區,2,2825,1.86
5008,2023-03-08,台中市,和平區,1,2823,1.86
5362,2023-03-07,台中市,和平區,2,2822,2.14
5727,2023-03-06,台中市,和平區,2,2820,2.29
6080,2023-03-05,台中市,和平區,1,2818,2.43
6780,2023-03-03,台中市,和平區,5,2817,2.71
7142,2023-03-02,台中市,和平區,2,2812,2.57
7507,2023-03-01,台中市,和平區,3,2810,3.00
7878,2023-02-28,台中市,和平區,3,2807,2.86
8240,2023-02-27,台中市,和平區,3,2804,2.71
8585,2023-02-26,台中市,和平區,2,2801,2.71
8946,2023-02-25,台中市,和平區,1,2799,2.43
9312,2023-02-24,台中市,和平區,4,2798,2.86
9677,2023-02-23,台中市,和平區,5,2794,3.29
10049,2023-02-22,台中市,和平區,2,2789,3.14
10422,2023-02-21,台中市,和平區,2,2787,3.29
10794,2023-02-20,台中市,和平區,3,2785,5.14
11528,2023-02-18,台中市,和平區,4,2782,5.14
11896,2023-02-17,台中市,和平區,7,2778,4.71
12269,2023-02-16,台中市,和平區,4,2771,3.86
12645,2023-02-15,台中市,和平區,3,2767,3.57
13020,2023-02-14,台中市,和平區,15,2764,3.71
13391,2023-02-13,台中市,和平區,3,2749,1.71
14127,2023-02-11,台中市,和平區,1,2746,2.00
14497,2023-02-10,台中市,和平區,1,2745,2.00
14869,2023-02-09,台中市,和平區,2,2744,2.29
15251,2023-02-08,台中市,和平區,4,2742,2.57
15629,2023-02-07,台中市,和平區,1,2738,2.29
16009,2023-02-06,台中市,和平區,5,2737,2.86
16758,2023-02-04,台中市,和平區,1,2732,3.14
17137,2023-02-03,台中市,和平區,3,2731,4.29
17524,2023-02-02,台中市,和平區,4,2728,4.14
17904,2023-02-01,台中市,和平區,2,2724,4.00
18286,2023-01-31,台中市,和平區,5,2722,4.00
18671,2023-01-30,台中市,和平區,5,2717,4.00
19056,2023-01-29,台中市,和平區,2,2712,3.29
19434,2023-01-28,台中市,和平區,9,2710,3.00
19810,2023-01-27,台中市,和平區,2,2701,1.71
20189,2023-01-26,台中市,和平區,3,2699,2.14
20560,2023-01-25,台中市,和平區,2,2696,2.00
20929,2023-01-24,台中市,和平區,5,2694,1.86
22406,2023-01-20,台中市,和平區,5,2689,2.71
22774,2023-01-19,台中市,和平區,2,2684,2.71
23146,2023-01-18,台中市,和平區,1,2682,3.29
23512,2023-01-17,台中市,和平區,3,2681,3.57
23881,2023-01-16,台中市,和平區,3,2678,3.43
24255,2023-01-15,台中市,和平區,4,2675,3.71
24621,2023-01-14,台中市,和平區,1,2671,3.86
24990,2023-01-13,台中市,和平區,5,2670,4.00
25362,2023-01-12,台中市,和平區,6,2665,3.71
25733,2023-01-11,台中市,和平區,3,2659,4.14
26111,2023-01-10,台中市,和平區,2,2656,4.71
26485,2023-01-09,台中市,和平區,5,2654,5.86
26854,2023-01-08,台中市,和平區,5,2649,6.29
27216,2023-01-07,台中市,和平區,2,2644,6.00
27590,2023-01-06,台中市,和平區,3,2642,6.71
27969,2023-01-05,台中市,和平區,9,2639,6.86
28349,2023-01-04,台中市,和平區,7,2630,6.86
28731,2023-01-03,台中市,和平區,10,2623,6.43
29109,2023-01-02,台中市,和平區,8,2613,5.14
29480,2023-01-01,台中市,和平區,3,2605,5.14
29840,2022-12-31,台中市,和平區,7,2602,4.71
30207,2022-12-30,台中市,和平區,4,2595,3.86
30580,2022-12-29,台中市,和平區,9,2591,4.00
30953,2022-12-28,台中市,和平區,4,2582,3.14
31326,2022-12-27,台中市,和平區,1,2578,3.57
31700,2022-12-26,台中市,和平區,8,2577,3.71
32423,2022-12-24,台中市,和平區,1,2569,2.86
32782,2022-12-23,台中市,和平區,5,2568,3.14
33148,2022-12-22,台中市,和平區,3,2563,3.00
33514,2022-12-21,台中市,和平區,7,2560,2.86
33882,2022-12-20,台中市,和平區,2,2553,2.14
34248,2022-12-19,台中市,和平區,2,2551,2.71
34963,2022-12-17,台中市,和平區,3,2549,3.14
35330,2022-12-16,台中市,和平區,4,2546,3.14
35691,2022-12-15,台中市,和平區,2,2542,3.14
36056,2022-12-14,台中市,和平區,2,2540,3.14
36422,2022-12-13,台中市,和平區,6,2538,3.43
36800,2022-12-12,台中市,和平區,5,2532,3.14
37520,2022-12-10,台中市,和平區,3,2527,3.86
37886,2022-12-09,台中市,和平區,4,2524,3.71
38257,2022-12-08,台中市,和平區,2,2520,3.57
38631,2022-12-07,台中市,和平區,4,2518,4.43
38996,2022-12-06,台中市,和平區,4,2514,4.57
39372,2022-12-05,台中市,和平區,6,2510,4.86
39746,2022-12-04,台中市,和平區,4,2504,5.57
40113,2022-12-03,台中市,和平區,2,2500,5.57
40481,2022-12-02,台中市,和平區,3,2498,5.71
40850,2022-12-01,台中市,和平區,8,2495,5.43
41223,2022-11-30,台中市,和平區,5,2487,4.43
41598,2022-11-29,台中市,和平區,6,2482,3.86
41976,2022-11-28,台中市,和平區,11,2476,4.00
42349,2022-11-27,台中市,和平區,4,2465,3.29
42704,2022-11-26,台中市,和平區,3,2461,3.14
43069,2022-11-25,台中市,和平區,1,2458,2.86
43439,2022-11-24,台中市,和平區,1,2457,2.86
43806,2022-11-23,台中市,和平區,1,2456,3.29
44180,2022-11-22,台中市,和平區,7,2455,3.86
44559,2022-11-21,台中市,和平區,6,2448,4.00
44934,2022-11-20,台中市,和平區,3,2442,3.71
45302,2022-11-19,台中市,和平區,1,2439,3.57
45671,2022-11-18,台中市,和平區,1,2438,4.00
46045,2022-11-17,台中市,和平區,4,2437,4.57
46421,2022-11-16,台中市,和平區,5,2433,4.57
46803,2022-11-15,台中市,和平區,8,2428,4.00
47181,2022-11-14,台中市,和平區,4,2420,3.29
47558,2022-11-13,台中市,和平區,2,2416,4.29
47931,2022-11-12,台中市,和平區,4,2414,4.57
48309,2022-11-11,台中市,和平區,5,2410,4.57
48689,2022-11-10,台中市,和平區,4,2405,4.29
49072,2022-11-09,台中市,和平區,1,2401,4.14
49459,2022-11-08,台中市,和平區,3,2400,5.00
49844,2022-11-07,台中市,和平區,11,2397,6.14
50220,2022-11-06,台中市,和平區,4,2386,5.86
50591,2022-11-05,台中市,和平區,4,2382,5.86
50975,2022-11-04,台中市,和平區,3,2378,7.43
51358,2022-11-03,台中市,和平區,3,2375,8.14
51738,2022-11-02,台中市,和平區,7,2372,9.71
52125,2022-11-01,台中市,和平區,11,2365,10.29
52508,2022-10-31,台中市,和平區,9,2354,9.71
52889,2022-10-30,台中市,和平區,4,2345,10.29
53268,2022-10-29,台中市,和平區,15,2341,10.29
53652,2022-10-28,台中市,和平區,8,2326,8.71
54038,2022-10-27,台中市,和平區,14,2318,9.86
54423,2022-10-26,台中市,和平區,11,2304,9.00
54809,2022-10-25,台中市,和平區,7,2293,9.00
55200,2022-10-24,台中市,和平區,13,2286,9.86
55584,2022-10-23,台中市,和平區,4,2273,9.43
55966,2022-10-22,台中市,和平區,4,2269,9.71
56352,2022-10-21,台中市,和平區,16,2265,11.29
56738,2022-10-20,台中市,和平區,8,2249,10.00
57125,2022-10-19,台中市,和平區,11,2241,10.71
57513,2022-10-18,台中市,和平區,13,2230,11.86
57903,2022-10-17,台中市,和平區,10,2217,13.00
58291,2022-10-16,台中市,和平區,6,2207,13.57
58677,2022-10-15,台中市,和平區,15,2201,14.14
59063,2022-10-14,台中市,和平區,7,2186,14.00
59452,2022-10-13,台中市,和平區,13,2179,14.43
59843,2022-10-12,台中市,和平區,19,2166,13.00
60233,2022-10-11,台中市,和平區,21,2147,11.00
60623,2022-10-10,台中市,和平區,14,2126,9.71
61006,2022-10-09,台中市,和平區,10,2112,8.71
61395,2022-10-08,台中市,和平區,14,2102,8.00
61784,2022-10-07,台中市,和平區,10,2088,7.14
62171,2022-10-06,台中市,和平區,3,2078,7.14
62562,2022-10-05,台中市,和平區,5,2075,8.00
62949,2022-10-04,台中市,和平區,12,2070,7.86
63338,2022-10-03,台中市,和平區,7,2058,7.29
63727,2022-10-02,台中市,和平區,5,2051,8.14
64109,2022-10-01,台中市,和平區,8,2046,8.71
64495,2022-09-30,台中市,和平區,10,2038,8.29
64880,2022-09-29,台中市,和平區,9,2028,8.43
65269,2022-09-28,台中市,和平區,4,2019,8.29
65656,2022-09-27,台中市,和平區,8,2015,10.14
66042,2022-09-26,台中市,和平區,13,2007,10.57
66429,2022-09-25,台中市,和平區,9,1994,10.29
66813,2022-09-24,台中市,和平區,5,1985,9.29
67199,2022-09-23,台中市,和平區,11,1980,9.43
67586,2022-09-22,台中市,和平區,8,1969,9.43
67975,2022-09-21,台中市,和平區,17,1961,10.00
68364,2022-09-20,台中市,和平區,11,1944,9.71
68754,2022-09-19,台中市,和平區,11,1933,10.14
69144,2022-09-18,台中市,和平區,2,1922,11.57
69527,2022-09-17,台中市,和平區,6,1920,11.86
69914,2022-09-16,台中市,和平區,11,1914,12.57
70299,2022-09-15,台中市,和平區,12,1903,12.29
70686,2022-09-14,台中市,和平區,15,1891,11.00
71072,2022-09-13,台中市,和平區,14,1876,8.86
71461,2022-09-12,台中市,和平區,21,1862,7.57
71848,2022-09-11,台中市,和平區,4,1841,6.29
72230,2022-09-10,台中市,和平區,11,1837,6.86
72612,2022-09-09,台中市,和平區,9,1826,6.57
72996,2022-09-08,台中市,和平區,3,1817,6.29
73767,2022-09-06,台中市,和平區,5,1814,9.14
74153,2022-09-05,台中市,和平區,12,1809,10.00
74537,2022-09-04,台中市,和平區,8,1797,11.00
74921,2022-09-03,台中市,和平區,9,1789,10.29
75309,2022-09-02,台中市,和平區,7,1780,10.00
75695,2022-09-01,台中市,和平區,14,1773,10.43
76084,2022-08-31,台中市,和平區,9,1759,9.86
76471,2022-08-30,台中市,和平區,11,1750,9.57
76859,2022-08-29,台中市,和平區,19,1739,10.00
77246,2022-08-28,台中市,和平區,3,1720,9.29
77631,2022-08-27,台中市,和平區,7,1717,10.00
78017,2022-08-26,台中市,和平區,10,1710,9.57
78401,2022-08-25,台中市,和平區,10,1700,9.29
78786,2022-08-24,台中市,和平區,7,1690,8.43
79173,2022-08-23,台中市,和平區,14,1683,8.86
79558,2022-08-22,台中市,和平區,14,1669,8.29
79942,2022-08-21,台中市,和平區,8,1655,6.71
80322,2022-08-20,台中市,和平區,4,1647,6.43
80706,2022-08-19,台中市,和平區,8,1643,6.57
81092,2022-08-18,台中市,和平區,4,1635,6.14
81481,2022-08-17,台中市,和平區,10,1631,6.43
81866,2022-08-16,台中市,和平區,10,1621,5.86
82253,2022-08-15,台中市,和平區,3,1611,5.86
82636,2022-08-14,台中市,和平區,6,1608,7.43
83013,2022-08-13,台中市,和平區,5,1602,7.43
83395,2022-08-12,台中市,和平區,5,1597,8.86
83779,2022-08-11,台中市,和平區,6,1592,9.57
84166,2022-08-10,台中市,和平區,6,1586,11.43
84549,2022-08-09,台中市,和平區,10,1580,13.29
84935,2022-08-08,台中市,和平區,14,1570,13.29
85314,2022-08-07,台中市,和平區,6,1556,13.29
85689,2022-08-06,台中市,和平區,15,1550,13.57
86073,2022-08-05,台中市,和平區,10,1535,13.57
86459,2022-08-04,台中市,和平區,19,1525,13.57
86844,2022-08-03,台中市,和平區,19,1506,12.29
87226,2022-08-02,台中市,和平區,10,1487,11.43
87613,2022-08-01,台中市,和平區,14,1477,11.29
87996,2022-07-31,台中市,和平區,8,1463,10.71
88373,2022-07-30,台中市,和平區,15,1455,11.00
88754,2022-07-29,台中市,和平區,10,1440,10.29
89140,2022-07-28,台中市,和平區,10,1430,10.00
89527,2022-07-27,台中市,和平區,13,1420,9.43
89917,2022-07-26,台中市,和平區,9,1407,9.43
90304,2022-07-25,台中市,和平區,10,1398,9.00
90684,2022-07-24,台中市,和平區,10,1388,9.71
91064,2022-07-23,台中市,和平區,10,1378,8.43
91450,2022-07-22,台中市,和平區,8,1368,8.86
91836,2022-07-21,台中市,和平區,6,1360,9.14
92218,2022-07-20,台中市,和平區,13,1354,9.57
92607,2022-07-19,台中市,和平區,6,1341,9.43
92996,2022-07-18,台中市,和平區,15,1335,10.57
93382,2022-07-17,台中市,和平區,1,1320,12.29
93761,2022-07-16,台中市,和平區,13,1319,12.57
94149,2022-07-15,台中市,和平區,10,1306,11.86
94536,2022-07-14,台中市,和平區,9,1296,11.71
94925,2022-07-13,台中市,和平區,12,1287,11.71
95312,2022-07-12,台中市,和平區,14,1275,11.14
95701,2022-07-11,台中市,和平區,27,1261,10.43
96087,2022-07-10,台中市,和平區,3,1234,9.43
96473,2022-07-09,台中市,和平區,8,1231,9.57
96860,2022-07-08,台中市,和平區,9,1223,9.57
97251,2022-07-07,台中市,和平區,9,1214,12.43
97641,2022-07-06,台中市,和平區,8,1205,14.86
98030,2022-07-05,台中市,和平區,9,1197,15.00
98419,2022-07-04,台中市,和平區,20,1188,15.29
98809,2022-07-03,台中市,和平區,4,1168,15.57
99191,2022-07-02,台中市,和平區,8,1164,16.00
99582,2022-07-01,台中市,和平區,29,1156,15.29
99974,2022-06-30,台中市,和平區,26,1127,12.57
100365,2022-06-29,台中市,和平區,9,1101,10.86
100755,2022-06-28,台中市,和平區,11,1092,11.29
101146,2022-06-27,台中市,和平區,22,1081,12.29
101533,2022-06-26,台中市,和平區,7,1059,13.14
101920,2022-06-25,台中市,和平區,3,1052,13.14
102308,2022-06-24,台中市,和平區,10,1049,15.14
102700,2022-06-23,台中市,和平區,14,1039,15.57
103093,2022-06-22,台中市,和平區,12,1025,18.86
103482,2022-06-21,台中市,和平區,18,1013,22.14
103874,2022-06-20,台中市,和平區,28,995,22.57
104264,2022-06-19,台中市,和平區,7,967,25.29
104655,2022-06-18,台中市,和平區,17,960,26.14
105046,2022-06-17,台中市,和平區,13,943,28.71
105436,2022-06-16,台中市,和平區,37,930,28.86
105826,2022-06-15,台中市,和平區,35,893,31.00
106216,2022-06-14,台中市,和平區,21,858,30.00
106608,2022-06-13,台中市,和平區,47,837,29.57
106998,2022-06-12,台中市,和平區,13,790,29.00
107385,2022-06-11,台中市,和平區,35,777,30.14
107777,2022-06-10,台中市,和平區,14,742,27.86
108166,2022-06-09,台中市,和平區,52,728,30.00
108555,2022-06-08,台中市,和平區,28,676,26.57
108945,2022-06-07,台中市,和平區,18,648,27.43
109337,2022-06-06,台中市,和平區,43,630,29.29
109727,2022-06-05,台中市,和平區,21,587,28.14
110116,2022-06-04,台中市,和平區,19,566,30.14
110506,2022-06-03,台中市,和平區,29,547,29.29
110897,2022-06-02,台中市,和平區,28,518,29.86
111287,2022-06-01,台中市,和平區,34,490,29.14
111679,2022-05-31,台中市,和平區,31,456,28.14
112070,2022-05-30,台中市,和平區,35,425,26.29
112461,2022-05-29,台中市,和平區,35,390,28.14
112851,2022-05-28,台中市,和平區,13,355,26.71
113242,2022-05-27,台中市,和平區,33,342,28.86
113632,2022-05-26,台中市,和平區,23,309,25.43
114023,2022-05-25,台中市,和平區,27,286,25.57
114413,2022-05-24,台中市,和平區,18,259,23.00
114805,2022-05-23,台中市,和平區,48,241,21.29
115196,2022-05-22,台中市,和平區,25,193,16.14
115587,2022-05-21,台中市,和平區,28,168,13.71
115972,2022-05-20,台中市,和平區,9,140,10.71
116360,2022-05-19,台中市,和平區,24,131,10.00
116748,2022-05-18,台中市,和平區,9,107,7.43
117139,2022-05-17,台中市,和平區,6,98,7.00
117527,2022-05-16,台中市,和平區,12,92,7.14
117915,2022-05-15,台中市,和平區,8,80,5.86
118299,2022-05-14,台中市,和平區,7,72,5.29
118684,2022-05-13,台中市,和平區,4,65,4.86
119072,2022-05-12,台中市,和平區,6,61,4.86
119454,2022-05-11,台中市,和平區,6,55,4.43
119841,2022-05-10,台中市,和平區,7,49,5.86
120223,2022-05-09,台中市,和平區,3,42,5.14
120603,2022-05-08,台中市,和平區,4,39,5.00
120989,2022-05-07,台中市,和平區,4,35,4.43
121367,2022-05-06,台中市,和平區,4,31,3.86
121741,2022-05-05,台中市,和平區,3,27,3.43
122109,2022-05-04,台中市,和平區,16,24,3.14
122472,2022-05-03,台中市,和平區,2,8,0.86
122827,2022-05-02,台中市,和平區,2,6,0.57
123826,2022-04-29,台中市,和平區,1,4,0.29
124141,2022-04-28,台中市,和平區,1,3,0.29
125767,2022-04-22,台中市,和平區,1,2,0.14
127275,2022-04-14,台中市,和平區,1,1,0.14
