UID,個案研判日,縣市別,區域,新增確診人數,累計確診人數,七天移動平均新增確診人數
140,2023-06-14,台中市,潭子區,1,48125,0.14
676,2023-03-20,台中市,潭子區,7,48124,34.00
965,2023-03-19,台中市,潭子區,23,48117,40.14
1294,2023-03-18,台中市,潭子區,43,48094,42.71
1633,2023-03-17,台中市,潭子區,41,48051,43.29
1986,2023-03-16,台中市,潭子區,48,48010,43.00
2338,2023-03-15,台中市,潭子區,39,47962,42.14
2689,2023-03-14,台中市,潭子區,37,47923,44.86
3047,2023-03-13,台中市,潭子區,50,47886,45.43
3405,2023-03-12,台中市,潭子區,41,47836,47.29
3751,2023-03-11,台中市,潭子區,47,47795,47.14
4103,2023-03-10,台中市,潭子區,39,47748,48.57
4459,2023-03-09,台中市,潭子區,42,47709,51.43
4818,2023-03-08,台中市,潭子區,58,47667,56.43
5171,2023-03-07,台中市,潭子區,41,47609,57.43
5531,2023-03-06,台中市,潭子區,63,47568,61.86
5895,2023-03-05,台中市,潭子區,40,47505,58.00
6234,2023-03-04,台中市,潭子區,57,47465,57.57
6587,2023-03-03,台中市,潭子區,59,47408,54.86
6946,2023-03-02,台中市,潭子區,77,47349,55.29
7310,2023-03-01,台中市,潭子區,65,47272,52.43
7681,2023-02-28,台中市,潭子區,72,47207,55.14
8044,2023-02-27,台中市,潭子區,36,47135,57.00
8403,2023-02-26,台中市,潭子區,37,47099,67.57
8747,2023-02-25,台中市,潭子區,38,47062,70.29
9117,2023-02-24,台中市,潭子區,62,47024,77.86
9478,2023-02-23,台中市,潭子區,57,46962,78.00
9849,2023-02-22,台中市,潭子區,84,46905,80.86
10223,2023-02-21,台中市,潭子區,85,46821,78.43
10593,2023-02-20,台中市,潭子區,110,46736,79.43
10972,2023-02-19,台中市,潭子區,56,46626,77.43
11331,2023-02-18,台中市,潭子區,91,46570,77.43
11697,2023-02-17,台中市,潭子區,63,46479,77.00
12070,2023-02-16,台中市,潭子區,77,46416,78.00
12445,2023-02-15,台中市,潭子區,67,46339,77.43
12818,2023-02-14,台中市,潭子區,92,46272,81.14
13190,2023-02-13,台中市,潭子區,96,46180,82.00
13568,2023-02-12,台中市,潭子區,56,46084,89.57
13926,2023-02-11,台中市,潭子區,88,46028,91.57
14298,2023-02-10,台中市,潭子區,70,45940,92.14
14671,2023-02-09,台中市,潭子區,73,45870,100.14
15048,2023-02-08,台中市,潭子區,93,45797,109.86
15427,2023-02-07,台中市,潭子區,98,45704,117.57
15806,2023-02-06,台中市,潭子區,149,45606,123.14
16187,2023-02-05,台中市,潭子區,70,45457,126.14
16556,2023-02-04,台中市,潭子區,92,45387,130.00
16935,2023-02-03,台中市,潭子區,126,45295,132.43
17321,2023-02-02,台中市,潭子區,141,45169,134.86
17704,2023-02-01,台中市,潭子區,147,45028,124.00
18081,2023-01-31,台中市,潭子區,137,44881,116.14
18466,2023-01-30,台中市,潭子區,170,44744,106.43
18855,2023-01-29,台中市,潭子區,97,44574,92.57
19231,2023-01-28,台中市,潭子區,109,44477,84.86
19610,2023-01-27,台中市,潭子區,143,44368,79.71
19988,2023-01-26,台中市,潭子區,65,44225,69.57
20365,2023-01-25,台中市,潭子區,92,44160,72.43
20730,2023-01-24,台中市,潭子區,69,44068,68.86
21105,2023-01-23,台中市,潭子區,73,43999,71.43
21472,2023-01-22,台中市,潭子區,43,43926,72.43
21836,2023-01-21,台中市,潭子區,73,43883,76.43
22208,2023-01-20,台中市,潭子區,72,43810,79.14
22575,2023-01-19,台中市,潭子區,85,43738,80.57
22946,2023-01-18,台中市,潭子區,67,43653,83.00
23317,2023-01-17,台中市,潭子區,87,43586,87.43
23682,2023-01-16,台中市,潭子區,80,43499,92.86
24058,2023-01-15,台中市,潭子區,71,43419,102.71
24424,2023-01-14,台中市,潭子區,92,43348,101.71
24793,2023-01-13,台中市,潭子區,82,43256,103.57
25161,2023-01-12,台中市,潭子區,102,43174,107.71
25536,2023-01-11,台中市,潭子區,98,43072,114.71
25912,2023-01-10,台中市,潭子區,125,42974,122.43
26284,2023-01-09,台中市,潭子區,149,42849,126.29
26662,2023-01-08,台中市,潭子區,64,42700,125.86
27019,2023-01-07,台中市,潭子區,105,42636,126.00
27391,2023-01-06,台中市,潭子區,111,42531,133.43
27767,2023-01-05,台中市,潭子區,151,42420,132.43
28147,2023-01-04,台中市,潭子區,152,42269,131.14
28528,2023-01-03,台中市,潭子區,152,42117,132.43
28909,2023-01-02,台中市,潭子區,146,41965,132.71
29281,2023-01-01,台中市,潭子區,65,41819,129.57
29643,2022-12-31,台中市,潭子區,157,41754,128.57
30009,2022-12-30,台中市,潭子區,104,41597,120.86
30381,2022-12-29,台中市,潭子區,142,41493,120.57
30753,2022-12-28,台中市,潭子區,161,41351,112.43
31124,2022-12-27,台中市,潭子區,154,41190,102.86
31501,2022-12-26,台中市,潭子區,124,41036,92.71
31873,2022-12-25,台中市,潭子區,58,40912,87.00
32227,2022-12-24,台中市,潭子區,103,40854,84.14
32587,2022-12-23,台中市,潭子區,102,40751,79.00
32951,2022-12-22,台中市,潭子區,85,40649,75.00
33318,2022-12-21,台中市,潭子區,94,40564,72.86
33688,2022-12-20,台中市,潭子區,83,40470,69.57
34051,2022-12-19,台中市,潭子區,84,40387,71.57
34422,2022-12-18,台中市,潭子區,38,40303,74.43
34770,2022-12-17,台中市,潭子區,67,40265,78.57
35130,2022-12-16,台中市,潭子區,74,40198,81.86
35495,2022-12-15,台中市,潭子區,70,40124,81.43
35866,2022-12-14,台中市,潭子區,71,40054,83.00
36225,2022-12-13,台中市,潭子區,97,39983,83.71
36599,2022-12-12,台中市,潭子區,104,39886,80.29
36970,2022-12-11,台中市,潭子區,67,39782,77.86
37322,2022-12-10,台中市,潭子區,90,39715,74.43
37691,2022-12-09,台中市,潭子區,71,39625,72.29
38056,2022-12-08,台中市,潭子區,81,39554,71.43
38429,2022-12-07,台中市,潭子區,76,39473,71.86
38800,2022-12-06,台中市,潭子區,73,39397,72.14
39172,2022-12-05,台中市,潭子區,87,39324,72.71
39550,2022-12-04,台中市,潭子區,43,39237,73.00
39915,2022-12-03,台中市,潭子區,75,39194,73.57
40285,2022-12-02,台中市,潭子區,65,39119,72.57
40654,2022-12-01,台中市,潭子區,84,39054,74.86
41024,2022-11-30,台中市,潭子區,78,38970,75.00
41395,2022-11-29,台中市,潭子區,77,38892,76.71
41775,2022-11-28,台中市,潭子區,89,38815,75.43
42152,2022-11-27,台中市,潭子區,47,38726,75.71
42513,2022-11-26,台中市,潭子區,68,38679,75.43
42869,2022-11-25,台中市,潭子區,81,38611,75.43
43241,2022-11-24,台中市,潭子區,85,38530,75.86
43611,2022-11-23,台中市,潭子區,90,38445,74.57
43982,2022-11-22,台中市,潭子區,68,38355,77.14
44356,2022-11-21,台中市,潭子區,91,38287,83.29
44738,2022-11-20,台中市,潭子區,45,38196,80.86
45102,2022-11-19,台中市,潭子區,68,38151,87.29
45476,2022-11-18,台中市,潭子區,84,38083,92.86
45848,2022-11-17,台中市,潭子區,76,37999,96.71
46221,2022-11-16,台中市,潭子區,108,37923,100.14
46601,2022-11-15,台中市,潭子區,111,37815,103.43
46982,2022-11-14,台中市,潭子區,74,37704,106.43
47363,2022-11-13,台中市,潭子區,90,37630,119.71
47733,2022-11-12,台中市,潭子區,107,37540,120.29
48109,2022-11-11,台中市,潭子區,111,37433,128.14
48489,2022-11-10,台中市,潭子區,100,37322,129.43
48871,2022-11-09,台中市,潭子區,131,37222,134.86
49255,2022-11-08,台中市,潭子區,132,37091,136.71
49640,2022-11-07,台中市,潭子區,167,36959,143.71
50025,2022-11-06,台中市,潭子區,94,36792,153.43
50394,2022-11-05,台中市,潭子區,162,36698,154.29
50769,2022-11-04,台中市,潭子區,120,36536,157.86
51155,2022-11-03,台中市,潭子區,138,36416,163.29
51535,2022-11-02,台中市,潭子區,144,36278,169.71
51921,2022-11-01,台中市,潭子區,181,36134,177.71
52306,2022-10-31,台中市,潭子區,235,35953,175.71
52689,2022-10-30,台中市,潭子區,100,35718,173.00
53068,2022-10-29,台中市,潭子區,187,35618,177.43
53447,2022-10-28,台中市,潭子區,158,35431,179.29
53834,2022-10-27,台中市,潭子區,183,35273,180.57
54221,2022-10-26,台中市,潭子區,200,35090,185.57
54605,2022-10-25,台中市,潭子區,167,34890,183.71
54994,2022-10-24,台中市,潭子區,216,34723,195.71
55384,2022-10-23,台中市,潭子區,131,34507,205.86
55761,2022-10-22,台中市,潭子區,200,34376,203.14
56146,2022-10-21,台中市,潭子區,167,34176,206.14
56536,2022-10-20,台中市,潭子區,218,34009,216.43
56921,2022-10-19,台中市,潭子區,187,33791,229.00
57308,2022-10-18,台中市,潭子區,251,33604,239.00
57698,2022-10-17,台中市,潭子區,287,33353,242.43
58088,2022-10-16,台中市,潭子區,112,33066,247.14
58472,2022-10-15,台中市,潭子區,221,32954,247.43
58857,2022-10-14,台中市,潭子區,239,32733,247.71
59247,2022-10-13,台中市,潭子區,306,32494,241.29
59638,2022-10-12,台中市,潭子區,257,32188,232.71
60027,2022-10-11,台中市,潭子區,275,31931,229.86
60419,2022-10-10,台中市,潭子區,320,31656,233.43
60803,2022-10-09,台中市,潭子區,114,31336,236.14
61190,2022-10-08,台中市,潭子區,223,31222,239.00
61579,2022-10-07,台中市,潭子區,194,30999,240.71
61966,2022-10-06,台中市,潭子區,246,30805,250.29
62357,2022-10-05,台中市,潭子區,237,30559,253.57
62744,2022-10-04,台中市,潭子區,300,30322,258.00
63132,2022-10-03,台中市,潭子區,339,30022,255.43
63523,2022-10-02,台中市,潭子區,134,29683,244.29
63905,2022-10-01,台中市,潭子區,235,29549,244.71
64291,2022-09-30,台中市,潭子區,261,29314,241.57
64675,2022-09-29,台中市,潭子區,269,29053,233.43
65063,2022-09-28,台中市,潭子區,268,28784,224.43
65451,2022-09-27,台中市,潭子區,282,28516,218.57
65838,2022-09-26,台中市,潭子區,261,28234,214.71
66227,2022-09-25,台中市,潭子區,137,27973,215.86
66610,2022-09-24,台中市,潭子區,213,27836,209.86
66993,2022-09-23,台中市,潭子區,204,27623,211.43
67382,2022-09-22,台中市,潭子區,206,27419,206.29
67769,2022-09-21,台中市,潭子區,227,27213,204.86
68158,2022-09-20,台中市,潭子區,255,26986,205.57
68548,2022-09-19,台中市,潭子區,269,26731,201.57
68939,2022-09-18,台中市,潭子區,95,26462,200.86
69321,2022-09-17,台中市,潭子區,224,26367,195.14
69709,2022-09-16,台中市,潭子區,168,26143,188.71
70094,2022-09-15,台中市,潭子區,196,25975,192.14
70481,2022-09-14,台中市,潭子區,232,25779,187.71
70866,2022-09-13,台中市,潭子區,227,25547,179.14
71255,2022-09-12,台中市,潭子區,264,25320,175.71
71645,2022-09-11,台中市,潭子區,55,25056,166.86
72027,2022-09-10,台中市,潭子區,179,25001,170.57
72409,2022-09-09,台中市,潭子區,192,24822,170.43
72791,2022-09-08,台中市,潭子區,165,24630,162.86
73178,2022-09-07,台中市,潭子區,172,24465,159.57
73562,2022-09-06,台中市,潭子區,203,24293,152.71
73948,2022-09-05,台中市,潭子區,202,24090,146.43
74335,2022-09-04,台中市,潭子區,81,23888,136.71
74717,2022-09-03,台中市,潭子區,178,23807,134.71
75104,2022-09-02,台中市,潭子區,139,23629,125.43
75490,2022-09-01,台中市,潭子區,142,23490,121.86
75879,2022-08-31,台中市,潭子區,124,23348,117.29
76266,2022-08-30,台中市,潭子區,159,23224,119.00
76654,2022-08-29,台中市,潭子區,134,23065,113.86
77044,2022-08-28,台中市,潭子區,67,22931,109.71
77425,2022-08-27,台中市,潭子區,113,22864,109.71
77812,2022-08-26,台中市,潭子區,114,22751,107.29
78197,2022-08-25,台中市,潭子區,110,22637,104.43
78583,2022-08-24,台中市,潭子區,136,22527,102.14
78970,2022-08-23,台中市,潭子區,123,22391,94.71
79353,2022-08-22,台中市,潭子區,105,22268,92.57
79743,2022-08-21,台中市,潭子區,67,22163,94.00
80118,2022-08-20,台中市,潭子區,96,22096,93.86
80503,2022-08-19,台中市,潭子區,94,22000,93.43
80887,2022-08-18,台中市,潭子區,94,21906,95.29
81276,2022-08-17,台中市,潭子區,84,21812,95.29
81661,2022-08-16,台中市,潭子區,108,21728,99.71
82048,2022-08-15,台中市,潭子區,115,21620,98.43
82435,2022-08-14,台中市,潭子區,66,21505,99.00
82812,2022-08-13,台中市,潭子區,93,21439,96.43
83191,2022-08-12,台中市,潭子區,107,21346,98.00
83577,2022-08-11,台中市,潭子區,94,21239,95.86
83963,2022-08-10,台中市,潭子區,115,21145,95.57
84349,2022-08-09,台中市,潭子區,99,21030,93.71
84731,2022-08-08,台中市,潭子區,119,20931,94.86
85116,2022-08-07,台中市,潭子區,48,20812,93.86
85489,2022-08-06,台中市,潭子區,104,20764,99.29
85868,2022-08-05,台中市,潭子區,92,20660,98.57
86255,2022-08-04,台中市,潭子區,92,20568,103.29
86640,2022-08-03,台中市,潭子區,102,20476,106.43
87023,2022-08-02,台中市,潭子區,107,20374,108.29
87408,2022-08-01,台中市,潭子區,112,20267,109.43
87796,2022-07-31,台中市,潭子區,86,20155,114.29
88172,2022-07-30,台中市,潭子區,99,20069,114.29
88551,2022-07-29,台中市,潭子區,125,19970,113.43
88935,2022-07-28,台中市,潭子區,114,19845,113.57
89321,2022-07-27,台中市,潭子區,115,19731,114.43
89712,2022-07-26,台中市,潭子區,115,19616,115.86
90099,2022-07-25,台中市,潭子區,146,19501,116.14
90483,2022-07-24,台中市,潭子區,86,19355,113.14
90860,2022-07-23,台中市,潭子區,93,19269,114.00
91245,2022-07-22,台中市,潭子區,126,19176,114.57
91631,2022-07-21,台中市,潭子區,120,19050,115.71
92015,2022-07-20,台中市,潭子區,125,18930,121.00
92402,2022-07-19,台中市,潭子區,117,18805,121.00
92790,2022-07-18,台中市,潭子區,125,18688,124.86
93179,2022-07-17,台中市,潭子區,92,18563,129.14
93557,2022-07-16,台中市,潭子區,97,18471,134.14
93944,2022-07-15,台中市,潭子區,134,18374,138.29
94331,2022-07-14,台中市,潭子區,157,18240,141.86
94719,2022-07-13,台中市,潭子區,125,18083,140.57
95108,2022-07-12,台中市,潭子區,144,17958,145.14
95496,2022-07-11,台中市,潭子區,155,17814,151.14
95884,2022-07-10,台中市,潭子區,127,17659,157.86
96267,2022-07-09,台中市,潭子區,126,17532,156.86
96654,2022-07-08,台中市,潭子區,159,17406,164.71
97045,2022-07-07,台中市,潭子區,148,17247,168.71
97436,2022-07-06,台中市,潭子區,157,17099,176.86
97825,2022-07-05,台中市,潭子區,186,16942,185.29
98214,2022-07-04,台中市,潭子區,202,16756,196.86
98603,2022-07-03,台中市,潭子區,120,16554,206.71
98988,2022-07-02,台中市,潭子區,181,16434,211.57
99376,2022-07-01,台中市,潭子區,187,16253,217.71
99768,2022-06-30,台中市,潭子區,205,16066,228.00
100159,2022-06-29,台中市,潭子區,216,15861,237.14
100549,2022-06-28,台中市,潭子區,267,15645,245.29
100940,2022-06-27,台中市,潭子區,271,15378,250.57
101329,2022-06-26,台中市,潭子區,154,15107,255.29
101714,2022-06-25,台中市,潭子區,224,14953,264.71
102104,2022-06-24,台中市,潭子區,259,14729,272.00
102495,2022-06-23,台中市,潭子區,269,14470,281.14
102887,2022-06-22,台中市,潭子區,273,14201,290.14
103277,2022-06-21,台中市,潭子區,304,13928,306.14
103668,2022-06-20,台中市,潭子區,304,13624,323.14
104059,2022-06-19,台中市,潭子區,220,13320,345.86
104449,2022-06-18,台中市,潭子區,275,13100,357.14
104840,2022-06-17,台中市,潭子區,323,12825,378.71
105231,2022-06-16,台中市,潭子區,332,12502,371.71
105621,2022-06-15,台中市,潭子區,385,12170,377.57
106011,2022-06-14,台中市,潭子區,423,11785,371.29
106402,2022-06-13,台中市,潭子區,463,11362,372.86
106793,2022-06-12,台中市,潭子區,299,10899,386.29
107180,2022-06-11,台中市,潭子區,426,10600,376.43
107571,2022-06-10,台中市,潭子區,274,10174,358.29
107960,2022-06-09,台中市,潭子區,373,9900,370.86
108351,2022-06-08,台中市,潭子區,341,9527,376.71
108739,2022-06-07,台中市,潭子區,434,9186,378.57
109131,2022-06-06,台中市,潭子區,557,8752,379.00
109522,2022-06-05,台中市,潭子區,230,8195,361.71
109911,2022-06-04,台中市,潭子區,299,7965,369.86
110300,2022-06-03,台中市,潭子區,362,7666,372.14
110692,2022-06-02,台中市,潭子區,414,7304,377.86
111082,2022-06-01,台中市,潭子區,354,6890,376.43
111473,2022-05-31,台中市,潭子區,437,6536,374.14
111865,2022-05-30,台中市,潭子區,436,6099,362.57
112255,2022-05-29,台中市,潭子區,287,5663,343.43
112646,2022-05-28,台中市,潭子區,315,5376,337.00
113036,2022-05-27,台中市,潭子區,402,5061,330.00
113427,2022-05-26,台中市,潭子區,404,4659,311.57
113818,2022-05-25,台中市,潭子區,338,4255,287.57
114208,2022-05-24,台中市,潭子區,356,3917,274.14
114599,2022-05-23,台中市,潭子區,302,3561,259.71
114990,2022-05-22,台中市,潭子區,242,3259,244.29
115381,2022-05-21,台中市,潭子區,266,3017,234.00
115768,2022-05-20,台中市,潭子區,273,2751,221.57
116154,2022-05-19,台中市,潭子區,236,2478,205.29
116543,2022-05-18,台中市,潭子區,244,2242,190.86
116933,2022-05-17,台中市,潭子區,255,1998,176.14
117323,2022-05-16,台中市,潭子區,194,1743,152.86
117711,2022-05-15,台中市,潭子區,170,1549,136.86
118097,2022-05-14,台中市,潭子區,179,1379,124.71
118480,2022-05-13,台中市,潭子區,159,1200,110.14
118867,2022-05-12,台中市,潭子區,135,1041,98.71
119251,2022-05-11,台中市,潭子區,141,906,87.14
119636,2022-05-10,台中市,潭子區,92,765,76.14
120021,2022-05-09,台中市,潭子區,82,673,70.86
120400,2022-05-08,台中市,潭子區,85,591,64.86
120785,2022-05-07,台中市,潭子區,77,506,57.71
121163,2022-05-06,台中市,潭子區,79,429,48.86
121541,2022-05-05,台中市,潭子區,54,350,40.00
121914,2022-05-04,台中市,潭子區,64,296,34.29
122274,2022-05-03,台中市,潭子區,55,232,26.14
122633,2022-05-02,台中市,潭子區,40,177,19.86
122983,2022-05-01,台中市,潭子區,35,137,14.43
123320,2022-04-30,台中市,潭子區,15,102,10.00
123650,2022-04-29,台中市,潭子區,17,87,8.43
123969,2022-04-28,台中市,潭子區,14,70,6.43
124283,2022-04-27,台中市,潭子區,7,56,5.29
124581,2022-04-26,台中市,潭子區,11,49,4.43
124871,2022-04-25,台中市,潭子區,2,38,2.86
125147,2022-04-24,台中市,潭子區,4,36,3.00
125391,2022-04-23,台中市,潭子區,4,32,2.43
125638,2022-04-22,台中市,潭子區,3,28,1.86
125885,2022-04-21,台中市,潭子區,6,25,1.43
126114,2022-04-20,台中市,潭子區,1,19,0.57
126524,2022-04-18,台中市,潭子區,3,18,0.57
127358,2022-04-13,台中市,潭子區,1,15,0.14
128260,2022-04-06,台中市,潭子區,1,14,0.14
131988,2021-06-14,台中市,潭子區,1,13,0.14
133034,2021-05-30,台中市,潭子區,1,12,1.29
133119,2021-05-29,台中市,潭子區,7,11,1.14
133303,2021-05-27,台中市,潭子區,1,4,0.43
133748,2021-05-22,台中市,潭子區,1,3,0.43
133825,2021-05-21,台中市,潭子區,1,2,0.29
133963,2021-05-19,台中市,潭子區,1,1,0.14
