UID,個案研判日,縣市別,區域,新增確診人數,累計確診人數,七天移動平均新增確診人數
194,2023-06-14,台中市,梧棲區,6,28181,0.86
550,2023-03-21,台中市,梧棲區,1,28175,17.29
760,2023-03-20,台中市,梧棲區,8,28174,21.00
1061,2023-03-19,台中市,梧棲區,13,28166,22.71
1389,2023-03-18,台中市,梧棲區,13,28153,23.43
1732,2023-03-17,台中市,梧棲區,30,28140,26.57
2086,2023-03-16,台中市,梧棲區,34,28110,25.14
2439,2023-03-15,台中市,梧棲區,22,28076,24.57
2787,2023-03-14,台中市,梧棲區,27,28054,23.86
3145,2023-03-13,台中市,梧棲區,20,28027,24.57
3500,2023-03-12,台中市,梧棲區,18,28007,25.57
3850,2023-03-11,台中市,梧棲區,35,27989,25.43
4201,2023-03-10,台中市,梧棲區,20,27954,24.43
4558,2023-03-09,台中市,梧棲區,30,27934,26.29
4914,2023-03-08,台中市,梧棲區,17,27904,27.71
5270,2023-03-07,台中市,梧棲區,32,27887,30.14
5633,2023-03-06,台中市,梧棲區,27,27855,30.71
5992,2023-03-05,台中市,梧棲區,17,27828,30.86
6332,2023-03-04,台中市,梧棲區,28,27811,32.14
6687,2023-03-03,台中市,梧棲區,33,27783,32.86
7046,2023-03-02,台中市,梧棲區,40,27750,31.86
7411,2023-03-01,台中市,梧棲區,34,27710,30.14
7781,2023-02-28,台中市,梧棲區,36,27676,31.71
8147,2023-02-27,台中市,梧棲區,28,27640,31.57
8499,2023-02-26,台中市,梧棲區,26,27612,34.00
8849,2023-02-25,台中市,梧棲區,33,27586,37.14
9217,2023-02-24,台中市,梧棲區,26,27553,37.86
9580,2023-02-23,台中市,梧棲區,28,27527,40.43
9951,2023-02-22,台中市,梧棲區,45,27499,43.86
10325,2023-02-21,台中市,梧棲區,35,27454,43.29
10695,2023-02-20,台中市,梧棲區,45,27419,45.71
11072,2023-02-19,台中市,梧棲區,48,27374,47.29
11433,2023-02-18,台中市,梧棲區,38,27326,44.57
11800,2023-02-17,台中市,梧棲區,44,27288,45.86
12173,2023-02-16,台中市,梧棲區,52,27244,47.43
12547,2023-02-15,台中市,梧棲區,41,27192,48.29
12920,2023-02-14,台中市,梧棲區,52,27151,52.14
13292,2023-02-13,台中市,梧棲區,56,27099,55.43
13670,2023-02-12,台中市,梧棲區,29,27043,59.29
14028,2023-02-11,台中市,梧棲區,47,27014,62.00
14399,2023-02-10,台中市,梧棲區,55,26967,66.43
14773,2023-02-09,台中市,梧棲區,58,26912,67.29
15151,2023-02-08,台中市,梧棲區,68,26854,67.43
15529,2023-02-07,台中市,梧棲區,75,26786,67.14
15909,2023-02-06,台中市,梧棲區,83,26711,67.57
16286,2023-02-05,台中市,梧棲區,48,26628,69.86
16658,2023-02-04,台中市,梧棲區,78,26580,69.86
17038,2023-02-03,台中市,梧棲區,61,26502,70.57
17423,2023-02-02,台中市,梧棲區,59,26441,72.43
17805,2023-02-01,台中市,梧棲區,66,26382,71.29
18184,2023-01-31,台中市,梧棲區,78,26316,69.86
18569,2023-01-30,台中市,梧棲區,99,26238,65.86
18955,2023-01-29,台中市,梧棲區,48,26139,56.86
19333,2023-01-28,台中市,梧棲區,83,26091,52.71
19709,2023-01-27,台中市,梧棲區,74,26008,45.14
20090,2023-01-26,台中市,梧棲區,51,25934,39.86
20463,2023-01-25,台中市,梧棲區,56,25883,36.00
20831,2023-01-24,台中市,梧棲區,50,25827,34.43
21204,2023-01-23,台中市,梧棲區,36,25777,34.43
21572,2023-01-22,台中市,梧棲區,19,25741,34.57
21938,2023-01-21,台中市,梧棲區,30,25722,37.00
22311,2023-01-20,台中市,梧棲區,37,25692,38.29
22677,2023-01-19,台中市,梧棲區,24,25655,40.29
23049,2023-01-18,台中市,梧棲區,45,25631,43.86
23418,2023-01-17,台中市,梧棲區,50,25586,43.29
23783,2023-01-16,台中市,梧棲區,37,25536,42.14
24160,2023-01-15,台中市,梧棲區,36,25499,45.00
24525,2023-01-14,台中市,梧棲區,39,25463,46.71
24891,2023-01-13,台中市,梧棲區,51,25424,49.29
25261,2023-01-12,台中市,梧棲區,49,25373,49.43
25636,2023-01-11,台中市,梧棲區,41,25324,51.00
26012,2023-01-10,台中市,梧棲區,42,25283,57.00
26385,2023-01-09,台中市,梧棲區,57,25241,65.29
26759,2023-01-08,台中市,梧棲區,48,25184,67.00
27120,2023-01-07,台中市,梧棲區,57,25136,65.00
27492,2023-01-06,台中市,梧棲區,52,25079,65.43
27869,2023-01-05,台中市,梧棲區,60,25027,67.00
28248,2023-01-04,台中市,梧棲區,83,24967,70.43
28629,2023-01-03,台中市,梧棲區,100,24884,67.29
29010,2023-01-02,台中市,梧棲區,69,24784,63.00
29383,2023-01-01,台中市,梧棲區,34,24715,62.00
29744,2022-12-31,台中市,梧棲區,60,24681,62.57
30110,2022-12-30,台中市,梧棲區,63,24621,60.00
30484,2022-12-29,台中市,梧棲區,84,24558,57.29
30856,2022-12-28,台中市,梧棲區,61,24474,53.43
31225,2022-12-27,台中市,梧棲區,70,24413,50.71
31601,2022-12-26,台中市,梧棲區,62,24343,48.00
31969,2022-12-25,台中市,梧棲區,38,24281,45.14
32327,2022-12-24,台中市,梧棲區,42,24243,44.43
32686,2022-12-23,台中市,梧棲區,44,24201,42.86
33052,2022-12-22,台中市,梧棲區,57,24157,42.29
33418,2022-12-21,台中市,梧棲區,42,24100,38.57
33786,2022-12-20,台中市,梧棲區,51,24058,37.57
34152,2022-12-19,台中市,梧棲區,42,24007,33.86
34521,2022-12-18,台中市,梧棲區,33,23965,35.29
34869,2022-12-17,台中市,梧棲區,31,23932,33.86
35231,2022-12-16,台中市,梧棲區,40,23901,36.14
35595,2022-12-15,台中市,梧棲區,31,23861,34.71
35963,2022-12-14,台中市,梧棲區,35,23830,36.00
36323,2022-12-13,台中市,梧棲區,25,23795,37.86
36702,2022-12-12,台中市,梧棲區,52,23770,39.29
37066,2022-12-11,台中市,梧棲區,23,23718,36.71
37423,2022-12-10,台中市,梧棲區,47,23695,38.00
37792,2022-12-09,台中市,梧棲區,30,23648,36.57
38157,2022-12-08,台中市,梧棲區,40,23618,36.43
38530,2022-12-07,台中市,梧棲區,48,23578,36.57
38901,2022-12-06,台中市,梧棲區,35,23530,35.43
39274,2022-12-05,台中市,梧棲區,34,23495,37.14
39652,2022-12-04,台中市,梧棲區,32,23461,39.71
40016,2022-12-03,台中市,梧棲區,37,23429,39.71
40387,2022-12-02,台中市,梧棲區,29,23392,37.43
40752,2022-12-01,台中市,梧棲區,41,23363,37.29
41125,2022-11-30,台中市,梧棲區,40,23322,36.71
41498,2022-11-29,台中市,梧棲區,47,23282,37.43
41878,2022-11-28,台中市,梧棲區,52,23235,38.71
42254,2022-11-27,台中市,梧棲區,32,23183,40.14
42612,2022-11-26,台中市,梧棲區,21,23151,39.14
42972,2022-11-25,台中市,梧棲區,28,23130,40.71
43341,2022-11-24,台中市,梧棲區,37,23102,44.29
43710,2022-11-23,台中市,梧棲區,45,23065,45.57
44084,2022-11-22,台中市,梧棲區,56,23020,46.43
44459,2022-11-21,台中市,梧棲區,62,22964,46.29
44839,2022-11-20,台中市,梧棲區,25,22902,46.00
45205,2022-11-19,台中市,梧棲區,32,22877,49.71
45577,2022-11-18,台中市,梧棲區,53,22845,52.14
45950,2022-11-17,台中市,梧棲區,46,22792,51.57
46323,2022-11-16,台中市,梧棲區,51,22746,53.43
46705,2022-11-15,台中市,梧棲區,55,22695,53.57
47083,2022-11-14,台中市,梧棲區,60,22640,53.57
47463,2022-11-13,台中市,梧棲區,51,22580,55.43
47833,2022-11-12,台中市,梧棲區,49,22529,54.29
48211,2022-11-11,台中市,梧棲區,49,22480,55.86
48589,2022-11-10,台中市,梧棲區,59,22431,57.71
48973,2022-11-09,台中市,梧棲區,52,22372,61.86
49359,2022-11-08,台中市,梧棲區,55,22320,65.14
49744,2022-11-07,台中市,梧棲區,73,22265,69.86
50124,2022-11-06,台中市,梧棲區,43,22192,71.57
50495,2022-11-05,台中市,梧棲區,60,22149,75.57
50873,2022-11-04,台中市,梧棲區,62,22089,82.43
51258,2022-11-03,台中市,梧棲區,88,22027,86.29
51637,2022-11-02,台中市,梧棲區,75,21939,86.14
52025,2022-11-01,台中市,梧棲區,88,21864,89.29
52408,2022-10-31,台中市,梧棲區,85,21776,92.71
52792,2022-10-30,台中市,梧棲區,71,21691,97.86
53169,2022-10-29,台中市,梧棲區,108,21620,98.14
53551,2022-10-28,台中市,梧棲區,89,21512,97.29
53938,2022-10-27,台中市,梧棲區,87,21423,98.29
54322,2022-10-26,台中市,梧棲區,97,21336,101.43
54708,2022-10-25,台中市,梧棲區,112,21239,102.57
55098,2022-10-24,台中市,梧棲區,121,21127,103.43
55486,2022-10-23,台中市,梧棲區,73,21006,106.43
55864,2022-10-22,台中市,梧棲區,102,20933,103.57
56250,2022-10-21,台中市,梧棲區,96,20831,104.43
56640,2022-10-20,台中市,梧棲區,109,20735,110.00
57024,2022-10-19,台中市,梧棲區,105,20626,114.14
57411,2022-10-18,台中市,梧棲區,118,20521,119.43
57801,2022-10-17,台中市,梧棲區,142,20403,124.29
58190,2022-10-16,台中市,梧棲區,53,20261,123.29
58575,2022-10-15,台中市,梧棲區,108,20208,127.00
58961,2022-10-14,台中市,梧棲區,135,20100,131.71
59350,2022-10-13,台中市,梧棲區,138,19965,127.57
59741,2022-10-12,台中市,梧棲區,142,19827,126.00
60131,2022-10-11,台中市,梧棲區,152,19685,122.29
60521,2022-10-10,台中市,梧棲區,135,19533,124.00
60905,2022-10-09,台中市,梧棲區,79,19398,125.14
61293,2022-10-08,台中市,梧棲區,141,19319,129.00
61682,2022-10-07,台中市,梧棲區,106,19178,128.57
62069,2022-10-06,台中市,梧棲區,127,19072,130.00
62460,2022-10-05,台中市,梧棲區,116,18945,131.43
62848,2022-10-04,台中市,梧棲區,164,18829,129.71
63236,2022-10-03,台中市,梧棲區,143,18665,121.14
63627,2022-10-02,台中市,梧棲區,106,18522,118.43
64008,2022-10-01,台中市,梧棲區,138,18416,113.43
64394,2022-09-30,台中市,梧棲區,116,18278,106.43
64779,2022-09-29,台中市,梧棲區,137,18162,101.57
65167,2022-09-28,台中市,梧棲區,104,18025,92.57
65554,2022-09-27,台中市,梧棲區,104,17921,90.57
65941,2022-09-26,台中市,梧棲區,124,17817,89.00
66328,2022-09-25,台中市,梧棲區,71,17693,86.00
66713,2022-09-24,台中市,梧棲區,89,17622,86.14
67097,2022-09-23,台中市,梧棲區,82,17533,88.43
67485,2022-09-22,台中市,梧棲區,74,17451,88.14
67873,2022-09-21,台中市,梧棲區,90,17377,91.43
68262,2022-09-20,台中市,梧棲區,93,17287,94.57
68652,2022-09-19,台中市,梧棲區,103,17194,94.29
69042,2022-09-18,台中市,梧棲區,72,17091,98.86
69425,2022-09-17,台中市,梧棲區,105,17019,97.00
69812,2022-09-16,台中市,梧棲區,80,16914,91.00
70197,2022-09-15,台中市,梧棲區,97,16834,90.43
70584,2022-09-14,台中市,梧棲區,112,16737,85.00
70970,2022-09-13,台中市,梧棲區,91,16625,80.57
71359,2022-09-12,台中市,梧棲區,135,16534,79.00
71748,2022-09-11,台中市,梧棲區,59,16399,72.43
72130,2022-09-10,台中市,梧棲區,63,16340,73.00
72512,2022-09-09,台中市,梧棲區,76,16277,73.86
72894,2022-09-08,台中市,梧棲區,59,16201,73.86
73281,2022-09-07,台中市,梧棲區,81,16142,74.43
73665,2022-09-06,台中市,梧棲區,80,16061,71.43
74051,2022-09-05,台中市,梧棲區,89,15981,71.14
74437,2022-09-04,台中市,梧棲區,63,15892,66.43
74819,2022-09-03,台中市,梧棲區,69,15829,61.86
75207,2022-09-02,台中市,梧棲區,76,15760,58.86
75593,2022-09-01,台中市,梧棲區,63,15684,54.71
75982,2022-08-31,台中市,梧棲區,60,15621,54.00
76369,2022-08-30,台中市,梧棲區,78,15561,54.86
76757,2022-08-29,台中市,梧棲區,56,15483,49.57
77145,2022-08-28,台中市,梧棲區,31,15427,48.00
77529,2022-08-27,台中市,梧棲區,48,15396,49.14
77915,2022-08-26,台中市,梧棲區,47,15348,48.00
78299,2022-08-25,台中市,梧棲區,58,15301,48.86
78686,2022-08-24,台中市,梧棲區,66,15243,46.57
79072,2022-08-23,台中市,梧棲區,41,15177,45.71
79456,2022-08-22,台中市,梧棲區,45,15136,46.71
79844,2022-08-21,台中市,梧棲區,39,15091,48.57
80221,2022-08-20,台中市,梧棲區,40,15052,47.71
80605,2022-08-19,台中市,梧棲區,53,15012,51.14
80990,2022-08-18,台中市,梧棲區,42,14959,52.86
81379,2022-08-17,台中市,梧棲區,60,14917,56.14
81764,2022-08-16,台中市,梧棲區,48,14857,56.71
82151,2022-08-15,台中市,梧棲區,58,14809,60.29
82537,2022-08-14,台中市,梧棲區,33,14751,63.00
82913,2022-08-13,台中市,梧棲區,64,14718,66.29
83294,2022-08-12,台中市,梧棲區,65,14654,65.43
83680,2022-08-11,台中市,梧棲區,65,14589,64.57
84066,2022-08-10,台中市,梧棲區,64,14524,63.43
84452,2022-08-09,台中市,梧棲區,73,14460,62.29
84833,2022-08-08,台中市,梧棲區,77,14387,59.00
85216,2022-08-07,台中市,梧棲區,56,14310,59.57
85590,2022-08-06,台中市,梧棲區,58,14254,58.57
85971,2022-08-05,台中市,梧棲區,59,14196,59.57
86358,2022-08-04,台中市,梧棲區,57,14137,61.86
86742,2022-08-03,台中市,梧棲區,56,14080,59.57
87126,2022-08-02,台中市,梧棲區,50,14024,60.00
87511,2022-08-01,台中市,梧棲區,81,13974,62.86
87897,2022-07-31,台中市,梧棲區,49,13893,62.14
88274,2022-07-30,台中市,梧棲區,65,13844,62.57
88652,2022-07-29,台中市,梧棲區,75,13779,61.71
89039,2022-07-28,台中市,梧棲區,41,13704,57.43
89425,2022-07-27,台中市,梧棲區,59,13663,60.29
89815,2022-07-26,台中市,梧棲區,70,13604,59.29
90202,2022-07-25,台中市,梧棲區,76,13534,57.14
90585,2022-07-24,台中市,梧棲區,52,13458,58.14
90963,2022-07-23,台中市,梧棲區,59,13406,57.86
91348,2022-07-22,台中市,梧棲區,45,13347,57.00
91734,2022-07-21,台中市,梧棲區,61,13302,62.29
92118,2022-07-20,台中市,梧棲區,52,13241,62.14
92505,2022-07-19,台中市,梧棲區,55,13189,65.29
92894,2022-07-18,台中市,梧棲區,83,13134,70.43
93281,2022-07-17,台中市,梧棲區,50,13051,71.29
93661,2022-07-16,台中市,梧棲區,53,13001,71.43
94047,2022-07-15,台中市,梧棲區,82,12948,73.00
94434,2022-07-14,台中市,梧棲區,60,12866,71.43
94823,2022-07-13,台中市,梧棲區,74,12806,75.43
95212,2022-07-12,台中市,梧棲區,91,12732,80.00
95599,2022-07-11,台中市,梧棲區,89,12641,82.14
95986,2022-07-10,台中市,梧棲區,51,12552,89.43
96371,2022-07-09,台中市,梧棲區,64,12501,95.14
96758,2022-07-08,台中市,梧棲區,71,12437,99.29
97149,2022-07-07,台中市,梧棲區,88,12366,107.29
97540,2022-07-06,台中市,梧棲區,106,12278,112.14
97929,2022-07-05,台中市,梧棲區,106,12172,116.71
98318,2022-07-04,台中市,梧棲區,140,12066,123.00
98707,2022-07-03,台中市,梧棲區,91,11926,126.43
99090,2022-07-02,台中市,梧棲區,93,11835,128.71
99480,2022-07-01,台中市,梧棲區,127,11742,137.00
99872,2022-06-30,台中市,梧棲區,122,11615,140.86
100263,2022-06-29,台中市,梧棲區,138,11493,147.57
100653,2022-06-28,台中市,梧棲區,150,11355,149.29
101044,2022-06-27,台中市,梧棲區,164,11205,152.00
101432,2022-06-26,台中市,梧棲區,107,11041,152.43
101818,2022-06-25,台中市,梧棲區,151,10934,160.43
102208,2022-06-24,台中市,梧棲區,154,10783,162.43
102598,2022-06-23,台中市,梧棲區,169,10629,169.29
102991,2022-06-22,台中市,梧棲區,150,10460,175.71
103380,2022-06-21,台中市,梧棲區,169,10310,191.43
103772,2022-06-20,台中市,梧棲區,167,10141,202.71
104163,2022-06-19,台中市,梧棲區,163,9974,223.14
104553,2022-06-18,台中市,梧棲區,165,9811,227.71
104944,2022-06-17,台中市,梧棲區,202,9646,248.71
105334,2022-06-16,台中市,梧棲區,214,9444,242.57
105724,2022-06-15,台中市,梧棲區,260,9230,252.86
106114,2022-06-14,台中市,梧棲區,248,8970,248.86
106506,2022-06-13,台中市,梧棲區,310,8722,255.86
106896,2022-06-12,台中市,梧棲區,195,8412,254.71
107283,2022-06-11,台中市,梧棲區,312,8217,259.71
107675,2022-06-10,台中市,梧棲區,159,7905,245.57
108064,2022-06-09,台中市,梧棲區,286,7746,257.43
108453,2022-06-08,台中市,梧棲區,232,7460,266.57
108843,2022-06-07,台中市,梧棲區,297,7228,276.86
109235,2022-06-06,台中市,梧棲區,302,6931,283.86
109625,2022-06-05,台中市,梧棲區,230,6629,286.00
110014,2022-06-04,台中市,梧棲區,213,6399,284.29
110404,2022-06-03,台中市,梧棲區,242,6186,289.14
110795,2022-06-02,台中市,梧棲區,350,5944,277.57
111185,2022-06-01,台中市,梧棲區,304,5594,278.00
111577,2022-05-31,台中市,梧棲區,346,5290,280.00
111968,2022-05-30,台中市,梧棲區,317,4944,268.86
112359,2022-05-29,台中市,梧棲區,218,4627,263.29
112750,2022-05-28,台中市,梧棲區,247,4409,261.14
113140,2022-05-27,台中市,梧棲區,161,4162,251.57
113530,2022-05-26,台中市,梧棲區,353,4001,250.57
113921,2022-05-25,台中市,梧棲區,318,3648,234.29
114311,2022-05-24,台中市,梧棲區,268,3330,218.71
114703,2022-05-23,台中市,梧棲區,278,3062,205.29
115094,2022-05-22,台中市,梧棲區,203,2784,187.00
115485,2022-05-21,台中市,梧棲區,180,2581,176.00
115870,2022-05-20,台中市,梧棲區,154,2401,160.43
116258,2022-05-19,台中市,梧棲區,239,2247,157.14
116647,2022-05-18,台中市,梧棲區,209,2008,143.29
117037,2022-05-17,台中市,梧棲區,174,1799,126.14
117426,2022-05-16,台中市,梧棲區,150,1625,123.43
117815,2022-05-15,台中市,梧棲區,126,1475,122.00
118198,2022-05-14,台中市,梧棲區,71,1349,110.57
118583,2022-05-13,台中市,梧棲區,131,1278,109.14
118970,2022-05-12,台中市,梧棲區,142,1147,104.57
119354,2022-05-11,台中市,梧棲區,89,1005,97.43
119739,2022-05-10,台中市,梧棲區,155,916,94.57
120121,2022-05-09,台中市,梧棲區,140,761,85.00
120502,2022-05-08,台中市,梧棲區,46,621,73.71
120887,2022-05-07,台中市,梧棲區,61,575,70.14
121265,2022-05-06,台中市,梧棲區,99,514,64.71
121644,2022-05-05,台中市,梧棲區,92,415,53.14
122012,2022-05-04,台中市,梧棲區,69,323,41.57
122375,2022-05-03,台中市,梧棲區,88,254,32.86
122733,2022-05-02,台中市,梧棲區,61,166,20.57
123078,2022-05-01,台中市,梧棲區,21,105,12.43
123417,2022-04-30,台中市,梧棲區,23,84,9.57
123745,2022-04-29,台中市,梧棲區,18,61,7.14
124061,2022-04-28,台中市,梧棲區,11,43,4.71
124370,2022-04-27,台中市,梧棲區,8,32,3.14
124666,2022-04-26,台中市,梧棲區,2,24,2.14
124950,2022-04-25,台中市,梧棲區,4,22,1.86
125222,2022-04-24,台中市,梧棲區,1,18,1.43
125467,2022-04-23,台中市,梧棲區,6,17,1.29
125711,2022-04-22,台中市,梧棲區,1,11,0.43
126183,2022-04-20,台中市,梧棲區,1,10,0.29
126582,2022-04-18,台中市,梧棲區,1,9,0.14
128287,2022-04-06,台中市,梧棲區,1,8,0.71
128471,2022-04-04,台中市,梧棲區,2,7,0.57
128529,2022-04-03,台中市,梧棲區,1,5,0.29
128658,2022-04-01,台中市,梧棲區,1,4,0.14
132671,2021-06-04,台中市,梧棲區,3,3,0.43
