UID,個案研判日,縣市別,區域,新增確診人數,累計確診人數,七天移動平均新增確診人數
175,2023-06-14,台中市,豐原區,5,65562,0.71
540,2023-03-21,台中市,豐原區,1,65557,34.43
734,2023-03-20,台中市,豐原區,26,65556,42.00
1030,2023-03-19,台中市,豐原區,30,65530,44.86
1360,2023-03-18,台中市,豐原區,47,65500,48.00
1699,2023-03-17,台中市,豐原區,41,65453,48.43
2053,2023-03-16,台中市,豐原區,53,65412,51.71
2406,2023-03-15,台中市,豐原區,43,65359,51.86
2755,2023-03-14,台中市,豐原區,54,65316,52.43
3113,2023-03-13,台中市,豐原區,46,65262,53.57
3470,2023-03-12,台中市,豐原區,52,65216,56.29
3819,2023-03-11,台中市,豐原區,50,65164,57.43
4170,2023-03-10,台中市,豐原區,64,65114,59.00
4525,2023-03-09,台中市,豐原區,54,65050,61.57
4884,2023-03-08,台中市,豐原區,47,64996,65.29
5238,2023-03-07,台中市,豐原區,62,64949,71.57
5599,2023-03-06,台中市,豐原區,65,64887,75.57
5960,2023-03-05,台中市,豐原區,60,64822,73.86
6299,2023-03-04,台中市,豐原區,61,64762,70.86
6653,2023-03-03,台中市,豐原區,82,64701,73.57
7013,2023-03-02,台中市,豐原區,80,64619,75.00
7376,2023-03-01,台中市,豐原區,91,64539,74.14
7748,2023-02-28,台中市,豐原區,90,64448,73.57
8112,2023-02-27,台中市,豐原區,53,64358,73.57
8469,2023-02-26,台中市,豐原區,39,64305,78.57
8814,2023-02-25,台中市,豐原區,80,64266,83.29
9185,2023-02-24,台中市,豐原區,92,64186,86.00
9546,2023-02-23,台中市,豐原區,74,64094,87.57
9916,2023-02-22,台中市,豐原區,87,64020,90.57
10291,2023-02-21,台中市,豐原區,90,63933,91.00
10661,2023-02-20,台中市,豐原區,88,63843,97.00
11038,2023-02-19,台中市,豐原區,72,63755,104.14
11399,2023-02-18,台中市,豐原區,99,63683,106.86
11765,2023-02-17,台中市,豐原區,103,63584,107.14
12138,2023-02-16,台中市,豐原區,95,63481,110.00
12512,2023-02-15,台中市,豐原區,90,63386,113.57
12886,2023-02-14,台中市,豐原區,132,63296,121.14
13258,2023-02-13,台中市,豐原區,138,63164,123.71
13636,2023-02-12,台中市,豐原區,91,63026,125.57
13993,2023-02-11,台中市,豐原區,101,62935,131.14
14366,2023-02-10,台中市,豐原區,123,62834,135.29
14739,2023-02-09,台中市,豐原區,120,62711,139.14
15116,2023-02-08,台中市,豐原區,143,62591,150.43
15495,2023-02-07,台中市,豐原區,150,62448,149.43
15874,2023-02-06,台中市,豐原區,151,62298,160.57
16254,2023-02-05,台中市,豐原區,130,62147,167.00
16624,2023-02-04,台中市,豐原區,130,62017,171.14
17003,2023-02-03,台中市,豐原區,150,61887,179.00
17389,2023-02-02,台中市,豐原區,199,61737,174.71
17772,2023-02-01,台中市,豐原區,136,61538,166.86
18149,2023-01-31,台中市,豐原區,228,61402,170.57
18534,2023-01-30,台中市,豐原區,196,61174,144.86
18921,2023-01-29,台中市,豐原區,159,60978,133.00
19299,2023-01-28,台中市,豐原區,185,60819,119.86
19677,2023-01-27,台中市,豐原區,120,60634,109.71
20056,2023-01-26,台中市,豐原區,144,60514,111.29
20432,2023-01-25,台中市,豐原區,162,60370,101.14
20798,2023-01-24,台中市,豐原區,48,60208,92.86
21170,2023-01-23,台中市,豐原區,113,60160,105.14
21539,2023-01-22,台中市,豐原區,67,60047,102.14
21903,2023-01-21,台中市,豐原區,114,59980,105.86
22276,2023-01-20,台中市,豐原區,131,59866,103.29
22642,2023-01-19,台中市,豐原區,73,59735,103.71
23014,2023-01-18,台中市,豐原區,104,59662,112.86
23384,2023-01-17,台中市,豐原區,134,59558,117.14
23750,2023-01-16,台中市,豐原區,92,59424,118.00
24126,2023-01-15,台中市,豐原區,93,59332,123.86
24491,2023-01-14,台中市,豐原區,96,59239,129.43
24860,2023-01-13,台中市,豐原區,134,59143,133.14
25229,2023-01-12,台中市,豐原區,137,59009,136.43
25603,2023-01-11,台中市,豐原區,134,58872,136.86
25978,2023-01-10,台中市,豐原區,140,58738,145.57
26351,2023-01-09,台中市,豐原區,133,58598,151.86
26728,2023-01-08,台中市,豐原區,132,58465,151.57
27087,2023-01-07,台中市,豐原區,122,58333,147.57
27458,2023-01-06,台中市,豐原區,157,58211,157.86
27835,2023-01-05,台中市,豐原區,140,58054,154.29
28214,2023-01-04,台中市,豐原區,195,57914,158.57
28595,2023-01-03,台中市,豐原區,184,57719,154.71
28976,2023-01-02,台中市,豐原區,131,57535,150.71
29348,2023-01-01,台中市,豐原區,104,57404,152.29
29710,2022-12-31,台中市,豐原區,194,57300,151.14
30075,2022-12-30,台中市,豐原區,132,57106,137.14
30449,2022-12-29,台中市,豐原區,170,56974,131.14
30821,2022-12-28,台中市,豐原區,168,56804,121.00
31191,2022-12-27,台中市,豐原區,156,56636,115.00
31568,2022-12-26,台中市,豐原區,142,56480,110.57
31938,2022-12-25,台中市,豐原區,96,56338,104.71
32294,2022-12-24,台中市,豐原區,96,56242,98.71
32653,2022-12-23,台中市,豐原區,90,56146,98.71
33018,2022-12-22,台中市,豐原區,99,56056,101.29
33384,2022-12-21,台中市,豐原區,126,55957,104.43
33755,2022-12-20,台中市,豐原區,125,55831,101.57
34119,2022-12-19,台中市,豐原區,101,55706,96.86
34488,2022-12-18,台中市,豐原區,54,55605,99.00
34837,2022-12-17,台中市,豐原區,96,55551,103.14
35198,2022-12-16,台中市,豐原區,108,55455,102.14
35562,2022-12-15,台中市,豐原區,121,55347,102.86
35932,2022-12-14,台中市,豐原區,106,55226,101.14
36290,2022-12-13,台中市,豐原區,92,55120,104.43
36667,2022-12-12,台中市,豐原區,116,55028,109.14
37035,2022-12-11,台中市,豐原區,83,54912,106.71
37389,2022-12-10,台中市,豐原區,89,54829,108.00
37758,2022-12-09,台中市,豐原區,113,54740,108.29
38123,2022-12-08,台中市,豐原區,109,54627,106.43
38496,2022-12-07,台中市,豐原區,129,54518,106.43
38868,2022-12-06,台中市,豐原區,125,54389,102.86
39240,2022-12-05,台中市,豐原區,99,54264,100.43
39617,2022-12-04,台中市,豐原區,92,54165,103.29
39982,2022-12-03,台中市,豐原區,91,54073,101.43
40353,2022-12-02,台中市,豐原區,100,53982,99.86
40720,2022-12-01,台中市,豐原區,109,53882,100.43
41091,2022-11-30,台中市,豐原區,104,53773,97.43
41463,2022-11-29,台中市,豐原區,108,53669,97.29
41843,2022-11-28,台中市,豐原區,119,53561,96.14
42220,2022-11-27,台中市,豐原區,79,53442,93.71
42580,2022-11-26,台中市,豐原區,80,53363,95.43
42937,2022-11-25,台中市,豐原區,104,53283,98.86
43308,2022-11-24,台中市,豐原區,88,53179,100.57
43678,2022-11-23,台中市,豐原區,103,53091,103.71
44049,2022-11-22,台中市,豐原區,100,52988,109.00
44424,2022-11-21,台中市,豐原區,102,52888,117.29
44804,2022-11-20,台中市,豐原區,91,52786,118.14
45169,2022-11-19,台中市,豐原區,104,52695,123.14
45544,2022-11-18,台中市,豐原區,116,52591,124.43
45915,2022-11-17,台中市,豐原區,110,52475,133.14
46288,2022-11-16,台中市,豐原區,140,52365,138.43
46669,2022-11-15,台中市,豐原區,158,52225,143.57
47048,2022-11-14,台中市,豐原區,108,52067,152.57
47429,2022-11-13,台中市,豐原區,126,51959,169.29
47801,2022-11-12,台中市,豐原區,113,51833,173.57
48176,2022-11-11,台中市,豐原區,177,51720,178.57
48556,2022-11-10,台中市,豐原區,147,51543,182.00
48938,2022-11-09,台中市,豐原區,176,51396,191.00
49323,2022-11-08,台中市,豐原區,221,51220,196.14
49708,2022-11-07,台中市,豐原區,225,50999,207.29
50092,2022-11-06,台中市,豐原區,156,50774,215.29
50461,2022-11-05,台中市,豐原區,148,50618,216.14
50837,2022-11-04,台中市,豐原區,201,50470,233.00
51223,2022-11-03,台中市,豐原區,210,50269,235.86
51603,2022-11-02,台中市,豐原區,212,50059,240.86
51989,2022-11-01,台中市,豐原區,299,49847,250.71
52374,2022-10-31,台中市,豐原區,281,49548,247.71
52757,2022-10-30,台中市,豐原區,162,49267,244.14
53135,2022-10-29,台中市,豐原區,266,49105,247.14
53515,2022-10-28,台中市,豐原區,221,48839,243.00
53902,2022-10-27,台中市,豐原區,245,48618,242.29
54288,2022-10-26,台中市,豐原區,281,48373,245.71
54673,2022-10-25,台中市,豐原區,278,48092,240.43
55062,2022-10-24,台中市,豐原區,256,47814,246.57
55451,2022-10-23,台中市,豐原區,183,47558,252.43
55829,2022-10-22,台中市,豐原區,237,47375,249.57
56214,2022-10-21,台中市,豐原區,216,47138,256.43
56604,2022-10-20,台中市,豐原區,269,46922,270.86
56989,2022-10-19,台中市,豐原區,244,46653,272.43
57376,2022-10-18,台中市,豐原區,321,46409,293.29
57766,2022-10-17,台中市,豐原區,297,46088,293.43
58156,2022-10-16,台中市,豐原區,163,45791,295.57
58540,2022-10-15,台中市,豐原區,285,45628,301.86
58925,2022-10-14,台中市,豐原區,317,45343,299.29
59315,2022-10-13,台中市,豐原區,280,45026,288.57
59706,2022-10-12,台中市,豐原區,390,44746,295.00
60095,2022-10-11,台中市,豐原區,322,44356,276.71
60487,2022-10-10,台中市,豐原區,312,44034,278.57
60871,2022-10-09,台中市,豐原區,207,43722,277.29
61258,2022-10-08,台中市,豐原區,267,43515,291.14
61647,2022-10-07,台中市,豐原區,242,43248,291.29
62034,2022-10-06,台中市,豐原區,325,43006,307.71
62425,2022-10-05,台中市,豐原區,262,42681,305.71
62812,2022-10-04,台中市,豐原區,335,42419,316.86
63200,2022-10-03,台中市,豐原區,303,42084,316.86
63591,2022-10-02,台中市,豐原區,304,41781,325.86
63973,2022-10-01,台中市,豐原區,268,41477,312.57
64359,2022-09-30,台中市,豐原區,357,41209,316.14
64743,2022-09-29,台中市,豐原區,311,40852,299.43
65131,2022-09-28,台中市,豐原區,340,40541,298.86
65519,2022-09-27,台中市,豐原區,335,40201,298.71
65906,2022-09-26,台中市,豐原區,366,39866,297.00
66295,2022-09-25,台中市,豐原區,211,39500,291.00
66678,2022-09-24,台中市,豐原區,293,39289,290.14
67061,2022-09-23,台中市,豐原區,240,38996,285.71
67450,2022-09-22,台中市,豐原區,307,38756,293.71
67837,2022-09-21,台中市,豐原區,339,38449,291.86
68226,2022-09-20,台中市,豐原區,323,38110,287.86
68616,2022-09-19,台中市,豐原區,324,37787,293.14
69007,2022-09-18,台中市,豐原區,205,37463,294.00
69389,2022-09-17,台中市,豐原區,262,37258,288.43
69777,2022-09-16,台中市,豐原區,296,36996,286.57
70162,2022-09-15,台中市,豐原區,294,36700,279.14
70549,2022-09-14,台中市,豐原區,311,36406,266.00
70934,2022-09-13,台中市,豐原區,360,36095,251.00
71323,2022-09-12,台中市,豐原區,330,35735,231.14
71713,2022-09-11,台中市,豐原區,166,35405,217.43
72095,2022-09-10,台中市,豐原區,249,35239,210.43
72477,2022-09-09,台中市,豐原區,244,34990,206.86
72859,2022-09-08,台中市,豐原區,202,34746,201.57
73246,2022-09-07,台中市,豐原區,206,34544,205.71
73630,2022-09-06,台中市,豐原區,221,34338,207.57
74016,2022-09-05,台中市,豐原區,234,34117,212.86
74403,2022-09-04,台中市,豐原區,117,33883,211.14
74785,2022-09-03,台中市,豐原區,224,33766,212.00
75172,2022-09-02,台中市,豐原區,207,33542,208.57
75558,2022-09-01,台中市,豐原區,231,33335,200.29
75947,2022-08-31,台中市,豐原區,219,33104,189.71
76334,2022-08-30,台中市,豐原區,258,32885,180.71
76722,2022-08-29,台中市,豐原區,222,32627,170.14
77111,2022-08-28,台中市,豐原區,123,32405,158.57
77493,2022-08-27,台中市,豐原區,200,32282,155.43
77880,2022-08-26,台中市,豐原區,149,32082,147.14
78265,2022-08-25,台中市,豐原區,157,31933,146.00
78651,2022-08-24,台中市,豐原區,156,31776,143.14
79038,2022-08-23,台中市,豐原區,184,31620,145.00
79421,2022-08-22,台中市,豐原區,141,31436,144.71
79810,2022-08-21,台中市,豐原區,101,31295,150.86
80186,2022-08-20,台中市,豐原區,142,31194,152.00
80571,2022-08-19,台中市,豐原區,141,31052,152.86
80955,2022-08-18,台中市,豐原區,137,30911,148.29
81344,2022-08-17,台中市,豐原區,169,30774,145.57
81729,2022-08-16,台中市,豐原區,182,30605,143.00
82116,2022-08-15,台中市,豐原區,184,30423,142.29
82503,2022-08-14,台中市,豐原區,109,30239,138.71
82880,2022-08-13,台中市,豐原區,148,30130,136.43
83259,2022-08-12,台中市,豐原區,109,29982,135.00
83645,2022-08-11,台中市,豐原區,118,29873,137.71
84031,2022-08-10,台中市,豐原區,151,29755,141.00
84417,2022-08-09,台中市,豐原區,177,29604,142.71
84799,2022-08-08,台中市,豐原區,159,29427,140.43
85183,2022-08-07,台中市,豐原區,93,29268,143.00
85556,2022-08-06,台中市,豐原區,138,29175,145.57
85936,2022-08-05,台中市,豐原區,128,29037,149.86
86323,2022-08-04,台中市,豐原區,141,28909,153.00
86708,2022-08-03,台中市,豐原區,163,28768,161.86
87091,2022-08-02,台中市,豐原區,161,28605,163.14
87476,2022-08-01,台中市,豐原區,177,28444,165.43
87863,2022-07-31,台中市,豐原區,111,28267,165.71
88239,2022-07-30,台中市,豐原區,168,28156,167.00
88618,2022-07-29,台中市,豐原區,150,27988,165.43
89003,2022-07-28,台中市,豐原區,203,27838,168.86
89389,2022-07-27,台中市,豐原區,172,27635,160.43
89780,2022-07-26,台中市,豐原區,177,27463,157.29
90167,2022-07-25,台中市,豐原區,179,27286,158.43
90550,2022-07-24,台中市,豐原區,120,27107,155.00
90928,2022-07-23,台中市,豐原區,157,26987,155.00
91313,2022-07-22,台中市,豐原區,174,26830,160.71
91699,2022-07-21,台中市,豐原區,144,26656,163.00
92083,2022-07-20,台中市,豐原區,150,26512,169.57
92470,2022-07-19,台中市,豐原區,185,26362,178.29
92858,2022-07-18,台中市,豐原區,155,26177,183.86
93246,2022-07-17,台中市,豐原區,120,26022,191.14
93625,2022-07-16,台中市,豐原區,197,25902,191.29
94011,2022-07-15,台中市,豐原區,190,25705,190.86
94399,2022-07-14,台中市,豐原區,190,25515,189.86
94787,2022-07-13,台中市,豐原區,211,25325,193.43
95176,2022-07-12,台中市,豐原區,224,25114,195.14
95564,2022-07-11,台中市,豐原區,206,24890,202.57
95952,2022-07-10,台中市,豐原區,121,24684,216.86
96335,2022-07-09,台中市,豐原區,194,24563,227.00
96722,2022-07-08,台中市,豐原區,183,24369,234.43
97113,2022-07-07,台中市,豐原區,215,24186,245.71
97504,2022-07-06,台中市,豐原區,223,23971,254.00
97893,2022-07-05,台中市,豐原區,276,23748,273.29
98282,2022-07-04,台中市,豐原區,306,23472,280.14
98671,2022-07-03,台中市,豐原區,192,23166,294.14
99056,2022-07-02,台中市,豐原區,246,22974,306.57
99444,2022-07-01,台中市,豐原區,262,22728,315.71
99836,2022-06-30,台中市,豐原區,273,22466,324.14
100227,2022-06-29,台中市,豐原區,358,22193,339.00
100617,2022-06-28,台中市,豐原區,324,21835,347.29
101008,2022-06-27,台中市,豐原區,404,21511,365.14
101397,2022-06-26,台中市,豐原區,279,21107,378.14
101782,2022-06-25,台中市,豐原區,310,20828,376.43
102172,2022-06-24,台中市,豐原區,321,20518,401.29
102563,2022-06-23,台中市,豐原區,377,20197,419.43
102955,2022-06-22,台中市,豐原區,416,19820,430.71
103345,2022-06-21,台中市,豐原區,449,19404,442.86
103736,2022-06-20,台中市,豐原區,495,18955,463.43
104127,2022-06-19,台中市,豐原區,267,18460,474.14
104517,2022-06-18,台中市,豐原區,484,18193,499.57
104908,2022-06-17,台中市,豐原區,448,17709,525.00
105299,2022-06-16,台中市,豐原區,456,17261,520.57
105689,2022-06-15,台中市,豐原區,501,16805,532.71
106079,2022-06-14,台中市,豐原區,593,16304,554.43
106470,2022-06-13,台中市,豐原區,570,15711,560.14
106861,2022-06-12,台中市,豐原區,445,15141,586.57
107248,2022-06-11,台中市,豐原區,662,14696,594.43
107639,2022-06-10,台中市,豐原區,417,14034,563.57
108028,2022-06-09,台中市,豐原區,541,13617,577.14
108419,2022-06-08,台中市,豐原區,653,13076,574.29
108807,2022-06-07,台中市,豐原區,633,12423,557.86
109199,2022-06-06,台中市,豐原區,755,11790,555.86
109590,2022-06-05,台中市,豐原區,500,11035,524.29
109979,2022-06-04,台中市,豐原區,446,10535,511.00
110368,2022-06-03,台中市,豐原區,512,10089,506.86
110760,2022-06-02,台中市,豐原區,521,9577,495.43
111150,2022-06-01,台中市,豐原區,538,9056,523.43
111541,2022-05-31,台中市,豐原區,619,8518,501.86
111933,2022-05-30,台中市,豐原區,534,7899,488.71
112323,2022-05-29,台中市,豐原區,407,7365,469.14
112714,2022-05-28,台中市,豐原區,417,6958,456.71
113104,2022-05-27,台中市,豐原區,432,6541,452.57
113495,2022-05-26,台中市,豐原區,717,6109,437.14
113886,2022-05-25,台中市,豐原區,387,5392,381.86
114276,2022-05-24,台中市,豐原區,527,5005,358.00
114667,2022-05-23,台中市,豐原區,397,4478,324.86
115058,2022-05-22,台中市,豐原區,320,4081,295.86
115449,2022-05-21,台中市,豐原區,388,3761,276.29
115836,2022-05-20,台中市,豐原區,324,3373,247.86
116222,2022-05-19,台中市,豐原區,330,3049,226.00
116611,2022-05-18,台中市,豐原區,220,2719,201.14
117001,2022-05-17,台中市,豐原區,295,2499,191.71
117391,2022-05-16,台中市,豐原區,194,2204,174.57
117779,2022-05-15,台中市,豐原區,183,2010,161.57
118165,2022-05-14,台中市,豐原區,189,1827,148.00
118548,2022-05-13,台中市,豐原區,171,1638,133.43
118935,2022-05-12,台中市,豐原區,156,1467,124.71
119319,2022-05-11,台中市,豐原區,154,1311,118.14
119704,2022-05-10,台中市,豐原區,175,1157,112.57
120089,2022-05-09,台中市,豐原區,103,982,98.00
120468,2022-05-08,台中市,豐原區,88,879,91.00
120852,2022-05-07,台中市,豐原區,87,791,82.57
121230,2022-05-06,台中市,豐原區,110,704,76.57
121609,2022-05-05,台中市,豐原區,110,594,66.00
121980,2022-05-04,台中市,豐原區,115,484,54.00
122341,2022-05-03,台中市,豐原區,73,369,45.86
122699,2022-05-02,台中市,豐原區,54,296,36.86
123050,2022-05-01,台中市,豐原區,29,242,30.00
123384,2022-04-30,台中市,豐原區,45,213,26.14
123714,2022-04-29,台中市,豐原區,36,168,20.00
124030,2022-04-28,台中市,豐原區,26,132,15.14
124344,2022-04-27,台中市,豐原區,58,106,12.00
124639,2022-04-26,台中市,豐原區,10,48,4.14
124927,2022-04-25,台中市,豐原區,6,38,3.00
125200,2022-04-24,台中市,豐原區,2,32,2.14
125442,2022-04-23,台中市,豐原區,2,30,1.86
125692,2022-04-22,台中市,豐原區,2,28,1.57
125932,2022-04-21,台中市,豐原區,4,26,1.43
126164,2022-04-20,台中市,豐原區,3,22,0.86
126371,2022-04-19,台中市,豐原區,2,19,0.43
127066,2022-04-15,台中市,豐原區,1,17,0.57
127545,2022-04-12,台中市,豐原區,2,16,0.57
127686,2022-04-11,台中市,豐原區,1,14,0.29
128057,2022-04-08,台中市,豐原區,1,13,0.29
128468,2022-04-04,台中市,豐原區,1,12,0.14
133132,2021-05-29,台中市,豐原區,8,11,1.57
133327,2021-05-27,台中市,豐原區,1,3,0.43
133415,2021-05-26,台中市,豐原區,2,2,0.29
