UID,個案研判日,縣市別,區域,新增確診人數,累計確診人數,七天移動平均新增確診人數
81,2023-06-14,台中市,北區,2,68729,0.29
471,2023-03-21,台中市,北區,2,68727,47.29
609,2023-03-20,台中市,北區,16,68725,58.00
893,2023-03-19,台中市,北區,45,68709,67.00
1221,2023-03-18,台中市,北區,60,68664,67.43
1561,2023-03-17,台中市,北區,69,68604,67.00
1913,2023-03-16,台中市,北區,58,68535,65.29
2266,2023-03-15,台中市,北區,81,68477,64.43
2617,2023-03-14,台中市,北區,77,68396,62.29
2974,2023-03-13,台中市,北區,79,68319,59.71
3333,2023-03-12,台中市,北區,48,68240,60.43
3678,2023-03-11,台中市,北區,57,68192,59.71
4031,2023-03-10,台中市,北區,57,68135,61.00
4386,2023-03-09,台中市,北區,52,68078,63.71
4745,2023-03-08,台中市,北區,66,68026,68.71
5099,2023-03-07,台中市,北區,59,67960,73.57
5458,2023-03-06,台中市,北區,84,67901,77.86
5823,2023-03-05,台中市,北區,43,67817,77.57
6162,2023-03-04,台中市,北區,66,67774,79.43
6514,2023-03-03,台中市,北區,76,67708,82.71
6873,2023-03-02,台中市,北區,87,67632,85.29
7237,2023-03-01,台中市,北區,100,67545,88.71
7608,2023-02-28,台中市,北區,89,67445,88.86
7971,2023-02-27,台中市,北區,82,67356,91.86
8330,2023-02-26,台中市,北區,56,67274,100.29
8675,2023-02-25,台中市,北區,89,67218,101.29
9045,2023-02-24,台中市,北區,94,67129,101.86
9406,2023-02-23,台中市,北區,111,67035,102.71
9776,2023-02-22,台中市,北區,101,66924,100.71
10151,2023-02-21,台中市,北區,110,66823,103.57
10520,2023-02-20,台中市,北區,141,66713,109.43
10900,2023-02-19,台中市,北區,63,66572,110.86
11258,2023-02-18,台中市,北區,93,66509,114.14
11625,2023-02-17,台中市,北區,100,66416,116.29
11997,2023-02-16,台中市,北區,97,66316,119.86
12372,2023-02-15,台中市,北區,121,66219,125.71
12745,2023-02-14,台中市,北區,151,66098,127.29
13117,2023-02-13,台中市,北區,151,65947,127.86
13496,2023-02-12,台中市,北區,86,65796,130.43
13853,2023-02-11,台中市,北區,108,65710,132.86
14225,2023-02-10,台中市,北區,125,65602,139.43
14599,2023-02-09,台中市,北區,138,65477,140.57
14975,2023-02-08,台中市,北區,132,65339,141.71
15354,2023-02-07,台中市,北區,155,65207,149.14
15733,2023-02-06,台中市,北區,169,65052,158.71
16115,2023-02-05,台中市,北區,103,64883,164.86
16483,2023-02-04,台中市,北區,154,64780,176.57
16862,2023-02-03,台中市,北區,133,64626,181.14
17248,2023-02-02,台中市,北區,146,64493,186.71
17631,2023-02-01,台中市,北區,184,64347,185.57
18008,2023-01-31,台中市,北區,222,64163,177.14
18393,2023-01-30,台中市,北區,212,63941,160.71
18782,2023-01-29,台中市,北區,185,63729,139.43
19158,2023-01-28,台中市,北區,186,63544,122.43
19537,2023-01-27,台中市,北區,172,63358,110.29
19915,2023-01-26,台中市,北區,138,63186,101.57
20292,2023-01-25,台中市,北區,125,63048,95.71
20657,2023-01-24,台中市,北區,107,62923,94.29
21032,2023-01-23,台中市,北區,63,62816,95.86
21399,2023-01-22,台中市,北區,66,62753,108.00
21763,2023-01-21,台中市,北區,101,62687,112.71
22135,2023-01-20,台中市,北區,111,62586,119.57
22502,2023-01-19,台中市,北區,97,62475,126.71
22873,2023-01-18,台中市,北區,115,62378,137.43
23245,2023-01-17,台中市,北區,118,62263,145.43
23609,2023-01-16,台中市,北區,148,62145,155.43
23985,2023-01-15,台中市,北區,99,61997,162.00
24352,2023-01-14,台中市,北區,149,61898,165.00
24720,2023-01-13,台中市,北區,161,61749,166.71
25088,2023-01-12,台中市,北區,172,61588,166.57
25463,2023-01-11,台中市,北區,171,61416,173.71
25839,2023-01-10,台中市,北區,188,61245,184.43
26211,2023-01-09,台中市,北區,194,61057,192.86
26590,2023-01-08,台中市,北區,120,60863,194.57
26947,2023-01-07,台中市,北區,161,60743,194.14
27318,2023-01-06,台中市,北區,160,60582,199.57
27694,2023-01-05,台中市,北區,222,60422,205.43
28074,2023-01-04,台中市,北區,246,60200,201.86
28455,2023-01-03,台中市,北區,247,59954,199.14
28837,2023-01-02,台中市,北區,206,59707,197.00
29208,2023-01-01,台中市,北區,117,59501,196.57
29570,2022-12-31,台中市,北區,199,59384,196.00
29936,2022-12-30,台中市,北區,201,59185,184.71
30308,2022-12-29,台中市,北區,197,58984,174.00
30681,2022-12-28,台中市,北區,227,58787,164.29
31051,2022-12-27,台中市,北區,232,58560,153.43
31428,2022-12-26,台中市,北區,203,58328,138.71
31800,2022-12-25,台中市,北區,113,58125,133.86
32154,2022-12-24,台中市,北區,120,58012,128.86
32514,2022-12-23,台中市,北區,126,57892,124.57
32878,2022-12-22,台中市,北區,129,57766,121.00
33245,2022-12-21,台中市,北區,151,57637,118.43
33615,2022-12-20,台中市,北區,129,57486,112.86
33978,2022-12-19,台中市,北區,169,57357,110.00
34349,2022-12-18,台中市,北區,78,57188,99.29
34697,2022-12-17,台中市,北區,90,57110,98.43
35057,2022-12-16,台中市,北區,101,57020,99.14
35422,2022-12-15,台中市,北區,111,56919,98.14
35793,2022-12-14,台中市,北區,112,56808,97.43
36152,2022-12-13,台中市,北區,109,56696,100.00
36526,2022-12-12,台中市,北區,94,56587,101.57
36898,2022-12-11,台中市,北區,72,56493,108.57
37249,2022-12-10,台中市,北區,95,56421,111.14
37618,2022-12-09,台中市,北區,94,56326,110.29
37983,2022-12-08,台中市,北區,106,56232,112.14
38356,2022-12-07,台中市,北區,130,56126,113.57
38728,2022-12-06,台中市,北區,120,55996,113.29
39099,2022-12-05,台中市,北區,143,55876,118.29
39477,2022-12-04,台中市,北區,90,55733,116.57
39843,2022-12-03,台中市,北區,89,55643,115.29
40212,2022-12-02,台中市,北區,107,55554,116.86
40582,2022-12-01,台中市,北區,116,55447,116.14
40951,2022-11-30,台中市,北區,128,55331,113.29
41322,2022-11-29,台中市,北區,155,55203,114.29
41702,2022-11-28,台中市,北區,131,55048,108.14
42080,2022-11-27,台中市,北區,81,54917,113.00
42441,2022-11-26,台中市,北區,100,54836,113.29
42797,2022-11-25,台中市,北區,102,54736,113.14
43168,2022-11-24,台中市,北區,96,54634,118.71
43538,2022-11-23,台中市,北區,135,54538,123.00
43910,2022-11-22,台中市,北區,112,54403,129.14
44283,2022-11-21,台中市,北區,165,54291,133.71
44666,2022-11-20,台中市,北區,83,54126,124.86
45029,2022-11-19,台中市,北區,99,54043,134.43
45403,2022-11-18,台中市,北區,141,53944,137.43
45775,2022-11-17,台中市,北區,126,53803,137.29
46148,2022-11-16,台中市,北區,178,53677,139.00
46528,2022-11-15,台中市,北區,144,53499,135.14
46909,2022-11-14,台中市,北區,103,53355,140.00
47290,2022-11-13,台中市,北區,150,53252,159.00
47660,2022-11-12,台中市,北區,120,53102,157.14
48037,2022-11-11,台中市,北區,140,52982,165.43
48416,2022-11-10,台中市,北區,138,52842,173.29
48799,2022-11-09,台中市,北區,151,52704,188.29
49182,2022-11-08,台中市,北區,178,52553,200.00
49567,2022-11-07,台中市,北區,236,52375,210.14
49952,2022-11-06,台中市,北區,137,52139,216.86
50321,2022-11-05,台中市,北區,178,52002,222.14
50696,2022-11-04,台中市,北區,195,51824,230.14
51082,2022-11-03,台中市,北區,243,51629,236.14
51462,2022-11-02,台中市,北區,233,51386,240.14
51848,2022-11-01,台中市,北區,249,51153,239.57
52233,2022-10-31,台中市,北區,283,50904,247.86
52616,2022-10-30,台中市,北區,174,50621,248.14
52995,2022-10-29,台中市,北區,234,50447,249.86
53374,2022-10-28,台中市,北區,237,50213,249.86
53761,2022-10-27,台中市,北區,271,49976,254.57
54148,2022-10-26,台中市,北區,229,49705,255.00
54532,2022-10-25,台中市,北區,307,49476,264.14
54921,2022-10-24,台中市,北區,285,49169,270.14
55311,2022-10-23,台中市,北區,186,48884,278.29
55688,2022-10-22,台中市,北區,234,48698,280.29
56073,2022-10-21,台中市,北區,270,48464,286.86
56463,2022-10-20,台中市,北區,274,48194,291.86
56848,2022-10-19,台中市,北區,293,47920,299.71
57235,2022-10-18,台中市,北區,349,47627,312.43
57625,2022-10-17,台中市,北區,342,47278,312.57
58015,2022-10-16,台中市,北區,200,46936,311.71
58399,2022-10-15,台中市,北區,280,46736,314.29
58784,2022-10-14,台中市,北區,305,46456,317.29
59174,2022-10-13,台中市,北區,329,46151,321.86
59565,2022-10-12,台中市,北區,382,45822,324.71
59954,2022-10-11,台中市,北區,350,45440,318.29
60346,2022-10-10,台中市,北區,336,45090,325.43
60730,2022-10-09,台中市,北區,218,44754,332.29
61117,2022-10-08,台中市,北區,301,44536,334.86
61506,2022-10-07,台中市,北區,337,44235,340.14
61893,2022-10-06,台中市,北區,349,43898,331.71
62284,2022-10-05,台中市,北區,337,43549,323.00
62671,2022-10-04,台中市,北區,400,43212,324.00
63059,2022-10-03,台中市,北區,384,42812,319.00
63450,2022-10-02,台中市,北區,236,42428,315.86
63832,2022-10-01,台中市,北區,338,42192,310.00
64218,2022-09-30,台中市,北區,278,41854,305.00
64602,2022-09-29,台中市,北區,288,41576,306.57
64990,2022-09-28,台中市,北區,344,41288,305.43
65378,2022-09-27,台中市,北區,365,40944,299.86
65765,2022-09-26,台中市,北區,362,40579,303.29
66154,2022-09-25,台中市,北區,195,40217,303.57
66537,2022-09-24,台中市,北區,303,40022,302.14
66920,2022-09-23,台中市,北區,289,39719,298.43
67309,2022-09-22,台中市,北區,280,39430,299.00
67696,2022-09-21,台中市,北區,305,39150,303.43
68085,2022-09-20,台中市,北區,389,38845,305.43
68475,2022-09-19,台中市,北區,364,38456,302.29
68866,2022-09-18,台中市,北區,185,38092,302.57
69248,2022-09-17,台中市,北區,277,37907,297.29
69636,2022-09-16,台中市,北區,293,37630,291.43
70021,2022-09-15,台中市,北區,311,37337,287.14
70408,2022-09-14,台中市,北區,319,37026,277.71
70793,2022-09-13,台中市,北區,367,36707,271.86
71182,2022-09-12,台中市,北區,366,36340,262.57
71572,2022-09-11,台中市,北區,148,35974,248.57
71954,2022-09-10,台中市,北區,236,35826,251.29
72336,2022-09-09,台中市,北區,263,35590,250.29
72718,2022-09-08,台中市,北區,245,35327,251.57
73105,2022-09-07,台中市,北區,278,35082,247.71
73489,2022-09-06,台中市,北區,302,34804,249.29
73875,2022-09-05,台中市,北區,268,34502,241.57
74262,2022-09-04,台中市,北區,167,34234,240.43
74644,2022-09-03,台中市,北區,229,34067,234.14
75031,2022-09-02,台中市,北區,272,33838,230.00
75417,2022-09-01,台中市,北區,218,33566,218.43
75806,2022-08-31,台中市,北區,289,33348,215.86
76193,2022-08-30,台中市,北區,248,33059,201.43
76581,2022-08-29,台中市,北區,260,32811,197.14
76971,2022-08-28,台中市,北區,123,32551,189.71
77352,2022-08-27,台中市,北區,200,32428,189.14
77739,2022-08-26,台中市,北區,191,32228,183.00
78124,2022-08-25,台中市,北區,200,32037,180.43
78510,2022-08-24,台中市,北區,188,31837,176.29
78897,2022-08-23,台中市,北區,218,31649,174.57
79280,2022-08-22,台中市,北區,208,31431,167.00
79670,2022-08-21,台中市,北區,119,31223,160.14
80045,2022-08-20,台中市,北區,157,31104,158.43
80430,2022-08-19,台中市,北區,173,30947,155.14
80814,2022-08-18,台中市,北區,171,30774,151.86
81203,2022-08-17,台中市,北區,176,30603,146.00
81588,2022-08-16,台中市,北區,165,30427,141.57
81975,2022-08-15,台中市,北區,160,30262,140.43
82362,2022-08-14,台中市,北區,107,30102,141.71
82739,2022-08-13,台中市,北區,134,29995,142.43
83118,2022-08-12,台中市,北區,150,29861,142.43
83504,2022-08-11,台中市,北區,130,29711,139.14
83890,2022-08-10,台中市,北區,145,29581,141.57
84276,2022-08-09,台中市,北區,157,29436,140.57
84658,2022-08-08,台中市,北區,169,29279,142.43
85043,2022-08-07,台中市,北區,112,29110,147.57
85416,2022-08-06,台中市,北區,134,28998,143.86
85795,2022-08-05,台中市,北區,127,28864,142.29
86182,2022-08-04,台中市,北區,147,28737,143.14
86567,2022-08-03,台中市,北區,138,28590,142.29
86950,2022-08-02,台中市,北區,170,28452,147.86
87335,2022-08-01,台中市,北區,205,28282,145.14
87723,2022-07-31,台中市,北區,86,28077,142.43
88099,2022-07-30,台中市,北區,123,27991,142.14
88478,2022-07-29,台中市,北區,133,27868,146.57
88862,2022-07-28,台中市,北區,141,27735,150.86
89248,2022-07-27,台中市,北區,177,27594,154.29
89639,2022-07-26,台中市,北區,151,27417,156.29
90026,2022-07-25,台中市,北區,186,27266,160.43
90410,2022-07-24,台中市,北區,84,27080,161.29
90788,2022-07-23,台中市,北區,154,26996,165.14
91172,2022-07-22,台中市,北區,163,26842,168.71
91558,2022-07-21,台中市,北區,165,26679,168.00
91942,2022-07-20,台中市,北區,191,26514,171.14
92329,2022-07-19,台中市,北區,180,26323,171.71
92717,2022-07-18,台中市,北區,192,26143,176.86
93106,2022-07-17,台中市,北區,111,25951,185.00
93484,2022-07-16,台中市,北區,179,25840,188.71
93871,2022-07-15,台中市,北區,158,25661,193.00
94258,2022-07-14,台中市,北區,187,25503,202.14
94646,2022-07-13,台中市,北區,195,25316,200.86
95035,2022-07-12,台中市,北區,216,25121,208.43
95423,2022-07-11,台中市,北區,249,24905,208.86
95811,2022-07-10,台中市,北區,137,24656,213.71
96194,2022-07-09,台中市,北區,209,24519,216.00
96581,2022-07-08,台中市,北區,222,24310,218.71
96972,2022-07-07,台中市,北區,178,24088,221.29
97363,2022-07-06,台中市,北區,248,23910,233.43
97752,2022-07-05,台中市,北區,219,23662,240.86
98141,2022-07-04,台中市,北區,283,23443,256.29
98530,2022-07-03,台中市,北區,153,23160,265.00
98915,2022-07-02,台中市,北區,228,23007,272.71
99303,2022-07-01,台中市,北區,240,22779,275.29
99695,2022-06-30,台中市,北區,263,22539,283.00
100086,2022-06-29,台中市,北區,300,22276,289.29
100476,2022-06-28,台中市,北區,327,21976,294.00
100867,2022-06-27,台中市,北區,344,21649,296.57
101256,2022-06-26,台中市,北區,207,21305,307.29
101641,2022-06-25,台中市,北區,246,21098,309.14
102031,2022-06-24,台中市,北區,294,20852,323.57
102422,2022-06-23,台中市,北區,307,20558,340.57
102814,2022-06-22,台中市,北區,333,20251,353.71
103204,2022-06-21,台中市,北區,345,19918,366.29
103595,2022-06-20,台中市,北區,419,19573,386.71
103986,2022-06-19,台中市,北區,220,19154,412.14
104376,2022-06-18,台中市,北區,347,18934,422.57
104767,2022-06-17,台中市,北區,413,18587,454.57
105158,2022-06-16,台中市,北區,399,18174,448.14
105548,2022-06-15,台中市,北區,421,17775,461.00
105938,2022-06-14,台中市,北區,488,17354,477.00
106329,2022-06-13,台中市,北區,597,16866,485.71
106720,2022-06-12,台中市,北區,293,16269,499.29
107107,2022-06-11,台中市,北區,571,15976,493.86
107498,2022-06-10,台中市,北區,368,15405,476.43
107887,2022-06-09,台中市,北區,489,15037,484.71
108278,2022-06-08,台中市,北區,533,14548,491.71
108666,2022-06-07,台中市,北區,549,14015,484.14
109058,2022-06-06,台中市,北區,692,13466,475.71
109449,2022-06-05,台中市,北區,255,12774,449.86
109838,2022-06-04,台中市,北區,449,12519,464.86
110227,2022-06-03,台中市,北區,426,12070,461.86
110619,2022-06-02,台中市,北區,538,11644,464.71
111009,2022-06-01,台中市,北區,480,11106,467.00
111400,2022-05-31,台中市,北區,490,10626,463.57
111792,2022-05-30,台中市,北區,511,10136,472.29
112182,2022-05-29,台中市,北區,360,9625,474.29
112573,2022-05-28,台中市,北區,428,9265,479.71
112963,2022-05-27,台中市,北區,446,8837,475.43
113354,2022-05-26,台中市,北區,554,8391,488.29
113745,2022-05-25,台中市,北區,456,7837,469.00
114135,2022-05-24,台中市,北區,551,7381,481.29
114526,2022-05-23,台中市,北區,525,6830,468.43
114917,2022-05-22,台中市,北區,398,6305,434.43
115308,2022-05-21,台中市,北區,398,5907,414.14
115695,2022-05-20,台中市,北區,536,5509,403.57
116081,2022-05-19,台中市,北區,419,4973,362.71
116470,2022-05-18,台中市,北區,542,4554,341.57
116860,2022-05-17,台中市,北區,461,4012,305.71
117250,2022-05-16,台中市,北區,287,3551,282.71
117638,2022-05-15,台中市,北區,256,3264,260.29
118024,2022-05-14,台中市,北區,324,3008,245.86
118407,2022-05-13,台中市,北區,250,2684,223.29
118794,2022-05-12,台中市,北區,271,2434,212.71
119178,2022-05-11,台中市,北區,291,2163,192.29
119563,2022-05-10,台中市,北區,300,1872,172.29
119948,2022-05-09,台中市,北區,130,1572,149.29
120327,2022-05-08,台中市,北區,155,1442,144.57
120712,2022-05-07,台中市,北區,166,1287,131.86
121090,2022-05-06,台中市,北區,176,1121,115.43
121468,2022-05-05,台中市,北區,128,945,97.00
121841,2022-05-04,台中市,北區,151,817,85.00
122201,2022-05-03,台中市,北區,139,666,70.57
122560,2022-05-02,台中市,北區,97,527,54.71
122911,2022-05-01,台中市,北區,66,430,45.29
123247,2022-04-30,台中市,北區,51,364,38.71
123580,2022-04-29,台中市,北區,47,313,33.14
123897,2022-04-28,台中市,北區,44,266,29.57
124210,2022-04-27,台中市,北區,50,222,25.57
124510,2022-04-26,台中市,北區,28,172,20.43
124802,2022-04-25,台中市,北區,31,144,16.86
125075,2022-04-24,台中市,北區,20,113,13.43
125324,2022-04-23,台中市,北區,12,93,10.86
125569,2022-04-22,台中市,北區,22,81,9.43
125817,2022-04-21,台中市,北區,16,59,6.71
126047,2022-04-20,台中市,北區,14,43,4.57
126264,2022-04-19,台中市,北區,3,29,2.71
126462,2022-04-18,台中市,北區,7,26,2.43
126647,2022-04-17,台中市,北區,2,19,1.57
126812,2022-04-16,台中市,北區,2,17,1.29
126962,2022-04-15,台中市,北區,3,15,1.00
127138,2022-04-14,台中市,北區,1,12,0.57
127305,2022-04-13,台中市,北區,1,11,0.43
127455,2022-04-12,台中市,北區,1,10,0.29
127603,2022-04-11,台中市,北區,1,9,0.14
130864,2021-07-17,台中市,北區,1,8,0.14
131199,2021-07-02,台中市,北區,2,7,0.29
133246,2021-05-27,台中市,北區,1,5,0.57
133354,2021-05-26,台中市,北區,1,4,0.43
133612,2021-05-23,台中市,北區,1,3,0.29
133700,2021-05-22,台中市,北區,1,2,0.14
135171,2020-03-20,台中市,北區,1,1,0.14
