UID,個案研判日,縣市別,區域,新增確診人數,累計確診人數,七天移動平均新增確診人數
189,2023-06-14,台中市,南區,4,62355,0.57
547,2023-03-21,台中市,南區,7,62351,32.57
756,2023-03-20,台中市,南區,13,62344,39.57
1056,2023-03-19,台中市,南區,35,62331,48.43
1384,2023-03-18,台中市,南區,47,62296,48.71
1725,2023-03-17,台中市,南區,38,62249,50.57
2079,2023-03-16,台中市,南區,34,62211,54.00
2432,2023-03-15,台中市,南區,54,62177,59.29
2781,2023-03-14,台中市,南區,56,62123,59.57
3140,2023-03-13,台中市,南區,75,62067,58.43
3494,2023-03-12,台中市,南區,37,61992,59.43
3844,2023-03-11,台中市,南區,60,61955,58.29
4194,2023-03-10,台中市,南區,62,61895,58.71
4551,2023-03-09,台中市,南區,71,61833,62.57
4908,2023-03-08,台中市,南區,56,61762,67.29
5263,2023-03-07,台中市,南區,48,61706,72.43
5626,2023-03-06,台中市,南區,82,61658,74.57
5986,2023-03-05,台中市,南區,29,61576,72.71
6325,2023-03-04,台中市,南區,63,61547,73.57
6680,2023-03-03,台中市,南區,89,61484,79.57
7040,2023-03-02,台中市,南區,104,61395,79.14
7404,2023-03-01,台中市,南區,92,61291,76.29
7776,2023-02-28,台中市,南區,63,61199,73.57
8140,2023-02-27,台中市,南區,69,61136,78.29
8494,2023-02-26,台中市,南區,35,61067,86.29
8842,2023-02-25,台中市,南區,105,61032,92.14
9211,2023-02-24,台中市,南區,86,60927,90.71
9573,2023-02-23,台中市,南區,84,60841,93.00
9944,2023-02-22,台中市,南區,73,60757,92.57
10318,2023-02-21,台中市,南區,96,60684,98.57
10689,2023-02-20,台中市,南區,125,60588,97.14
11065,2023-02-19,台中市,南區,76,60463,97.86
11426,2023-02-18,台中市,南區,95,60387,99.43
11793,2023-02-17,台中市,南區,102,60292,99.43
12166,2023-02-16,台中市,南區,81,60190,101.00
12540,2023-02-15,台中市,南區,115,60109,107.00
12913,2023-02-14,台中市,南區,86,59994,109.43
13285,2023-02-13,台中市,南區,130,59908,121.86
13664,2023-02-12,台中市,南區,87,59778,121.14
14021,2023-02-11,台中市,南區,95,59691,121.14
14393,2023-02-10,台中市,南區,113,59596,126.57
14766,2023-02-09,台中市,南區,123,59483,130.00
15144,2023-02-08,台中市,南區,132,59360,134.43
15523,2023-02-07,台中市,南區,173,59228,138.14
15902,2023-02-06,台中市,南區,125,59055,139.57
16280,2023-02-05,台中市,南區,87,58930,155.14
16651,2023-02-04,台中市,南區,133,58843,157.43
17031,2023-02-03,台中市,南區,137,58710,163.57
17416,2023-02-02,台中市,南區,154,58573,166.71
17799,2023-02-01,台中市,南區,158,58419,164.43
18177,2023-01-31,台中市,南區,183,58261,158.86
18562,2023-01-30,台中市,南區,234,58078,144.29
18948,2023-01-29,台中市,南區,103,57844,127.00
19326,2023-01-28,台中市,南區,176,57741,121.14
19703,2023-01-27,台中市,南區,159,57565,114.00
20083,2023-01-26,台中市,南區,138,57406,112.71
20456,2023-01-25,台中市,南區,119,57268,105.86
20824,2023-01-24,台中市,南區,81,57149,110.29
21197,2023-01-23,台中市,南區,113,57068,116.14
21565,2023-01-22,台中市,南區,62,56955,118.57
21931,2023-01-21,台中市,南區,126,56893,124.29
22304,2023-01-20,台中市,南區,150,56767,129.86
22670,2023-01-19,台中市,南區,90,56617,127.71
23043,2023-01-18,台中市,南區,150,56527,137.29
23411,2023-01-17,台中市,南區,122,56377,133.57
23777,2023-01-16,台中市,南區,130,56255,142.86
24153,2023-01-15,台中市,南區,102,56125,146.00
24518,2023-01-14,台中市,南區,165,56023,147.57
24885,2023-01-13,台中市,南區,135,55858,148.14
25254,2023-01-12,台中市,南區,157,55723,158.43
25629,2023-01-11,台中市,南區,124,55566,165.14
26005,2023-01-10,台中市,南區,187,55442,179.86
26378,2023-01-09,台中市,南區,152,55255,193.14
26753,2023-01-08,台中市,南區,113,55103,196.86
27114,2023-01-07,台中市,南區,169,54990,192.29
27485,2023-01-06,台中市,南區,207,54821,200.43
27862,2023-01-05,台中市,南區,204,54614,197.57
28241,2023-01-04,台中市,南區,227,54410,198.86
28622,2023-01-03,台中市,南區,280,54183,196.00
29003,2023-01-02,台中市,南區,178,53903,186.71
29377,2023-01-01,台中市,南區,81,53725,186.71
29738,2022-12-31,台中市,南區,226,53644,189.14
30103,2022-12-30,台中市,南區,187,53418,179.14
30477,2022-12-29,台中市,南區,213,53231,168.29
30849,2022-12-28,台中市,南區,207,53018,161.14
31218,2022-12-27,台中市,南區,215,52811,150.14
31594,2022-12-26,台中市,南區,178,52596,134.14
31963,2022-12-25,台中市,南區,98,52418,123.43
32321,2022-12-24,台中市,南區,156,52320,118.29
32679,2022-12-23,台中市,南區,111,52164,113.71
33045,2022-12-22,台中市,南區,163,52053,114.29
33411,2022-12-21,台中市,南區,130,51890,103.86
33780,2022-12-20,台中市,南區,103,51760,102.00
34145,2022-12-19,台中市,南區,103,51657,106.00
34514,2022-12-18,台中市,南區,62,51554,105.00
34862,2022-12-17,台中市,南區,124,51492,110.71
35224,2022-12-16,台中市,南區,115,51368,107.14
35588,2022-12-15,台中市,南區,90,51253,106.71
35957,2022-12-14,台中市,南區,117,51163,107.57
36316,2022-12-13,台中市,南區,131,51046,105.29
36695,2022-12-12,台中市,南區,96,50915,107.43
37060,2022-12-11,台中市,南區,102,50819,108.71
37416,2022-12-10,台中市,南區,99,50717,104.43
37786,2022-12-09,台中市,南區,112,50618,103.43
38150,2022-12-08,台中市,南區,96,50506,99.57
38523,2022-12-07,台中市,南區,101,50410,100.43
38894,2022-12-06,台中市,南區,146,50309,102.57
39267,2022-12-05,台中市,南區,105,50163,102.57
39645,2022-12-04,台中市,南區,72,50058,107.14
40009,2022-12-03,台中市,南區,92,49986,104.29
40380,2022-12-02,台中市,南區,85,49894,107.57
40745,2022-12-01,台中市,南區,102,49809,110.00
41118,2022-11-30,台中市,南區,116,49707,109.29
41491,2022-11-29,台中市,南區,146,49591,106.14
41871,2022-11-28,台中市,南區,137,49445,105.71
42247,2022-11-27,台中市,南區,52,49308,105.71
42605,2022-11-26,台中市,南區,115,49256,111.71
42965,2022-11-25,台中市,南區,102,49141,111.71
43334,2022-11-24,台中市,南區,97,49039,112.14
43703,2022-11-23,台中市,南區,94,48942,115.71
44077,2022-11-22,台中市,南區,143,48848,120.86
44452,2022-11-21,台中市,南區,137,48705,124.29
44832,2022-11-20,台中市,南區,94,48568,124.86
45198,2022-11-19,台中市,南區,115,48474,128.14
45570,2022-11-18,台中市,南區,105,48359,131.71
45943,2022-11-17,台中市,南區,122,48254,134.86
46316,2022-11-16,台中市,南區,130,48132,138.71
46698,2022-11-15,台中市,南區,167,48002,143.71
47076,2022-11-14,台中市,南區,141,47835,145.86
47456,2022-11-13,台中市,南區,117,47694,151.00
47827,2022-11-12,台中市,南區,140,47577,153.14
48204,2022-11-11,台中市,南區,127,47437,162.57
48583,2022-11-10,台中市,南區,149,47310,168.29
48966,2022-11-09,台中市,南區,165,47161,178.86
49352,2022-11-08,台中市,南區,182,46996,188.86
49737,2022-11-07,台中市,南區,177,46814,195.57
50118,2022-11-06,台中市,南區,132,46637,205.14
50489,2022-11-05,台中市,南區,206,46505,214.57
50866,2022-11-04,台中市,南區,167,46299,215.14
51252,2022-11-03,台中市,南區,223,46132,233.14
51630,2022-11-02,台中市,南區,235,45909,238.29
52018,2022-11-01,台中市,南區,229,45674,245.00
52401,2022-10-31,台中市,南區,244,45445,257.71
52785,2022-10-30,台中市,南區,198,45201,257.43
53163,2022-10-29,台中市,南區,210,45003,257.00
53544,2022-10-28,台中市,南區,293,44793,260.86
53931,2022-10-27,台中市,南區,259,44500,252.86
54315,2022-10-26,台中市,南區,282,44241,253.86
54701,2022-10-25,台中市,南區,318,43959,254.00
55091,2022-10-24,台中市,南區,242,43641,252.57
55479,2022-10-23,台中市,南區,195,43399,257.57
55857,2022-10-22,台中市,南區,237,43204,254.86
56243,2022-10-21,台中市,南區,237,42967,257.43
56633,2022-10-20,台中市,南區,266,42730,260.14
57017,2022-10-19,台中市,南區,283,42464,274.43
57404,2022-10-18,台中市,南區,308,42181,284.43
57794,2022-10-17,台中市,南區,277,41873,291.00
58183,2022-10-16,台中市,南區,176,41596,293.14
58568,2022-10-15,台中市,南區,255,41420,293.57
58954,2022-10-14,台中市,南區,256,41165,304.86
59343,2022-10-13,台中市,南區,366,40909,310.43
59734,2022-10-12,台中市,南區,353,40543,300.57
60124,2022-10-11,台中市,南區,354,40190,294.71
60514,2022-10-10,台中市,南區,292,39836,295.71
60898,2022-10-09,台中市,南區,179,39544,298.57
61286,2022-10-08,台中市,南區,334,39365,309.43
61675,2022-10-07,台中市,南區,295,39031,300.43
62062,2022-10-06,台中市,南區,297,38736,297.86
62453,2022-10-05,台中市,南區,312,38439,295.86
62841,2022-10-04,台中市,南區,361,38127,298.14
63229,2022-10-03,台中市,南區,312,37766,297.29
63620,2022-10-02,台中市,南區,255,37454,293.86
64001,2022-10-01,台中市,南區,271,37199,289.14
64387,2022-09-30,台中市,南區,277,36928,285.71
64772,2022-09-29,台中市,南區,283,36651,281.43
65160,2022-09-28,台中市,南區,328,36368,281.29
65547,2022-09-27,台中市,南區,355,36040,271.86
65934,2022-09-26,台中市,南區,288,35685,266.43
66322,2022-09-25,台中市,南區,222,35397,268.43
66706,2022-09-24,台中市,南區,247,35175,265.86
67090,2022-09-23,台中市,南區,247,34928,266.29
67478,2022-09-22,台中市,南區,282,34681,268.29
67866,2022-09-21,台中市,南區,262,34399,269.00
68255,2022-09-20,台中市,南區,317,34137,273.71
68645,2022-09-19,台中市,南區,302,33820,278.57
69035,2022-09-18,台中市,南區,204,33518,279.43
69418,2022-09-17,台中市,南區,250,33314,268.00
69805,2022-09-16,台中市,南區,261,33064,266.00
70190,2022-09-15,台中市,南區,287,32803,263.29
70577,2022-09-14,台中市,南區,295,32516,253.71
70963,2022-09-13,台中市,南區,351,32221,242.86
71352,2022-09-12,台中市,南區,308,31870,240.14
71741,2022-09-11,台中市,南區,124,31562,229.86
72123,2022-09-10,台中市,南區,236,31438,230.57
72505,2022-09-09,台中市,南區,242,31202,228.71
72887,2022-09-08,台中市,南區,220,30960,221.00
73274,2022-09-07,台中市,南區,219,30740,218.71
73658,2022-09-06,台中市,南區,332,30521,218.43
74044,2022-09-05,台中市,南區,236,30189,203.00
74430,2022-09-04,台中市,南區,129,29953,198.43
74813,2022-09-03,台中市,南區,223,29824,195.14
75200,2022-09-02,台中市,南區,188,29601,183.43
75586,2022-09-01,台中市,南區,204,29413,176.43
75975,2022-08-31,台中市,南區,217,29209,170.86
76362,2022-08-30,台中市,南區,224,28992,160.14
76750,2022-08-29,台中市,南區,204,28768,161.86
77139,2022-08-28,台中市,南區,106,28564,153.57
77522,2022-08-27,台中市,南區,141,28458,152.29
77908,2022-08-26,台中市,南區,139,28317,154.57
78293,2022-08-25,台中市,南區,165,28178,155.00
78680,2022-08-24,台中市,南區,142,28013,151.86
79065,2022-08-23,台中市,南區,236,27871,150.86
79449,2022-08-22,台中市,南區,146,27635,136.71
79838,2022-08-21,台中市,南區,97,27489,138.57
80214,2022-08-20,台中市,南區,157,27392,138.71
80598,2022-08-19,台中市,南區,142,27235,133.43
80983,2022-08-18,台中市,南區,143,27093,133.29
81372,2022-08-17,台中市,南區,135,26950,135.00
81757,2022-08-16,台中市,南區,137,26815,143.14
82144,2022-08-15,台中市,南區,159,26678,151.86
82530,2022-08-14,台中市,南區,98,26519,155.43
82907,2022-08-13,台中市,南區,120,26421,158.71
83287,2022-08-12,台中市,南區,141,26301,158.57
83673,2022-08-11,台中市,南區,155,26160,153.71
84059,2022-08-10,台中市,南區,192,26005,148.86
84445,2022-08-09,台中市,南區,198,25813,142.43
84826,2022-08-08,台中市,南區,184,25615,138.71
85210,2022-08-07,台中市,南區,121,25431,137.86
85584,2022-08-06,台中市,南區,119,25310,135.00
85965,2022-08-05,台中市,南區,107,25191,137.14
86351,2022-08-04,台中市,南區,121,25084,141.43
86735,2022-08-03,台中市,南區,147,24963,141.86
87119,2022-08-02,台中市,南區,172,24816,140.86
87504,2022-08-01,台中市,南區,178,24644,140.86
87891,2022-07-31,台中市,南區,101,24466,132.43
88267,2022-07-30,台中市,南區,134,24365,135.71
88645,2022-07-29,台中市,南區,137,24231,134.14
89032,2022-07-28,台中市,南區,124,24094,138.14
89418,2022-07-27,台中市,南區,140,23970,143.14
89808,2022-07-26,台中市,南區,172,23830,145.43
90195,2022-07-25,台中市,南區,119,23658,146.71
90579,2022-07-24,台中市,南區,124,23539,152.00
90956,2022-07-23,台中市,南區,123,23415,147.29
91341,2022-07-22,台中市,南區,165,23292,149.14
91727,2022-07-21,台中市,南區,159,23127,147.14
92111,2022-07-20,台中市,南區,156,22968,146.57
92498,2022-07-19,台中市,南區,181,22812,153.43
92887,2022-07-18,台中市,南區,156,22631,154.14
93274,2022-07-17,台中市,南區,91,22475,156.29
93654,2022-07-16,台中市,南區,136,22384,164.71
94040,2022-07-15,台中市,南區,151,22248,168.14
94427,2022-07-14,台中市,南區,155,22097,173.43
94816,2022-07-13,台中市,南區,204,21942,180.57
95205,2022-07-12,台中市,南區,186,21738,181.43
95592,2022-07-11,台中市,南區,171,21552,195.57
95979,2022-07-10,台中市,南區,150,21381,209.00
96364,2022-07-09,台中市,南區,160,21231,211.29
96751,2022-07-08,台中市,南區,188,21071,221.29
97142,2022-07-07,台中市,南區,205,20883,232.29
97533,2022-07-06,台中市,南區,210,20678,239.57
97922,2022-07-05,台中市,南區,285,20468,251.71
98311,2022-07-04,台中市,南區,265,20183,255.57
98700,2022-07-03,台中市,南區,166,19918,259.14
99084,2022-07-02,台中市,南區,230,19752,262.14
99473,2022-07-01,台中市,南區,265,19522,265.00
99865,2022-06-30,台中市,南區,256,19257,267.00
100256,2022-06-29,台中市,南區,295,19001,272.43
100646,2022-06-28,台中市,南區,312,18706,276.43
101037,2022-06-27,台中市,南區,290,18394,286.71
101425,2022-06-26,台中市,南區,187,18104,301.29
101811,2022-06-25,台中市,南區,250,17917,312.43
102201,2022-06-24,台中市,南區,279,17667,326.71
102592,2022-06-23,台中市,南區,294,17388,344.86
102984,2022-06-22,台中市,南區,323,17094,360.00
103373,2022-06-21,台中市,南區,384,16771,374.00
103765,2022-06-20,台中市,南區,392,16387,389.29
104156,2022-06-19,台中市,南區,265,15995,388.14
104546,2022-06-18,台中市,南區,350,15730,388.71
104937,2022-06-17,台中市,南區,406,15380,405.43
105327,2022-06-16,台中市,南區,400,14974,391.57
105717,2022-06-15,台中市,南區,421,14574,393.86
106107,2022-06-14,台中市,南區,491,14153,394.14
106499,2022-06-13,台中市,南區,384,13662,396.14
106889,2022-06-12,台中市,南區,269,13278,406.71
107276,2022-06-11,台中市,南區,467,13009,407.86
107668,2022-06-10,台中市,南區,309,12542,392.29
108057,2022-06-09,台中市,南區,416,12233,405.29
108446,2022-06-08,台中市,南區,423,11817,406.86
108836,2022-06-07,台中市,南區,505,11394,406.86
109228,2022-06-06,台中市,南區,458,10889,413.29
109618,2022-06-05,台中市,南區,277,10431,412.71
110007,2022-06-04,台中市,南區,358,10154,414.14
110397,2022-06-03,台中市,南區,400,9796,422.43
110788,2022-06-02,台中市,南區,427,9396,429.14
111178,2022-06-01,台中市,南區,423,8969,446.00
111570,2022-05-31,台中市,南區,550,8546,452.14
111961,2022-05-30,台中市,南區,454,7996,444.57
112352,2022-05-29,台中市,南區,287,7542,436.86
112743,2022-05-28,台中市,南區,416,7255,437.86
113133,2022-05-27,台中市,南區,447,6839,426.71
113523,2022-05-26,台中市,南區,545,6392,420.71
113914,2022-05-25,台中市,南區,466,5847,387.71
114304,2022-05-24,台中市,南區,497,5381,376.14
114696,2022-05-23,台中市,南區,400,4884,361.00
115087,2022-05-22,台中市,南區,294,4484,335.00
115478,2022-05-21,台中市,南區,338,4190,324.86
115863,2022-05-20,台中市,南區,405,3852,306.14
116251,2022-05-19,台中市,南區,314,3447,279.29
116640,2022-05-18,台中市,南區,385,3133,256.71
117030,2022-05-17,台中市,南區,391,2748,230.86
117419,2022-05-16,台中市,南區,218,2357,206.14
117808,2022-05-15,台中市,南區,223,2139,184.43
118192,2022-05-14,台中市,南區,207,1916,164.43
118576,2022-05-13,台中市,南區,217,1709,151.00
118963,2022-05-12,台中市,南區,156,1492,136.14
119347,2022-05-11,台中市,南區,204,1336,123.29
119732,2022-05-10,台中市,南區,218,1132,105.71
120114,2022-05-09,台中市,南區,66,914,86.43
120495,2022-05-08,台中市,南區,83,848,84.29
120880,2022-05-07,台中市,南區,113,765,77.43
121258,2022-05-06,台中市,南區,113,652,65.00
121637,2022-05-05,台中市,南區,66,539,52.71
122006,2022-05-04,台中市,南區,81,473,46.71
122368,2022-05-03,台中市,南區,83,392,40.57
122727,2022-05-02,台中市,南區,51,309,31.71
123074,2022-05-01,台中市,南區,35,258,26.00
123410,2022-04-30,台中市,南區,26,223,22.57
123739,2022-04-29,台中市,南區,27,197,19.71
124056,2022-04-28,台中市,南區,24,170,17.29
124365,2022-04-27,台中市,南區,38,146,15.00
124661,2022-04-26,台中市,南區,21,108,10.57
124946,2022-04-25,台中市,南區,11,87,8.29
125218,2022-04-24,台中市,南區,11,76,6.86
125463,2022-04-23,台中市,南區,6,65,6.14
125707,2022-04-22,台中市,南區,10,59,5.43
125950,2022-04-21,台中市,南區,8,49,4.57
126179,2022-04-20,台中市,南區,7,41,4.14
126386,2022-04-19,台中市,南區,5,34,3.86
126578,2022-04-18,台中市,南區,1,29,3.43
126751,2022-04-17,台中市,南區,6,28,3.43
126905,2022-04-16,台中市,南區,1,22,2.71
127077,2022-04-15,台中市,南區,4,21,2.57
127244,2022-04-14,台中市,南區,5,17,2.14
127404,2022-04-13,台中市,南區,5,12,1.57
127555,2022-04-12,台中市,南區,2,7,0.86
127694,2022-04-11,台中市,南區,1,5,0.57
127827,2022-04-10,台中市,南區,1,4,0.43
128060,2022-04-08,台中市,南區,1,3,0.29
128173,2022-04-07,台中市,南區,1,2,0.14
132910,2021-06-01,台中市,南區,1,1,0.14
