UID,個案死亡日,縣市別,區域,新增死亡人數,累計死亡人數,七天移動平均新增死亡人數
5,2023-05-30,台中市,全區,1,1936,0.14
31,2023-05-13,台中市,全區,1,1935,0.29
34,2023-05-11,台中市,全區,1,1934,0.29
44,2023-05-05,台中市,全區,1,1933,0.14
90,2023-04-12,台中市,全區,1,1932,0.43
107,2023-04-10,台中市,全區,1,1931,0.43
142,2023-04-06,台中市,全區,1,1930,1.00
153,2023-04-05,台中市,全區,1,1929,0.86
180,2023-04-03,台中市,全區,1,1928,1.00
190,2023-04-02,台中市,全區,1,1927,0.86
202,2023-04-01,台中市,全區,2,1926,0.71
221,2023-03-31,台中市,全區,1,1924,0.86
245,2023-03-29,台中市,全區,2,1923,1.00
317,2023-03-25,台中市,全區,3,1921,2.71
339,2023-03-24,台中市,全區,2,1918,2.57
398,2023-03-22,台中市,全區,3,1916,3.86
422,2023-03-21,台中市,全區,4,1913,4.14
455,2023-03-20,台中市,全區,2,1909,4.00
495,2023-03-19,台中市,全區,5,1907,4.43
531,2023-03-18,台中市,全區,2,1902,4.00
577,2023-03-17,台中市,全區,3,1900,4.43
616,2023-03-16,台中市,全區,8,1897,4.71
660,2023-03-15,台中市,全區,5,1889,4.14
698,2023-03-14,台中市,全區,3,1884,4.14
742,2023-03-13,台中市,全區,5,1881,4.14
780,2023-03-12,台中市,全區,2,1876,4.29
830,2023-03-11,台中市,全區,5,1874,4.57
871,2023-03-10,台中市,全區,5,1869,4.43
921,2023-03-09,台中市,全區,4,1864,4.29
972,2023-03-08,台中市,全區,5,1860,4.14
1024,2023-03-07,台中市,全區,3,1855,4.43
1061,2023-03-06,台中市,全區,6,1852,5.14
1112,2023-03-05,台中市,全區,4,1846,5.14
1166,2023-03-04,台中市,全區,4,1842,5.43
1226,2023-03-03,台中市,全區,4,1838,5.86
1280,2023-03-02,台中市,全區,3,1834,5.86
1330,2023-03-01,台中市,全區,7,1831,6.00
1385,2023-02-28,台中市,全區,8,1824,5.57
1437,2023-02-27,台中市,全區,6,1816,5.29
1497,2023-02-26,台中市,全區,6,1810,4.71
1561,2023-02-25,台中市,全區,7,1804,5.29
1612,2023-02-24,台中市,全區,4,1797,5.29
1669,2023-02-23,台中市,全區,4,1793,5.29
1737,2023-02-22,台中市,全區,4,1789,5.43
1798,2023-02-21,台中市,全區,6,1785,5.57
1853,2023-02-20,台中市,全區,2,1779,5.43
1906,2023-02-19,台中市,全區,10,1777,5.71
1958,2023-02-18,台中市,全區,7,1767,5.29
2017,2023-02-17,台中市,全區,4,1760,5.71
2075,2023-02-16,台中市,全區,5,1756,5.57
2136,2023-02-15,台中市,全區,5,1751,5.57
2206,2023-02-14,台中市,全區,5,1746,5.71
2276,2023-02-13,台中市,全區,4,1741,5.43
2332,2023-02-12,台中市,全區,7,1737,6.14
2389,2023-02-11,台中市,全區,10,1730,6.29
2459,2023-02-10,台中市,全區,3,1720,5.57
2523,2023-02-09,台中市,全區,5,1717,6.14
2589,2023-02-08,台中市,全區,6,1712,6.43
2674,2023-02-07,台中市,全區,3,1706,6.14
2734,2023-02-06,台中市,全區,9,1703,6.86
2796,2023-02-05,台中市,全區,8,1694,6.57
2856,2023-02-04,台中市,全區,5,1686,6.29
2908,2023-02-03,台中市,全區,7,1681,6.57
2975,2023-02-02,台中市,全區,7,1674,6.57
3046,2023-02-01,台中市,全區,4,1667,6.43
3110,2023-01-31,台中市,全區,8,1663,6.29
3163,2023-01-30,台中市,全區,7,1655,5.57
3222,2023-01-29,台中市,全區,6,1648,5.43
3283,2023-01-28,台中市,全區,7,1642,4.86
3331,2023-01-27,台中市,全區,7,1635,4.29
3378,2023-01-26,台中市,全區,6,1628,4.14
3435,2023-01-25,台中市,全區,3,1622,3.43
3492,2023-01-24,台中市,全區,3,1619,3.57
3542,2023-01-23,台中市,全區,6,1616,3.43
3599,2023-01-22,台中市,全區,2,1610,3.14
3647,2023-01-21,台中市,全區,3,1608,4.00
3687,2023-01-20,台中市,全區,6,1605,5.00
3733,2023-01-19,台中市,全區,1,1599,5.29
3784,2023-01-18,台中市,全區,4,1598,5.71
3824,2023-01-17,台中市,全區,2,1594,5.43
3877,2023-01-16,台中市,全區,4,1592,5.86
3926,2023-01-15,台中市,全區,8,1588,6.00
3989,2023-01-14,台中市,全區,10,1580,5.71
4047,2023-01-13,台中市,全區,8,1570,4.71
4088,2023-01-12,台中市,全區,4,1562,4.14
4133,2023-01-11,台中市,全區,2,1558,4.00
4180,2023-01-10,台中市,全區,5,1556,4.43
4237,2023-01-09,台中市,全區,5,1551,4.14
4283,2023-01-08,台中市,全區,6,1546,3.57
4331,2023-01-07,台中市,全區,3,1540,3.14
4384,2023-01-06,台中市,全區,4,1537,3.57
4431,2023-01-05,台中市,全區,3,1533,3.14
4471,2023-01-04,台中市,全區,5,1530,3.14
4529,2023-01-03,台中市,全區,3,1525,3.00
4587,2023-01-02,台中市,全區,1,1522,3.14
4647,2023-01-01,台中市,全區,3,1521,3.86
4696,2022-12-31,台中市,全區,6,1518,3.71
4752,2022-12-30,台中市,全區,1,1512,3.29
4790,2022-12-29,台中市,全區,3,1511,3.43
4827,2022-12-28,台中市,全區,4,1508,3.43
4866,2022-12-27,台中市,全區,4,1504,2.86
4916,2022-12-26,台中市,全區,6,1500,3.29
4957,2022-12-25,台中市,全區,2,1494,3.14
4992,2022-12-24,台中市,全區,3,1492,3.86
5025,2022-12-23,台中市,全區,2,1489,3.71
5059,2022-12-22,台中市,全區,3,1487,3.86
5132,2022-12-20,台中市,全區,7,1484,4.14
5175,2022-12-19,台中市,全區,5,1477,3.57
5209,2022-12-18,台中市,全區,7,1472,3.00
5246,2022-12-17,台中市,全區,2,1465,2.29
5285,2022-12-16,台中市,全區,3,1463,2.29
5324,2022-12-15,台中市,全區,3,1460,2.29
5362,2022-12-14,台中市,全區,2,1457,2.57
5406,2022-12-13,台中市,全區,3,1455,3.29
5440,2022-12-12,台中市,全區,1,1452,3.14
5464,2022-12-11,台中市,全區,2,1451,3.29
5498,2022-12-10,台中市,全區,2,1449,3.43
5538,2022-12-09,台中市,全區,3,1447,3.86
5580,2022-12-08,台中市,全區,5,1444,4.29
5629,2022-12-07,台中市,全區,7,1439,3.86
5670,2022-12-06,台中市,全區,2,1432,3.43
5701,2022-12-05,台中市,全區,2,1430,4.14
5735,2022-12-04,台中市,全區,3,1428,4.00
5767,2022-12-03,台中市,全區,5,1425,3.86
5809,2022-12-02,台中市,全區,6,1420,3.86
5853,2022-12-01,台中市,全區,2,1414,3.71
5893,2022-11-30,台中市,全區,4,1412,3.86
5927,2022-11-29,台中市,全區,7,1408,4.00
5966,2022-11-28,台中市,全區,1,1401,3.57
6003,2022-11-27,台中市,全區,2,1400,4.43
6035,2022-11-26,台中市,全區,5,1398,4.57
6081,2022-11-25,台中市,全區,5,1393,4.43
6123,2022-11-24,台中市,全區,3,1388,4.43
6170,2022-11-23,台中市,全區,5,1385,4.43
6214,2022-11-22,台中市,全區,4,1380,4.14
6263,2022-11-21,台中市,全區,7,1376,4.43
6314,2022-11-20,台中市,全區,3,1369,3.86
6365,2022-11-19,台中市,全區,4,1366,4.57
6421,2022-11-18,台中市,全區,5,1362,4.71
6463,2022-11-17,台中市,全區,3,1357,4.71
6519,2022-11-16,台中市,全區,3,1354,5.43
6556,2022-11-15,台中市,全區,6,1351,5.71
6602,2022-11-14,台中市,全區,3,1345,5.57
6661,2022-11-13,台中市,全區,8,1342,5.57
6721,2022-11-12,台中市,全區,5,1334,4.71
6782,2022-11-11,台中市,全區,5,1329,4.29
6839,2022-11-10,台中市,全區,8,1324,4.00
6908,2022-11-09,台中市,全區,5,1316,4.43
6963,2022-11-08,台中市,全區,5,1311,4.57
7024,2022-11-07,台中市,全區,3,1306,4.43
7084,2022-11-06,台中市,全區,2,1303,4.57
7139,2022-11-05,台中市,全區,2,1301,4.57
7198,2022-11-04,台中市,全區,3,1299,4.86
7255,2022-11-03,台中市,全區,11,1296,5.43
7311,2022-11-02,台中市,全區,6,1285,4.57
7371,2022-11-01,台中市,全區,4,1279,5.14
7445,2022-10-31,台中市,全區,4,1275,5.14
7504,2022-10-30,台中市,全區,2,1271,5.86
7561,2022-10-29,台中市,全區,4,1269,6.86
7630,2022-10-28,台中市,全區,7,1265,7.43
7696,2022-10-27,台中市,全區,5,1258,7.29
7769,2022-10-26,台中市,全區,10,1253,7.71
7843,2022-10-25,台中市,全區,4,1243,7.00
7911,2022-10-24,台中市,全區,9,1239,7.86
7981,2022-10-23,台中市,全區,9,1230,7.86
8057,2022-10-22,台中市,全區,8,1221,7.00
8121,2022-10-21,台中市,全區,6,1213,6.86
8202,2022-10-20,台中市,全區,8,1207,7.57
8277,2022-10-19,台中市,全區,5,1199,7.57
8338,2022-10-18,台中市,全區,10,1194,8.29
8413,2022-10-17,台中市,全區,9,1184,7.43
8488,2022-10-16,台中市,全區,3,1175,7.71
8553,2022-10-15,台中市,全區,7,1172,7.71
8616,2022-10-14,台中市,全區,11,1165,7.43
8693,2022-10-13,台中市,全區,8,1154,7.86
8760,2022-10-12,台中市,全區,10,1146,7.43
8832,2022-10-11,台中市,全區,4,1136,6.86
8900,2022-10-10,台中市,全區,11,1132,7.57
8972,2022-10-09,台中市,全區,3,1121,6.71
9033,2022-10-08,台中市,全區,5,1118,6.86
9092,2022-10-07,台中市,全區,14,1113,7.00
9162,2022-10-06,台中市,全區,5,1099,5.86
9220,2022-10-05,台中市,全區,6,1094,6.43
9301,2022-10-04,台中市,全區,9,1088,6.86
9370,2022-10-03,台中市,全區,5,1079,6.43
9445,2022-10-02,台中市,全區,4,1074,6.29
9505,2022-10-01,台中市,全區,6,1070,6.00
9566,2022-09-30,台中市,全區,6,1064,6.29
9627,2022-09-29,台中市,全區,9,1058,6.29
9692,2022-09-28,台中市,全區,9,1049,6.29
9741,2022-09-27,台中市,全區,6,1040,5.57
9807,2022-09-26,台中市,全區,4,1034,5.29
9861,2022-09-25,台中市,全區,2,1030,6.00
9926,2022-09-24,台中市,全區,8,1028,6.14
9973,2022-09-23,台中市,全區,6,1020,5.71
10037,2022-09-22,台中市,全區,9,1014,5.71
10108,2022-09-21,台中市,全區,4,1005,5.43
10159,2022-09-20,台中市,全區,4,1001,5.00
10200,2022-09-19,台中市,全區,9,997,4.86
10253,2022-09-18,台中市,全區,3,988,4.29
10297,2022-09-17,台中市,全區,5,985,4.43
10360,2022-09-16,台中市,全區,6,980,4.71
10421,2022-09-15,台中市,全區,7,974,4.00
10479,2022-09-14,台中市,全區,1,967,3.71
10530,2022-09-13,台中市,全區,3,966,3.86
10583,2022-09-12,台中市,全區,5,963,3.86
10644,2022-09-11,台中市,全區,4,958,3.43
10683,2022-09-10,台中市,全區,7,954,3.29
10738,2022-09-09,台中市,全區,1,947,2.71
10781,2022-09-08,台中市,全區,5,946,3.00
10834,2022-09-07,台中市,全區,2,941,3.14
10867,2022-09-06,台中市,全區,3,939,3.57
10907,2022-09-05,台中市,全區,2,936,3.86
10953,2022-09-04,台中市,全區,3,934,4.00
11005,2022-09-03,台中市,全區,3,931,4.14
11047,2022-09-02,台中市,全區,3,928,4.00
11079,2022-09-01,台中市,全區,6,925,4.00
11113,2022-08-31,台中市,全區,5,919,3.57
11159,2022-08-30,台中市,全區,5,914,3.14
11205,2022-08-29,台中市,全區,3,909,3.00
11252,2022-08-28,台中市,全區,4,906,3.00
11288,2022-08-27,台中市,全區,2,902,2.71
11323,2022-08-26,台中市,全區,3,900,2.57
11361,2022-08-25,台中市,全區,3,897,2.57
11405,2022-08-24,台中市,全區,2,894,2.43
11435,2022-08-23,台中市,全區,4,892,2.71
11474,2022-08-22,台中市,全區,3,888,2.86
11518,2022-08-21,台中市,全區,2,885,2.86
11551,2022-08-20,台中市,全區,1,883,2.86
11585,2022-08-19,台中市,全區,3,882,2.86
11621,2022-08-18,台中市,全區,2,879,3.00
11652,2022-08-17,台中市,全區,4,877,3.00
11686,2022-08-16,台中市,全區,5,873,3.29
11721,2022-08-15,台中市,全區,3,868,3.14
11763,2022-08-14,台中市,全區,2,865,3.43
11801,2022-08-13,台中市,全區,1,863,3.57
11840,2022-08-12,台中市,全區,4,862,3.57
11875,2022-08-11,台中市,全區,2,858,3.43
11913,2022-08-10,台中市,全區,6,856,3.86
11950,2022-08-09,台中市,全區,4,850,3.71
11993,2022-08-08,台中市,全區,5,846,3.29
12045,2022-08-07,台中市,全區,3,841,3.14
12074,2022-08-06,台中市,全區,1,838,4.00
12118,2022-08-05,台中市,全區,3,837,4.71
12155,2022-08-04,台中市,全區,5,834,5.00
12203,2022-08-03,台中市,全區,5,829,5.00
12249,2022-08-02,台中市,全區,1,824,5.14
12302,2022-08-01,台中市,全區,4,823,6.57
12353,2022-07-31,台中市,全區,9,819,6.71
12405,2022-07-30,台中市,全區,6,810,6.43
12451,2022-07-29,台中市,全區,5,804,6.14
12509,2022-07-28,台中市,全區,5,799,6.00
12559,2022-07-27,台中市,全區,6,794,6.14
12615,2022-07-26,台中市,全區,11,788,6.29
12682,2022-07-25,台中市,全區,5,777,5.00
12735,2022-07-24,台中市,全區,7,772,5.00
12790,2022-07-23,台中市,全區,4,765,4.86
12847,2022-07-22,台中市,全區,4,761,5.57
12900,2022-07-21,台中市,全區,6,757,5.57
12960,2022-07-20,台中市,全區,7,751,6.14
13019,2022-07-19,台中市,全區,2,744,6.29
13089,2022-07-18,台中市,全區,5,742,6.86
13144,2022-07-17,台中市,全區,6,737,7.43
13211,2022-07-16,台中市,全區,9,731,7.71
13286,2022-07-15,台中市,全區,4,722,7.57
13355,2022-07-14,台中市,全區,10,718,8.71
13419,2022-07-13,台中市,全區,8,708,8.29
13492,2022-07-12,台中市,全區,6,700,8.86
13569,2022-07-11,台中市,全區,9,694,10.00
13636,2022-07-10,台中市,全區,8,685,10.29
13701,2022-07-09,台中市,全區,8,677,10.43
13770,2022-07-08,台中市,全區,12,669,10.43
13840,2022-07-07,台中市,全區,7,657,10.14
13924,2022-07-06,台中市,全區,12,650,10.14
14012,2022-07-05,台中市,全區,14,638,10.00
14096,2022-07-04,台中市,全區,11,624,9.86
14197,2022-07-03,台中市,全區,9,613,10.29
14279,2022-07-02,台中市,全區,8,604,11.00
14370,2022-07-01,台中市,全區,10,596,11.14
14463,2022-06-30,台中市,全區,7,586,11.71
14566,2022-06-29,台中市,全區,11,579,13.29
14660,2022-06-28,台中市,全區,13,568,13.43
14755,2022-06-27,台中市,全區,14,555,13.14
14863,2022-06-26,台中市,全區,14,541,12.43
14966,2022-06-25,台中市,全區,9,527,12.14
15053,2022-06-24,台中市,全區,14,518,13.29
15143,2022-06-23,台中市,全區,18,504,14.43
15267,2022-06-22,台中市,全區,12,486,14.29
15374,2022-06-21,台中市,全區,11,474,14.71
15489,2022-06-20,台中市,全區,9,463,16.29
15601,2022-06-19,台中市,全區,12,454,18.00
15715,2022-06-18,台中市,全區,17,442,18.86
15837,2022-06-17,台中市,全區,22,425,19.00
15969,2022-06-16,台中市,全區,17,403,18.29
16089,2022-06-15,台中市,全區,15,386,17.14
16224,2022-06-14,台中市,全區,22,371,17.00
16354,2022-06-13,台中市,全區,21,349,16.00
16475,2022-06-12,台中市,全區,18,328,15.29
16597,2022-06-11,台中市,全區,18,310,13.57
16727,2022-06-10,台中市,全區,17,292,13.71
16837,2022-06-09,台中市,全區,9,275,13.86
16956,2022-06-08,台中市,全區,14,266,14.00
17088,2022-06-07,台中市,全區,15,252,14.86
17217,2022-06-06,台中市,全區,16,237,14.57
17340,2022-06-05,台中市,全區,6,221,14.86
17449,2022-06-04,台中市,全區,19,215,15.43
17579,2022-06-03,台中市,全區,18,196,14.14
17704,2022-06-02,台中市,全區,10,178,13.71
17806,2022-06-01,台中市,全區,20,168,13.71
17941,2022-05-31,台中市,全區,13,148,12.14
18066,2022-05-30,台中市,全區,18,135,10.71
18193,2022-05-29,台中市,全區,10,117,8.86
18300,2022-05-28,台中市,全區,10,107,8.71
18405,2022-05-27,台中市,全區,15,97,8.00
18501,2022-05-26,台中市,全區,10,82,6.57
18603,2022-05-25,台中市,全區,9,72,5.71
18696,2022-05-24,台中市,全區,3,63,5.57
18783,2022-05-23,台中市,全區,5,60,5.57
18876,2022-05-22,台中市,全區,9,55,4.86
18964,2022-05-21,台中市,全區,5,46,4.00
19047,2022-05-20,台中市,全區,5,41,3.57
19122,2022-05-19,台中市,全區,4,36,3.00
19190,2022-05-18,台中市,全區,8,32,2.57
19260,2022-05-17,台中市,全區,3,24,1.71
19378,2022-05-15,台中市,全區,3,21,1.71
19438,2022-05-14,台中市,全區,2,18,1.57
19487,2022-05-13,台中市,全區,1,16,1.29
19531,2022-05-12,台中市,全區,1,15,1.29
19571,2022-05-11,台中市,全區,2,14,1.14
19613,2022-05-10,台中市,全區,3,12,0.86
19676,2022-05-08,台中市,全區,2,9,0.57
19721,2022-05-06,台中市,全區,1,7,0.29
19770,2022-05-03,台中市,全區,1,6,0.14
19950,2021-08-18,台中市,全區,1,5,0.14
20411,2021-06-14,台中市,全區,1,4,0.43
20454,2021-06-12,台中市,全區,1,3,0.29
20502,2021-06-09,台中市,全區,1,2,0.14
20651,2021-06-02,台中市,全區,1,1,0.14
