UID,個案研判日,縣市別,區域,新增確診人數,累計確診人數,七天移動平均新增確診人數
446,2023-03-22,台中市,外埔區,1,13275,4.29
838,2023-03-20,台中市,外埔區,3,13274,6.86
1154,2023-03-19,台中市,外埔區,10,13271,9.57
1487,2023-03-18,台中市,外埔區,5,13261,9.71
1840,2023-03-17,台中市,外埔區,6,13256,12.29
2187,2023-03-16,台中市,外埔區,5,13250,12.57
2540,2023-03-15,台中市,外埔區,13,13245,13.29
2893,2023-03-14,台中市,外埔區,6,13232,14.43
3251,2023-03-13,台中市,外埔區,22,13226,15.00
3601,2023-03-12,台中市,外埔區,11,13204,13.71
3956,2023-03-11,台中市,外埔區,23,13193,13.57
4306,2023-03-10,台中市,外埔區,8,13170,13.43
4662,2023-03-09,台中市,外埔區,10,13162,13.57
5020,2023-03-08,台中市,外埔區,21,13152,15.29
5374,2023-03-07,台中市,外埔區,10,13131,16.00
5739,2023-03-06,台中市,外埔區,13,13121,16.71
6090,2023-03-05,台中市,外埔區,10,13108,16.86
6436,2023-03-04,台中市,外埔區,22,13098,16.43
6792,2023-03-03,台中市,外埔區,9,13076,15.29
7154,2023-03-02,台中市,外埔區,22,13067,17.00
7519,2023-03-01,台中市,外埔區,26,13045,15.71
7889,2023-02-28,台中市,外埔區,15,13019,15.57
8250,2023-02-27,台中市,外埔區,14,13004,15.43
8596,2023-02-26,台中市,外埔區,7,12990,15.86
8959,2023-02-25,台中市,外埔區,14,12983,16.43
9323,2023-02-24,台中市,外埔區,21,12969,17.00
9689,2023-02-23,台中市,外埔區,13,12948,17.00
10061,2023-02-22,台中市,外埔區,25,12935,18.29
10434,2023-02-21,台中市,外埔區,14,12910,18.86
10807,2023-02-20,台中市,外埔區,17,12896,21.00
11173,2023-02-19,台中市,外埔區,11,12879,22.14
11539,2023-02-18,台中市,外埔區,18,12868,22.86
11909,2023-02-17,台中市,外埔區,21,12850,23.71
12282,2023-02-16,台中市,外埔區,22,12829,24.57
12657,2023-02-15,台中市,外埔區,29,12807,24.43
13032,2023-02-14,台中市,外埔區,29,12778,24.57
13404,2023-02-13,台中市,外埔區,25,12749,25.57
13775,2023-02-12,台中市,外埔區,16,12724,27.00
14140,2023-02-11,台中市,外埔區,24,12708,26.29
14509,2023-02-10,台中市,外埔區,27,12684,25.43
14881,2023-02-09,台中市,外埔區,21,12657,25.43
15263,2023-02-08,台中市,外埔區,30,12636,26.43
15642,2023-02-07,台中市,外埔區,36,12606,26.86
16022,2023-02-06,台中市,外埔區,35,12570,26.43
16396,2023-02-05,台中市,外埔區,11,12535,26.71
16770,2023-02-04,台中市,外埔區,18,12524,28.57
17150,2023-02-03,台中市,外埔區,27,12506,30.00
17537,2023-02-02,台中市,外埔區,28,12479,30.86
17917,2023-02-01,台中市,外埔區,33,12451,30.29
18299,2023-01-31,台中市,外埔區,33,12418,28.43
18684,2023-01-30,台中市,外埔區,37,12385,27.43
19069,2023-01-29,台中市,外埔區,24,12348,25.14
19447,2023-01-28,台中市,外埔區,28,12324,22.57
19823,2023-01-27,台中市,外埔區,33,12296,22.00
20201,2023-01-26,台中市,外埔區,24,12263,19.14
20572,2023-01-25,台中市,外埔區,20,12239,18.14
20942,2023-01-24,台中市,外埔區,26,12219,18.29
21310,2023-01-23,台中市,外埔區,21,12193,16.29
21680,2023-01-22,台中市,外埔區,6,12172,17.29
22048,2023-01-21,台中市,外埔區,24,12166,18.00
22418,2023-01-20,台中市,外埔區,13,12142,19.57
22785,2023-01-19,台中市,外埔區,17,12129,20.57
23158,2023-01-18,台中市,外埔區,21,12112,21.29
23523,2023-01-17,台中市,外埔區,12,12091,20.86
23893,2023-01-16,台中市,外埔區,28,12079,22.43
24267,2023-01-15,台中市,外埔區,11,12051,24.71
24633,2023-01-14,台中市,外埔區,35,12040,25.43
25001,2023-01-13,台中市,外埔區,20,12005,25.71
25375,2023-01-12,台中市,外埔區,22,11985,28.57
25746,2023-01-11,台中市,外埔區,18,11963,31.00
26123,2023-01-10,台中市,外埔區,23,11945,36.29
26498,2023-01-09,台中市,外埔區,44,11922,39.29
26866,2023-01-08,台中市,外埔區,16,11878,35.43
27229,2023-01-07,台中市,外埔區,37,11862,36.29
27602,2023-01-06,台中市,外埔區,40,11825,36.00
27982,2023-01-05,台中市,外埔區,39,11785,34.00
28362,2023-01-04,台中市,外埔區,55,11746,31.29
28743,2023-01-03,台中市,外埔區,44,11691,27.29
29121,2023-01-02,台中市,外埔區,17,11647,25.29
29490,2023-01-01,台中市,外埔區,22,11630,26.29
29853,2022-12-31,台中市,外埔區,35,11608,25.71
30218,2022-12-30,台中市,外埔區,26,11573,23.43
30592,2022-12-29,台中市,外埔區,20,11547,23.29
30965,2022-12-28,台中市,外埔區,27,11527,22.86
31339,2022-12-27,台中市,外埔區,30,11500,23.00
31712,2022-12-26,台中市,外埔區,24,11470,21.57
32073,2022-12-25,台中市,外埔區,18,11446,20.71
32433,2022-12-24,台中市,外埔區,19,11428,19.29
32792,2022-12-23,台中市,外埔區,25,11409,20.00
33159,2022-12-22,台中市,外埔區,17,11384,18.43
33527,2022-12-21,台中市,外埔區,28,11367,18.29
33894,2022-12-20,台中市,外埔區,20,11339,16.71
34260,2022-12-19,台中市,外埔區,18,11319,16.29
34617,2022-12-18,台中市,外埔區,8,11301,17.29
34975,2022-12-17,台中市,外埔區,24,11293,17.43
35341,2022-12-16,台中市,外埔區,14,11269,16.29
35704,2022-12-15,台中市,外埔區,16,11255,17.86
36068,2022-12-14,台中市,外埔區,17,11239,17.14
36434,2022-12-13,台中市,外埔區,17,11222,19.71
36812,2022-12-12,台中市,外埔區,25,11205,19.43
37167,2022-12-11,台中市,外埔區,9,11180,18.86
37531,2022-12-10,台中市,外埔區,16,11171,20.71
37898,2022-12-09,台中市,外埔區,25,11155,21.43
38269,2022-12-08,台中市,外埔區,11,11130,20.14
38644,2022-12-07,台中市,外埔區,35,11119,20.86
39009,2022-12-06,台中市,外埔區,15,11084,19.43
39385,2022-12-05,台中市,外埔區,21,11069,21.00
39757,2022-12-04,台中市,外埔區,22,11048,20.43
40125,2022-12-03,台中市,外埔區,21,11026,18.86
40493,2022-12-02,台中市,外埔區,16,11005,18.71
40862,2022-12-01,台中市,外埔區,16,10989,19.00
41236,2022-11-30,台中市,外埔區,25,10973,18.29
41610,2022-11-29,台中市,外埔區,26,10948,17.00
41989,2022-11-28,台中市,外埔區,17,10922,17.14
42361,2022-11-27,台中市,外埔區,11,10905,18.86
42716,2022-11-26,台中市,外埔區,20,10894,19.43
43081,2022-11-25,台中市,外埔區,18,10874,18.57
43451,2022-11-24,台中市,外埔區,11,10856,18.71
43818,2022-11-23,台中市,外埔區,16,10845,19.57
44193,2022-11-22,台中市,外埔區,27,10829,20.57
44571,2022-11-21,台中市,外埔區,29,10802,21.57
44945,2022-11-20,台中市,外埔區,15,10773,20.71
45313,2022-11-19,台中市,外埔區,14,10758,24.29
45684,2022-11-18,台中市,外埔區,19,10744,26.29
46057,2022-11-17,台中市,外埔區,17,10725,27.00
46433,2022-11-16,台中市,外埔區,23,10708,26.29
46815,2022-11-15,台中市,外埔區,34,10685,27.43
47194,2022-11-14,台中市,外埔區,23,10651,27.86
47570,2022-11-13,台中市,外埔區,40,10628,30.00
47942,2022-11-12,台中市,外埔區,28,10588,29.29
48321,2022-11-11,台中市,外埔區,24,10560,29.14
48702,2022-11-10,台中市,外埔區,12,10536,28.29
49085,2022-11-09,台中市,外埔區,31,10524,30.29
49471,2022-11-08,台中市,外埔區,37,10493,30.29
49855,2022-11-07,台中市,外埔區,38,10456,30.86
50231,2022-11-06,台中市,外埔區,35,10418,32.57
50603,2022-11-05,台中市,外埔區,27,10383,31.86
50988,2022-11-04,台中市,外埔區,18,10356,33.00
51370,2022-11-03,台中市,外埔區,26,10338,34.00
51750,2022-11-02,台中市,外埔區,31,10312,36.14
52138,2022-11-01,台中市,外埔區,41,10281,38.43
52520,2022-10-31,台中市,外埔區,50,10240,39.57
52902,2022-10-30,台中市,外埔區,30,10190,41.86
53281,2022-10-29,台中市,外埔區,35,10160,42.14
53664,2022-10-28,台中市,外埔區,25,10125,42.29
54050,2022-10-27,台中市,外埔區,41,10100,45.14
54435,2022-10-26,台中市,外埔區,47,10059,46.57
54822,2022-10-25,台中市,外埔區,49,10012,46.29
55213,2022-10-24,台中市,外埔區,66,9963,48.29
55596,2022-10-23,台中市,外埔區,32,9897,45.29
55979,2022-10-22,台中市,外埔區,36,9865,48.00
56365,2022-10-21,台中市,外埔區,45,9829,51.43
56751,2022-10-20,台中市,外埔區,51,9784,54.43
57138,2022-10-19,台中市,外埔區,45,9733,56.43
57526,2022-10-18,台中市,外埔區,63,9688,62.29
57916,2022-10-17,台中市,外埔區,45,9625,65.29
58304,2022-10-16,台中市,外埔區,51,9580,66.14
58690,2022-10-15,台中市,外埔區,60,9529,65.86
59076,2022-10-14,台中市,外埔區,66,9469,67.57
59465,2022-10-13,台中市,外埔區,65,9403,66.86
59856,2022-10-12,台中市,外埔區,86,9338,67.43
60246,2022-10-11,台中市,外埔區,84,9252,67.00
60636,2022-10-10,台中市,外埔區,51,9168,65.43
61019,2022-10-09,台中市,外埔區,49,9117,70.43
61407,2022-10-08,台中市,外埔區,72,9068,69.57
61797,2022-10-07,台中市,外埔區,61,8996,66.71
62184,2022-10-06,台中市,外埔區,69,8935,67.14
62575,2022-10-05,台中市,外埔區,83,8866,66.43
62962,2022-10-04,台中市,外埔區,73,8783,63.29
63351,2022-10-03,台中市,外埔區,86,8710,63.14
63740,2022-10-02,台中市,外埔區,43,8624,64.86
64122,2022-10-01,台中市,外埔區,52,8581,65.57
64507,2022-09-30,台中市,外埔區,64,8529,67.71
64893,2022-09-29,台中市,外埔區,64,8465,65.43
65281,2022-09-28,台中市,外埔區,61,8401,64.86
65669,2022-09-27,台中市,外埔區,72,8340,65.29
66055,2022-09-26,台中市,外埔區,98,8268,63.57
66442,2022-09-25,台中市,外埔區,48,8170,61.57
66825,2022-09-24,台中市,外埔區,67,8122,58.43
67212,2022-09-23,台中市,外埔區,48,8055,57.43
67599,2022-09-22,台中市,外埔區,60,8007,58.71
67988,2022-09-21,台中市,外埔區,64,7947,56.57
68376,2022-09-20,台中市,外埔區,60,7883,56.57
68767,2022-09-19,台中市,外埔區,84,7823,59.86
69156,2022-09-18,台中市,外埔區,26,7739,55.43
69539,2022-09-17,台中市,外埔區,60,7713,55.29
69927,2022-09-16,台中市,外埔區,57,7653,53.00
70311,2022-09-15,台中市,外埔區,45,7596,52.00
70698,2022-09-14,台中市,外埔區,64,7551,52.14
71084,2022-09-13,台中市,外埔區,83,7487,50.71
71474,2022-09-12,台中市,外埔區,53,7404,46.86
71861,2022-09-11,台中市,外埔區,25,7351,47.00
72243,2022-09-10,台中市,外埔區,44,7326,47.43
72625,2022-09-09,台中市,外埔區,50,7282,48.71
73008,2022-09-08,台中市,外埔區,46,7232,47.71
73395,2022-09-07,台中市,外埔區,54,7186,46.00
73779,2022-09-06,台中市,外埔區,56,7132,46.43
74166,2022-09-05,台中市,外埔區,54,7076,47.00
74550,2022-09-04,台中市,外埔區,28,7022,45.71
74934,2022-09-03,台中市,外埔區,53,6994,46.00
75321,2022-09-02,台中市,外埔區,43,6941,43.57
75708,2022-09-01,台中市,外埔區,34,6898,44.14
76097,2022-08-31,台中市,外埔區,57,6864,43.57
76484,2022-08-30,台中市,外埔區,60,6807,38.43
76872,2022-08-29,台中市,外埔區,45,6747,35.57
77259,2022-08-28,台中市,外埔區,30,6702,34.43
77644,2022-08-27,台中市,外埔區,36,6672,33.14
78030,2022-08-26,台中市,外埔區,47,6636,32.00
78414,2022-08-25,台中市,外埔區,30,6589,29.29
78799,2022-08-24,台中市,外埔區,21,6559,28.00
79186,2022-08-23,台中市,外埔區,40,6538,31.43
79571,2022-08-22,台中市,外埔區,37,6498,31.57
79955,2022-08-21,台中市,外埔區,21,6461,29.86
80335,2022-08-20,台中市,外埔區,28,6440,33.00
80719,2022-08-19,台中市,外埔區,28,6412,33.57
81105,2022-08-18,台中市,外埔區,21,6384,32.57
81494,2022-08-17,台中市,外埔區,45,6363,31.71
81879,2022-08-16,台中市,外埔區,41,6318,29.57
82266,2022-08-15,台中市,外埔區,25,6277,28.14
82648,2022-08-14,台中市,外埔區,43,6252,30.71
83026,2022-08-13,台中市,外埔區,32,6209,26.00
83408,2022-08-12,台中市,外埔區,21,6177,23.29
83792,2022-08-11,台中市,外埔區,15,6156,25.14
84179,2022-08-10,台中市,外埔區,30,6141,26.43
84562,2022-08-09,台中市,外埔區,31,6111,26.14
84948,2022-08-08,台中市,外埔區,43,6080,25.86
85327,2022-08-07,台中市,外埔區,10,6037,23.71
85702,2022-08-06,台中市,外埔區,13,6027,26.43
86086,2022-08-05,台中市,外埔區,34,6014,30.14
86472,2022-08-04,台中市,外埔區,24,5980,29.14
86857,2022-08-03,台中市,外埔區,28,5956,28.14
87239,2022-08-02,台中市,外埔區,29,5928,28.29
87626,2022-08-01,台中市,外埔區,28,5899,28.57
88009,2022-07-31,台中市,外埔區,29,5871,29.29
88386,2022-07-30,台中市,外埔區,39,5842,28.57
88767,2022-07-29,台中市,外埔區,27,5803,28.71
89153,2022-07-28,台中市,外埔區,17,5776,30.71
89540,2022-07-27,台中市,外埔區,29,5759,32.00
89928,2022-07-26,台中市,外埔區,31,5730,33.86
90316,2022-07-25,台中市,外埔區,33,5699,36.29
90697,2022-07-24,台中市,外埔區,24,5666,36.00
91077,2022-07-23,台中市,外埔區,40,5642,35.57
91463,2022-07-22,台中市,外埔區,41,5602,33.43
91849,2022-07-21,台中市,外埔區,26,5561,33.86
92231,2022-07-20,台中市,外埔區,42,5535,34.29
92620,2022-07-19,台中市,外埔區,48,5493,35.29
93009,2022-07-18,台中市,外埔區,31,5445,34.86
93395,2022-07-17,台中市,外埔區,21,5414,39.71
93774,2022-07-16,台中市,外埔區,25,5393,40.43
94162,2022-07-15,台中市,外埔區,44,5368,46.14
94549,2022-07-14,台中市,外埔區,29,5324,46.71
94938,2022-07-13,台中市,外埔區,49,5295,49.43
95325,2022-07-12,台中市,外埔區,45,5246,50.00
95714,2022-07-11,台中市,外埔區,65,5201,50.14
96100,2022-07-10,台中市,外埔區,26,5136,53.43
96486,2022-07-09,台中市,外埔區,65,5110,53.43
96873,2022-07-08,台中市,外埔區,48,5045,51.43
97264,2022-07-07,台中市,外埔區,48,4997,51.43
97653,2022-07-06,台中市,外埔區,53,4949,52.86
98043,2022-07-05,台中市,外埔區,46,4896,53.71
98432,2022-07-04,台中市,外埔區,88,4850,60.00
98822,2022-07-03,台中市,外埔區,26,4762,60.71
99204,2022-07-02,台中市,外埔區,51,4736,62.86
99595,2022-07-01,台中市,外埔區,48,4685,64.71
99987,2022-06-30,台中市,外埔區,58,4637,65.57
100378,2022-06-29,台中市,外埔區,59,4579,70.14
100768,2022-06-28,台中市,外埔區,90,4520,76.71
101159,2022-06-27,台中市,外埔區,93,4430,76.14
101545,2022-06-26,台中市,外埔區,41,4337,81.57
101932,2022-06-25,台中市,外埔區,64,4296,85.43
102321,2022-06-24,台中市,外埔區,54,4232,91.29
102713,2022-06-23,台中市,外埔區,90,4178,99.14
103106,2022-06-22,台中市,外埔區,105,4088,100.43
103495,2022-06-21,台中市,外埔區,86,3983,100.57
103887,2022-06-20,台中市,外埔區,131,3897,109.57
104277,2022-06-19,台中市,外埔區,68,3766,107.71
104668,2022-06-18,台中市,外埔區,105,3698,109.14
105059,2022-06-17,台中市,外埔區,109,3593,116.43
105449,2022-06-16,台中市,外埔區,99,3484,117.71
105839,2022-06-15,台中市,外埔區,106,3385,120.00
106229,2022-06-14,台中市,外埔區,149,3279,129.57
106621,2022-06-13,台中市,外埔區,118,3130,125.57
107011,2022-06-12,台中市,外埔區,78,3012,131.43
107398,2022-06-11,台中市,外埔區,156,2934,134.71
107790,2022-06-10,台中市,外埔區,118,2778,131.14
108179,2022-06-09,台中市,外埔區,115,2660,130.00
108568,2022-06-08,台中市,外埔區,173,2545,132.14
108958,2022-06-07,台中市,外埔區,121,2372,125.71
109350,2022-06-06,台中市,外埔區,159,2251,123.14
109740,2022-06-05,台中市,外埔區,101,2092,113.29
110129,2022-06-04,台中市,外埔區,131,1991,116.86
110519,2022-06-03,台中市,外埔區,110,1860,112.43
110910,2022-06-02,台中市,外埔區,130,1750,106.29
111300,2022-06-01,台中市,外埔區,128,1620,99.57
111692,2022-05-31,台中市,外埔區,103,1492,98.14
112083,2022-05-30,台中市,外埔區,90,1389,92.57
112474,2022-05-29,台中市,外埔區,126,1299,86.00
112864,2022-05-28,台中市,外埔區,100,1173,77.86
113255,2022-05-27,台中市,外埔區,67,1073,69.43
113645,2022-05-26,台中市,外埔區,83,1006,67.57
114036,2022-05-25,台中市,外埔區,118,923,65.14
114426,2022-05-24,台中市,外埔區,64,805,58.86
114818,2022-05-23,台中市,外埔區,44,741,53.29
115209,2022-05-22,台中市,外埔區,69,697,51.86
115600,2022-05-21,台中市,外埔區,41,628,46.43
115985,2022-05-20,台中市,外埔區,54,587,44.71
116373,2022-05-19,台中市,外埔區,66,533,43.00
116761,2022-05-18,台中市,外埔區,74,467,37.00
117152,2022-05-17,台中市,外埔區,25,393,30.14
117540,2022-05-16,台中市,外埔區,34,368,31.57
117928,2022-05-15,台中市,外埔區,31,334,28.43
118312,2022-05-14,台中市,外埔區,29,303,25.43
118697,2022-05-13,台中市,外埔區,42,274,24.86
119085,2022-05-12,台中市,外埔區,24,232,22.00
119467,2022-05-11,台中市,外埔區,26,208,20.29
119854,2022-05-10,台中市,外埔區,35,182,18.00
120236,2022-05-09,台中市,外埔區,12,147,13.86
120616,2022-05-08,台中市,外埔區,10,135,13.43
121002,2022-05-07,台中市,外埔區,25,125,13.14
121380,2022-05-06,台中市,外埔區,22,100,10.14
121754,2022-05-05,台中市,外埔區,12,78,7.29
122121,2022-05-04,台中市,外埔區,10,66,7.00
122483,2022-05-03,台中市,外埔區,6,56,6.43
122838,2022-05-02,台中市,外埔區,9,50,5.71
123177,2022-05-01,台中市,外埔區,8,41,4.86
123513,2022-04-30,台中市,外埔區,4,33,3.71
123837,2022-04-29,台中市,外埔區,2,29,3.43
124150,2022-04-28,台中市,外埔區,10,27,3.43
124455,2022-04-27,台中市,外埔區,6,17,2.00
124750,2022-04-26,台中市,外埔區,1,11,1.43
125028,2022-04-25,台中市,外埔區,3,10,1.29
125525,2022-04-23,台中市,外埔區,2,7,1.00
125773,2022-04-22,台中市,外埔區,2,5,0.71
126233,2022-04-20,台中市,外埔區,2,3,0.43
126783,2022-04-17,台中市,外埔區,1,1,0.14
