UID,個案研判日,縣市別,區域,新增確診人數,累計確診人數,七天移動平均新增確診人數
246,2023-06-14,台中市,大肚區,1,23769,0.14
580,2023-03-21,台中市,大肚區,1,23768,13.86
835,2023-03-20,台中市,大肚區,10,23767,16.43
1151,2023-03-19,台中市,大肚區,8,23757,19.86
1484,2023-03-18,台中市,大肚區,17,23749,21.29
1837,2023-03-17,台中市,大肚區,19,23732,22.43
2184,2023-03-16,台中市,大肚區,19,23713,22.57
2537,2023-03-15,台中市,大肚區,23,23694,23.14
2890,2023-03-14,台中市,大肚區,19,23671,22.14
3248,2023-03-13,台中市,大肚區,34,23652,24.43
3598,2023-03-12,台中市,大肚區,18,23618,22.43
3953,2023-03-11,台中市,大肚區,25,23600,22.00
4303,2023-03-10,台中市,大肚區,20,23575,22.00
4659,2023-03-09,台中市,大肚區,23,23555,23.14
5017,2023-03-08,台中市,大肚區,16,23532,24.43
5371,2023-03-07,台中市,大肚區,35,23516,26.14
5736,2023-03-06,台中市,大肚區,20,23481,26.14
6087,2023-03-05,台中市,大肚區,15,23461,27.14
6433,2023-03-04,台中市,大肚區,25,23446,28.14
6789,2023-03-03,台中市,大肚區,28,23421,27.57
7151,2023-03-02,台中市,大肚區,32,23393,27.43
7516,2023-03-01,台中市,大肚區,28,23361,26.86
7886,2023-02-28,台中市,大肚區,35,23333,28.00
8247,2023-02-27,台中市,大肚區,27,23298,27.43
8593,2023-02-26,台中市,大肚區,22,23271,29.43
8956,2023-02-25,台中市,大肚區,21,23249,30.14
9320,2023-02-24,台中市,大肚區,27,23228,30.29
9686,2023-02-23,台中市,大肚區,28,23201,31.14
10058,2023-02-22,台中市,大肚區,36,23173,32.43
10431,2023-02-21,台中市,大肚區,31,23137,30.14
10804,2023-02-20,台中市,大肚區,41,23106,33.71
11170,2023-02-19,台中市,大肚區,27,23065,34.29
11536,2023-02-18,台中市,大肚區,22,23038,33.71
11906,2023-02-17,台中市,大肚區,33,23016,37.86
12279,2023-02-16,台中市,大肚區,37,22983,39.29
12654,2023-02-15,台中市,大肚區,20,22946,41.14
13029,2023-02-14,台中市,大肚區,56,22926,45.86
13401,2023-02-13,台中市,大肚區,45,22870,46.00
13772,2023-02-12,台中市,大肚區,23,22825,48.14
14137,2023-02-11,台中市,大肚區,51,22802,49.29
14506,2023-02-10,台中市,大肚區,43,22751,49.57
14878,2023-02-09,台中市,大肚區,50,22708,52.71
15260,2023-02-08,台中市,大肚區,53,22658,53.71
15639,2023-02-07,台中市,大肚區,57,22605,54.71
16019,2023-02-06,台中市,大肚區,60,22548,58.43
16393,2023-02-05,台中市,大肚區,31,22488,61.71
16767,2023-02-04,台中市,大肚區,53,22457,63.57
17147,2023-02-03,台中市,大肚區,65,22404,64.00
17534,2023-02-02,台中市,大肚區,57,22339,62.14
17914,2023-02-01,台中市,大肚區,60,22282,60.00
18296,2023-01-31,台中市,大肚區,83,22222,57.43
18681,2023-01-30,台中市,大肚區,83,22139,49.71
19066,2023-01-29,台中市,大肚區,44,22056,40.00
19444,2023-01-28,台中市,大肚區,56,22012,35.71
19820,2023-01-27,台中市,大肚區,52,21956,33.00
20198,2023-01-26,台中市,大肚區,42,21904,30.71
20569,2023-01-25,台中市,大肚區,42,21862,31.29
20939,2023-01-24,台中市,大肚區,29,21820,30.14
21307,2023-01-23,台中市,大肚區,15,21791,32.29
21677,2023-01-22,台中市,大肚區,14,21776,36.71
22045,2023-01-21,台中市,大肚區,37,21762,39.43
22415,2023-01-20,台中市,大肚區,36,21725,42.29
22782,2023-01-19,台中市,大肚區,46,21689,43.57
23155,2023-01-18,台中市,大肚區,34,21643,44.43
23520,2023-01-17,台中市,大肚區,44,21609,48.00
23890,2023-01-16,台中市,大肚區,46,21565,51.14
24264,2023-01-15,台中市,大肚區,33,21519,54.00
24630,2023-01-14,台中市,大肚區,57,21486,55.57
24998,2023-01-13,台中市,大肚區,45,21429,56.71
25372,2023-01-12,台中市,大肚區,52,21384,61.43
25743,2023-01-11,台中市,大肚區,59,21332,65.00
26120,2023-01-10,台中市,大肚區,66,21273,69.29
26495,2023-01-09,台中市,大肚區,66,21207,74.86
26863,2023-01-08,台中市,大肚區,44,21141,74.14
27226,2023-01-07,台中市,大肚區,65,21097,73.00
27599,2023-01-06,台中市,大肚區,78,21032,74.71
27979,2023-01-05,台中市,大肚區,77,20954,73.43
28359,2023-01-04,台中市,大肚區,89,20877,72.29
28740,2023-01-03,台中市,大肚區,105,20788,67.71
29118,2023-01-02,台中市,大肚區,61,20683,60.71
29487,2023-01-01,台中市,大肚區,36,20622,61.14
29850,2022-12-31,台中市,大肚區,77,20586,61.14
30215,2022-12-30,台中市,大肚區,69,20509,55.43
30589,2022-12-29,台中市,大肚區,69,20440,50.86
30962,2022-12-28,台中市,大肚區,57,20371,48.71
31336,2022-12-27,台中市,大肚區,56,20314,47.43
31709,2022-12-26,台中市,大肚區,64,20258,45.29
32070,2022-12-25,台中市,大肚區,36,20194,42.00
32430,2022-12-24,台中市,大肚區,37,20158,39.14
32789,2022-12-23,台中市,大肚區,37,20121,39.71
33156,2022-12-22,台中市,大肚區,54,20084,39.43
33524,2022-12-21,台中市,大肚區,48,20030,35.57
33891,2022-12-20,台中市,大肚區,41,19982,33.57
34257,2022-12-19,台中市,大肚區,41,19941,32.71
34614,2022-12-18,台中市,大肚區,16,19900,35.14
34972,2022-12-17,台中市,大肚區,41,19884,38.29
35338,2022-12-16,台中市,大肚區,35,19843,37.00
35701,2022-12-15,台中市,大肚區,27,19808,36.71
36065,2022-12-14,台中市,大肚區,34,19781,37.00
36431,2022-12-13,台中市,大肚區,35,19747,38.00
36809,2022-12-12,台中市,大肚區,58,19712,37.29
37164,2022-12-11,台中市,大肚區,38,19654,36.43
37528,2022-12-10,台中市,大肚區,32,19616,36.00
37895,2022-12-09,台中市,大肚區,33,19584,36.86
38266,2022-12-08,台中市,大肚區,29,19551,36.29
38641,2022-12-07,台中市,大肚區,41,19522,35.14
39006,2022-12-06,台中市,大肚區,30,19481,34.71
39382,2022-12-05,台中市,大肚區,52,19451,36.43
39754,2022-12-04,台中市,大肚區,35,19399,34.14
40122,2022-12-03,台中市,大肚區,38,19364,33.57
40490,2022-12-02,台中市,大肚區,29,19326,32.86
40859,2022-12-01,台中市,大肚區,21,19297,33.14
41233,2022-11-30,台中市,大肚區,38,19276,34.71
41607,2022-11-29,台中市,大肚區,42,19238,34.29
41986,2022-11-28,台中市,大肚區,36,19196,33.00
42358,2022-11-27,台中市,大肚區,31,19160,34.43
42713,2022-11-26,台中市,大肚區,33,19129,33.43
43078,2022-11-25,台中市,大肚區,31,19096,33.86
43448,2022-11-24,台中市,大肚區,32,19065,34.86
43815,2022-11-23,台中市,大肚區,35,19033,36.57
44190,2022-11-22,台中市,大肚區,33,18998,37.71
44568,2022-11-21,台中市,大肚區,46,18965,40.29
44942,2022-11-20,台中市,大肚區,24,18919,39.29
45310,2022-11-19,台中市,大肚區,36,18895,41.14
45681,2022-11-18,台中市,大肚區,38,18859,42.71
46054,2022-11-17,台中市,大肚區,44,18821,42.29
46430,2022-11-16,台中市,大肚區,43,18777,40.43
46812,2022-11-15,台中市,大肚區,51,18734,41.14
47191,2022-11-14,台中市,大肚區,39,18683,41.86
47567,2022-11-13,台中市,大肚區,37,18644,46.29
47939,2022-11-12,台中市,大肚區,47,18607,46.57
48318,2022-11-11,台中市,大肚區,35,18560,49.29
48699,2022-11-10,台中市,大肚區,31,18525,52.43
49082,2022-11-09,台中市,大肚區,48,18494,57.14
49468,2022-11-08,台中市,大肚區,56,18446,59.57
49852,2022-11-07,台中市,大肚區,70,18390,62.00
50228,2022-11-06,台中市,大肚區,39,18320,63.57
50600,2022-11-05,台中市,大肚區,66,18281,63.14
50985,2022-11-04,台中市,大肚區,57,18215,65.57
51367,2022-11-03,台中市,大肚區,64,18158,68.14
51747,2022-11-02,台中市,大肚區,65,18094,71.43
52135,2022-11-01,台中市,大肚區,73,18029,75.00
52517,2022-10-31,台中市,大肚區,81,17956,79.14
52899,2022-10-30,台中市,大肚區,36,17875,80.00
53278,2022-10-29,台中市,大肚區,83,17839,81.71
53661,2022-10-28,台中市,大肚區,75,17756,82.57
54047,2022-10-27,台中市,大肚區,87,17681,86.43
54432,2022-10-26,台中市,大肚區,90,17594,85.57
54819,2022-10-25,台中市,大肚區,102,17504,85.29
55210,2022-10-24,台中市,大肚區,87,17402,88.57
55593,2022-10-23,台中市,大肚區,48,17315,89.86
55976,2022-10-22,台中市,大肚區,89,17267,89.71
56362,2022-10-21,台中市,大肚區,102,17178,93.29
56748,2022-10-20,台中市,大肚區,81,17076,95.00
57135,2022-10-19,台中市,大肚區,88,16995,98.14
57523,2022-10-18,台中市,大肚區,125,16907,103.29
57913,2022-10-17,台中市,大肚區,96,16782,104.00
58301,2022-10-16,台中市,大肚區,47,16686,105.57
58687,2022-10-15,台中市,大肚區,114,16639,110.43
59073,2022-10-14,台中市,大肚區,114,16525,108.57
59462,2022-10-13,台中市,大肚區,103,16411,108.00
59853,2022-10-12,台中市,大肚區,124,16308,112.86
60243,2022-10-11,台中市,大肚區,130,16184,108.57
60633,2022-10-10,台中市,大肚區,107,16054,112.14
61016,2022-10-09,台中市,大肚區,81,15947,117.71
61404,2022-10-08,台中市,大肚區,101,15866,116.00
61794,2022-10-07,台中市,大肚區,110,15765,118.43
62181,2022-10-06,台中市,大肚區,137,15655,117.71
62572,2022-10-05,台中市,大肚區,94,15518,112.00
62959,2022-10-04,台中市,大肚區,155,15424,109.71
63348,2022-10-03,台中市,大肚區,146,15269,104.14
63737,2022-10-02,台中市,大肚區,69,15123,101.43
64119,2022-10-01,台中市,大肚區,118,15054,98.14
64504,2022-09-30,台中市,大肚區,105,14936,96.29
64890,2022-09-29,台中市,大肚區,97,14831,94.86
65278,2022-09-28,台中市,大肚區,78,14734,93.86
65666,2022-09-27,台中市,大肚區,116,14656,96.00
66052,2022-09-26,台中市,大肚區,127,14540,93.57
66439,2022-09-25,台中市,大肚區,46,14413,95.14
66822,2022-09-24,台中市,大肚區,105,14367,96.43
67209,2022-09-23,台中市,大肚區,95,14262,93.57
67596,2022-09-22,台中市,大肚區,90,14167,94.71
67985,2022-09-21,台中市,大肚區,93,14077,93.29
68373,2022-09-20,台中市,大肚區,99,13984,92.43
68764,2022-09-19,台中市,大肚區,138,13885,91.71
69153,2022-09-18,台中市,大肚區,55,13747,87.57
69536,2022-09-17,台中市,大肚區,85,13692,87.71
69924,2022-09-16,台中市,大肚區,103,13607,86.29
70308,2022-09-15,台中市,大肚區,80,13504,82.86
70695,2022-09-14,台中市,大肚區,87,13424,80.71
71081,2022-09-13,台中市,大肚區,94,13337,81.29
71471,2022-09-12,台中市,大肚區,109,13243,76.29
71858,2022-09-11,台中市,大肚區,56,13134,71.43
72240,2022-09-10,台中市,大肚區,75,13078,68.14
72622,2022-09-09,台中市,大肚區,79,13003,66.57
73005,2022-09-08,台中市,大肚區,65,12924,67.00
73392,2022-09-07,台中市,大肚區,91,12859,66.29
73776,2022-09-06,台中市,大肚區,59,12768,61.71
74163,2022-09-05,台中市,大肚區,75,12709,60.71
74547,2022-09-04,台中市,大肚區,33,12634,58.29
74931,2022-09-03,台中市,大肚區,64,12601,57.29
75318,2022-09-02,台中市,大肚區,82,12537,52.00
75705,2022-09-01,台中市,大肚區,60,12455,48.00
76094,2022-08-31,台中市,大肚區,59,12395,46.00
76481,2022-08-30,台中市,大肚區,52,12336,44.14
76869,2022-08-29,台中市,大肚區,58,12284,45.57
77256,2022-08-28,台中市,大肚區,26,12226,45.14
77641,2022-08-27,台中市,大肚區,27,12200,46.14
78027,2022-08-26,台中市,大肚區,54,12173,46.86
78411,2022-08-25,台中市,大肚區,46,12119,46.86
78796,2022-08-24,台中市,大肚區,46,12073,46.14
79183,2022-08-23,台中市,大肚區,62,12027,45.29
79568,2022-08-22,台中市,大肚區,55,11965,41.00
79952,2022-08-21,台中市,大肚區,33,11910,41.71
80332,2022-08-20,台中市,大肚區,32,11877,41.57
80716,2022-08-19,台中市,大肚區,54,11845,43.00
81102,2022-08-18,台中市,大肚區,41,11791,40.43
81491,2022-08-17,台中市,大肚區,40,11750,40.57
81876,2022-08-16,台中市,大肚區,32,11710,40.29
82263,2022-08-15,台中市,大肚區,60,11678,44.29
82645,2022-08-14,台中市,大肚區,32,11618,46.71
83023,2022-08-13,台中市,大肚區,42,11586,47.14
83405,2022-08-12,台中市,大肚區,36,11544,51.57
83789,2022-08-11,台中市,大肚區,42,11508,50.14
84176,2022-08-10,台中市,大肚區,38,11466,50.00
84559,2022-08-09,台中市,大肚區,60,11428,50.71
84945,2022-08-08,台中市,大肚區,77,11368,49.43
85324,2022-08-07,台中市,大肚區,35,11291,48.14
85699,2022-08-06,台中市,大肚區,73,11256,46.71
86083,2022-08-05,台中市,大肚區,26,11183,42.43
86469,2022-08-04,台中市,大肚區,41,11157,45.43
86854,2022-08-03,台中市,大肚區,43,11116,45.14
87236,2022-08-02,台中市,大肚區,51,11073,46.86
87623,2022-08-01,台中市,大肚區,68,11022,48.00
88006,2022-07-31,台中市,大肚區,25,10954,47.43
88383,2022-07-30,台中市,大肚區,43,10929,50.14
88764,2022-07-29,台中市,大肚區,47,10886,49.29
89150,2022-07-28,台中市,大肚區,39,10839,47.86
89537,2022-07-27,台中市,大肚區,55,10800,49.57
89925,2022-07-26,台中市,大肚區,59,10745,48.29
90313,2022-07-25,台中市,大肚區,64,10686,47.00
90694,2022-07-24,台中市,大肚區,44,10622,45.57
91074,2022-07-23,台中市,大肚區,37,10578,42.71
91460,2022-07-22,台中市,大肚區,37,10541,43.86
91846,2022-07-21,台中市,大肚區,51,10504,47.14
92228,2022-07-20,台中市,大肚區,46,10453,45.29
92617,2022-07-19,台中市,大肚區,50,10407,47.43
93006,2022-07-18,台中市,大肚區,54,10357,48.57
93392,2022-07-17,台中市,大肚區,24,10303,51.57
93771,2022-07-16,台中市,大肚區,45,10279,53.29
94159,2022-07-15,台中市,大肚區,60,10234,57.57
94546,2022-07-14,台中市,大肚區,38,10174,57.29
94935,2022-07-13,台中市,大肚區,61,10136,62.86
95322,2022-07-12,台中市,大肚區,58,10075,65.86
95711,2022-07-11,台中市,大肚區,75,10017,69.71
96097,2022-07-10,台中市,大肚區,36,9942,75.43
96483,2022-07-09,台中市,大肚區,75,9906,78.29
96870,2022-07-08,台中市,大肚區,58,9831,81.14
97261,2022-07-07,台中市,大肚區,77,9773,88.14
97650,2022-07-06,台中市,大肚區,82,9696,92.86
98040,2022-07-05,台中市,大肚區,85,9614,99.71
98429,2022-07-04,台中市,大肚區,115,9529,105.43
98819,2022-07-03,台中市,大肚區,56,9414,111.29
99201,2022-07-02,台中市,大肚區,95,9358,116.29
99592,2022-07-01,台中市,大肚區,107,9263,119.29
99984,2022-06-30,台中市,大肚區,110,9156,121.29
100375,2022-06-29,台中市,大肚區,130,9046,127.14
100765,2022-06-28,台中市,大肚區,125,8916,130.43
101156,2022-06-27,台中市,大肚區,156,8791,140.00
101542,2022-06-26,台中市,大肚區,91,8635,141.29
101929,2022-06-25,台中市,大肚區,116,8544,145.29
102318,2022-06-24,台中市,大肚區,121,8428,156.57
102710,2022-06-23,台中市,大肚區,151,8307,164.43
103103,2022-06-22,台中市,大肚區,153,8156,167.14
103492,2022-06-21,台中市,大肚區,192,8003,179.29
103884,2022-06-20,台中市,大肚區,165,7811,191.00
104274,2022-06-19,台中市,大肚區,119,7646,200.43
104665,2022-06-18,台中市,大肚區,195,7527,212.00
105056,2022-06-17,台中市,大肚區,176,7332,217.86
105446,2022-06-16,台中市,大肚區,170,7156,218.29
105836,2022-06-15,台中市,大肚區,238,6986,226.14
106226,2022-06-14,台中市,大肚區,274,6748,231.71
106618,2022-06-13,台中市,大肚區,231,6474,236.43
107008,2022-06-12,台中市,大肚區,200,6243,240.00
107395,2022-06-11,台中市,大肚區,236,6043,232.57
107787,2022-06-10,台中市,大肚區,179,5807,224.43
108176,2022-06-09,台中市,大肚區,225,5628,231.71
108565,2022-06-08,台中市,大肚區,277,5403,232.43
108955,2022-06-07,台中市,大肚區,307,5126,229.71
109347,2022-06-06,台中市,大肚區,256,4819,223.86
109737,2022-06-05,台中市,大肚區,148,4563,221.43
110126,2022-06-04,台中市,大肚區,179,4415,220.43
110516,2022-06-03,台中市,大肚區,230,4236,221.14
110907,2022-06-02,台中市,大肚區,230,4006,214.86
111297,2022-06-01,台中市,大肚區,258,3776,214.71
111689,2022-05-31,台中市,大肚區,266,3518,203.43
112080,2022-05-30,台中市,大肚區,239,3252,191.57
112471,2022-05-29,台中市,大肚區,141,3013,183.86
112861,2022-05-28,台中市,大肚區,184,2872,186.00
113252,2022-05-27,台中市,大肚區,186,2688,180.00
113642,2022-05-26,台中市,大肚區,229,2502,178.14
114033,2022-05-25,台中市,大肚區,179,2273,165.71
114423,2022-05-24,台中市,大肚區,183,2094,159.14
114815,2022-05-23,台中市,大肚區,185,1911,152.00
115206,2022-05-22,台中市,大肚區,156,1726,138.29
115597,2022-05-21,台中市,大肚區,142,1570,132.86
115982,2022-05-20,台中市,大肚區,173,1428,123.00
116370,2022-05-19,台中市,大肚區,142,1255,111.00
116758,2022-05-18,台中市,大肚區,133,1113,100.71
117149,2022-05-17,台中市,大肚區,133,980,92.29
117537,2022-05-16,台中市,大肚區,89,847,84.14
117925,2022-05-15,台中市,大肚區,118,758,77.00
118309,2022-05-14,台中市,大肚區,73,640,63.57
118694,2022-05-13,台中市,大肚區,89,567,58.29
119082,2022-05-12,台中市,大肚區,70,478,49.86
119464,2022-05-11,台中市,大肚區,74,408,43.29
119851,2022-05-10,台中市,大肚區,76,334,35.43
120233,2022-05-09,台中市,大肚區,39,258,27.43
120613,2022-05-08,台中市,大肚區,24,219,23.57
120999,2022-05-07,台中市,大肚區,36,195,21.57
121377,2022-05-06,台中市,大肚區,30,159,17.71
121751,2022-05-05,台中市,大肚區,24,129,14.43
122118,2022-05-04,台中市,大肚區,19,105,12.29
122480,2022-05-03,台中市,大肚區,20,86,10.14
122835,2022-05-02,台中市,大肚區,12,66,7.71
123174,2022-05-01,台中市,大肚區,10,54,6.00
123510,2022-04-30,台中市,大肚區,9,44,4.57
123834,2022-04-29,台中市,大肚區,7,35,3.43
124147,2022-04-28,台中市,大肚區,9,28,2.71
124452,2022-04-27,台中市,大肚區,4,19,2.00
124748,2022-04-26,台中市,大肚區,3,15,1.57
125522,2022-04-23,台中市,大肚區,1,12,1.57
125771,2022-04-22,台中市,大肚區,2,11,1.43
126009,2022-04-21,台中市,大肚區,4,9,1.29
126232,2022-04-20,台中市,大肚區,1,5,0.71
126430,2022-04-19,台中市,大肚區,3,4,0.57
127113,2022-04-15,台中市,大肚區,1,1,0.14
