UID,個案研判日,縣市別,區域,新增確診人數,累計確診人數,七天移動平均新增確診人數
543,2023-03-21,台中市,西區,1,48335,30.43
748,2023-03-20,台中市,西區,17,48334,37.71
1047,2023-03-19,台中市,西區,18,48317,41.86
1375,2023-03-18,台中市,西區,55,48299,41.86
1716,2023-03-17,台中市,西區,36,48244,39.43
2069,2023-03-16,台中市,西區,47,48208,40.86
2423,2023-03-15,台中市,西區,39,48161,40.86
2772,2023-03-14,台中市,西區,52,48122,41.43
3131,2023-03-13,台中市,西區,46,48070,40.29
3485,2023-03-12,台中市,西區,18,48024,42.29
3835,2023-03-11,台中市,西區,38,48006,44.00
4185,2023-03-10,台中市,西區,46,47968,43.86
4542,2023-03-09,台中市,西區,47,47922,44.00
4899,2023-03-08,台中市,西區,43,47875,48.29
5254,2023-03-07,台中市,西區,44,47832,51.00
5616,2023-03-06,台中市,西區,60,47788,53.86
5977,2023-03-05,台中市,西區,30,47728,53.86
6316,2023-03-04,台中市,西區,37,47698,53.14
6670,2023-03-03,台中市,西區,47,47661,56.00
7030,2023-03-02,台中市,西區,77,47614,59.14
7394,2023-03-01,台中市,西區,62,47537,55.14
7766,2023-02-28,台中市,西區,64,47475,53.71
8130,2023-02-27,台中市,西區,60,47411,54.71
8485,2023-02-26,台中市,西區,25,47351,58.00
8833,2023-02-25,台中市,西區,57,47326,61.86
9202,2023-02-24,台中市,西區,69,47269,62.43
9564,2023-02-23,台中市,西區,49,47200,63.29
9934,2023-02-22,台中市,西區,52,47151,65.14
10309,2023-02-21,台中市,西區,71,47099,67.71
10679,2023-02-20,台中市,西區,83,47028,72.86
11056,2023-02-19,台中市,西區,52,46945,77.00
11416,2023-02-18,台中市,西區,61,46893,78.71
11783,2023-02-17,台中市,西區,75,46832,81.14
12156,2023-02-16,台中市,西區,62,46757,83.14
12530,2023-02-15,台中市,西區,70,46695,88.57
12903,2023-02-14,台中市,西區,107,46625,94.00
13275,2023-02-13,台中市,西區,112,46518,96.57
13654,2023-02-12,台中市,西區,64,46406,97.14
14011,2023-02-11,台中市,西區,78,46342,101.43
14383,2023-02-10,台中市,西區,89,46264,105.14
14756,2023-02-09,台中市,西區,100,46175,110.43
15134,2023-02-08,台中市,西區,108,46075,117.71
15514,2023-02-07,台中市,西區,125,45967,122.86
15892,2023-02-06,台中市,西區,116,45842,128.86
16271,2023-02-05,台中市,西區,94,45726,137.14
16642,2023-02-04,台中市,西區,104,45632,140.71
17022,2023-02-03,台中市,西區,126,45528,146.00
17407,2023-02-02,台中市,西區,151,45402,149.29
17790,2023-02-01,台中市,西區,144,45251,147.14
18168,2023-01-31,台中市,西區,167,45107,141.86
18552,2023-01-30,台中市,西區,174,44940,129.71
18939,2023-01-29,台中市,西區,119,44766,114.43
19317,2023-01-28,台中市,西區,141,44647,107.00
19694,2023-01-27,台中市,西區,149,44506,99.29
20074,2023-01-26,台中市,西區,136,44357,96.29
20447,2023-01-25,台中市,西區,107,44221,93.43
20814,2023-01-24,台中市,西區,82,44114,92.57
21188,2023-01-23,台中市,西區,67,44032,97.71
21556,2023-01-22,台中市,西區,67,43965,104.14
21921,2023-01-21,台中市,西區,87,43898,106.57
22294,2023-01-20,台中市,西區,128,43811,111.57
22660,2023-01-19,台中市,西區,116,43683,108.57
23033,2023-01-18,台中市,西區,101,43567,107.29
23401,2023-01-17,台中市,西區,118,43466,110.86
23768,2023-01-16,台中市,西區,112,43348,112.86
24143,2023-01-15,台中市,西區,84,43236,115.14
24509,2023-01-14,台中市,西區,122,43152,116.43
24876,2023-01-13,台中市,西區,107,43030,115.57
25245,2023-01-12,台中市,西區,107,42923,120.71
25620,2023-01-11,台中市,西區,126,42816,127.14
25996,2023-01-10,台中市,西區,132,42690,131.29
26369,2023-01-09,台中市,西區,128,42558,139.14
26744,2023-01-08,台中市,西區,93,42430,137.29
27105,2023-01-07,台中市,西區,116,42337,138.71
27476,2023-01-06,台中市,西區,143,42221,139.14
27853,2023-01-05,台中市,西區,152,42078,137.71
28232,2023-01-04,台中市,西區,155,41926,136.14
28613,2023-01-03,台中市,西區,187,41771,136.57
28993,2023-01-02,台中市,西區,115,41584,129.14
29367,2023-01-01,台中市,西區,103,41469,130.57
29728,2022-12-31,台中市,西區,119,41366,125.14
30093,2022-12-30,台中市,西區,133,41247,118.71
30468,2022-12-29,台中市,西區,141,41114,114.14
30839,2022-12-28,台中市,西區,158,40973,109.86
31209,2022-12-27,台中市,西區,135,40815,102.00
31585,2022-12-26,台中市,西區,125,40680,96.86
31954,2022-12-25,台中市,西區,65,40555,94.29
32311,2022-12-24,台中市,西區,74,40490,96.00
32670,2022-12-23,台中市,西區,101,40416,97.00
33036,2022-12-22,台中市,西區,111,40315,97.29
33402,2022-12-21,台中市,西區,103,40204,94.57
33771,2022-12-20,台中市,西區,99,40101,95.29
34136,2022-12-19,台中市,西區,107,40002,96.00
34505,2022-12-18,台中市,西區,77,39895,97.43
34853,2022-12-17,台中市,西區,81,39818,95.86
35215,2022-12-16,台中市,西區,103,39737,97.43
35579,2022-12-15,台中市,西區,92,39634,95.14
35948,2022-12-14,台中市,西區,108,39542,94.86
36307,2022-12-13,台中市,西區,104,39434,91.57
36685,2022-12-12,台中市,西區,117,39330,88.71
37051,2022-12-11,台中市,西區,66,39213,84.86
37407,2022-12-10,台中市,西區,92,39147,81.29
37776,2022-12-09,台中市,西區,87,39055,77.14
38140,2022-12-08,台中市,西區,90,38968,75.29
38513,2022-12-07,台中市,西區,85,38878,73.00
38884,2022-12-06,台中市,西區,84,38793,73.43
39258,2022-12-05,台中市,西區,90,38709,76.00
39635,2022-12-04,台中市,西區,41,38619,77.00
40000,2022-12-03,台中市,西區,63,38578,79.71
40371,2022-12-02,台中市,西區,74,38515,80.86
40736,2022-12-01,台中市,西區,74,38441,79.71
41109,2022-11-30,台中市,西區,88,38367,80.14
41481,2022-11-29,台中市,西區,102,38279,79.71
41861,2022-11-28,台中市,西區,97,38177,81.43
42238,2022-11-27,台中市,西區,60,38080,82.86
42596,2022-11-26,台中市,西區,71,38020,85.71
42956,2022-11-25,台中市,西區,66,37949,86.00
43325,2022-11-24,台中市,西區,77,37883,88.71
43694,2022-11-23,台中市,西區,85,37806,89.43
44068,2022-11-22,台中市,西區,114,37721,91.71
44443,2022-11-21,台中市,西區,107,37607,94.00
44823,2022-11-20,台中市,西區,80,37500,91.43
45188,2022-11-19,台中市,西區,73,37420,91.43
45561,2022-11-18,台中市,西區,85,37347,92.71
45934,2022-11-17,台中市,西區,82,37262,95.29
46306,2022-11-16,台中市,西區,101,37180,97.00
46688,2022-11-15,台中市,西區,130,37079,99.71
47066,2022-11-14,台中市,西區,89,36949,100.29
47446,2022-11-13,台中市,西區,80,36860,107.14
47818,2022-11-12,台中市,西區,82,36780,108.43
48194,2022-11-11,台中市,西區,103,36698,115.00
48573,2022-11-10,台中市,西區,94,36595,117.43
48956,2022-11-09,台中市,西區,120,36501,128.00
49342,2022-11-08,台中市,西區,134,36381,130.00
49727,2022-11-07,台中市,西區,137,36247,137.14
50109,2022-11-06,台中市,西區,89,36110,144.00
50479,2022-11-05,台中市,西區,128,36021,148.43
50856,2022-11-04,台中市,西區,120,35893,152.71
51242,2022-11-03,台中市,西區,168,35773,162.71
51620,2022-11-02,台中市,西區,134,35605,169.00
52008,2022-11-01,台中市,西區,184,35471,181.00
52392,2022-10-31,台中市,西區,185,35287,188.14
52776,2022-10-30,台中市,西區,120,35102,192.86
53153,2022-10-29,台中市,西區,158,34982,199.29
53534,2022-10-28,台中市,西區,190,34824,198.43
53921,2022-10-27,台中市,西區,212,34634,200.29
54306,2022-10-26,台中市,西區,218,34422,197.86
54691,2022-10-25,台中市,西區,234,34204,193.86
55081,2022-10-24,台中市,西區,218,33970,192.14
55469,2022-10-23,台中市,西區,165,33752,190.00
55848,2022-10-22,台中市,西區,152,33587,186.29
56233,2022-10-21,台中市,西區,203,33435,193.43
56623,2022-10-20,台中市,西區,195,33232,193.14
57007,2022-10-19,台中市,西區,190,33037,205.14
57395,2022-10-18,台中市,西區,222,32847,214.43
57784,2022-10-17,台中市,西區,203,32625,223.00
58174,2022-10-16,台中市,西區,139,32422,230.14
58558,2022-10-15,台中市,西區,202,32283,234.57
58944,2022-10-14,台中市,西區,201,32081,228.86
59333,2022-10-13,台中市,西區,279,31880,237.86
59724,2022-10-12,台中市,西區,255,31601,228.43
60114,2022-10-11,台中市,西區,282,31346,225.57
60504,2022-10-10,台中市,西區,253,31064,230.14
60889,2022-10-09,台中市,西區,170,30811,231.29
61277,2022-10-08,台中市,西區,162,30641,226.57
61665,2022-10-07,台中市,西區,264,30479,236.86
62052,2022-10-06,台中市,西區,213,30215,228.71
62444,2022-10-05,台中市,西區,235,30002,226.00
62831,2022-10-04,台中市,西區,314,29767,226.29
63219,2022-10-03,台中市,西區,261,29453,216.29
63610,2022-10-02,台中市,西區,137,29192,212.43
63991,2022-10-01,台中市,西區,234,29055,212.14
64377,2022-09-30,台中市,西區,207,28821,203.43
64762,2022-09-29,台中市,西區,194,28614,199.86
65150,2022-09-28,台中市,西區,237,28420,204.00
65538,2022-09-27,台中市,西區,244,28183,199.57
65925,2022-09-26,台中市,西區,234,27939,199.14
66312,2022-09-25,台中市,西區,135,27705,202.14
66697,2022-09-24,台中市,西區,173,27570,202.71
67080,2022-09-23,台中市,西區,182,27397,202.29
67468,2022-09-22,台中市,西區,223,27215,203.57
67856,2022-09-21,台中市,西區,206,26992,200.43
68245,2022-09-20,台中市,西區,241,26786,207.86
68635,2022-09-19,台中市,西區,255,26545,206.86
69025,2022-09-18,台中市,西區,139,26290,207.14
69408,2022-09-17,台中市,西區,170,26151,203.86
69796,2022-09-16,台中市,西區,191,25981,203.86
70181,2022-09-15,台中市,西區,201,25790,200.00
70567,2022-09-14,台中市,西區,258,25589,202.00
70953,2022-09-13,台中市,西區,234,25331,189.29
71342,2022-09-12,台中市,西區,257,25097,186.57
71731,2022-09-11,台中市,西區,116,24840,179.14
72113,2022-09-10,台中市,西區,170,24724,175.86
72495,2022-09-09,台中市,西區,164,24554,174.00
72877,2022-09-08,台中市,西區,215,24390,172.14
73264,2022-09-07,台中市,西區,169,24175,165.00
73648,2022-09-06,台中市,西區,215,24006,163.86
74034,2022-09-05,台中市,西區,205,23791,152.43
74420,2022-09-04,台中市,西區,93,23586,145.57
74803,2022-09-03,台中市,西區,157,23493,146.29
75190,2022-09-02,台中市,西區,151,23336,138.43
75576,2022-09-01,台中市,西區,165,23185,131.29
75965,2022-08-31,台中市,西區,161,23020,121.71
76352,2022-08-30,台中市,西區,135,22859,116.00
76740,2022-08-29,台中市,西區,157,22724,114.29
77129,2022-08-28,台中市,西區,98,22567,107.86
77512,2022-08-27,台中市,西區,102,22469,103.14
77898,2022-08-26,台中市,西區,101,22367,102.43
78283,2022-08-25,台中市,西區,98,22266,103.71
78670,2022-08-24,台中市,西區,121,22168,102.57
79056,2022-08-23,台中市,西區,123,22047,97.14
79439,2022-08-22,台中市,西區,112,21924,99.29
79828,2022-08-21,台中市,西區,65,21812,97.14
80205,2022-08-20,台中市,西區,97,21747,98.86
80589,2022-08-19,台中市,西區,110,21650,97.29
80973,2022-08-18,台中市,西區,90,21540,98.14
81363,2022-08-17,台中市,西區,83,21450,99.29
81747,2022-08-16,台中市,西區,138,21367,101.00
82134,2022-08-15,台中市,西區,97,21229,98.86
82521,2022-08-14,台中市,西區,77,21132,101.14
82898,2022-08-13,台中市,西區,86,21055,103.71
83277,2022-08-12,台中市,西區,116,20969,107.86
83663,2022-08-11,台中市,西區,98,20853,105.86
84049,2022-08-10,台中市,西區,95,20755,110.86
84435,2022-08-09,台中市,西區,123,20660,111.14
84817,2022-08-08,台中市,西區,113,20537,109.71
85200,2022-08-07,台中市,西區,95,20424,108.57
85575,2022-08-06,台中市,西區,115,20329,105.71
85955,2022-08-05,台中市,西區,102,20214,104.29
86341,2022-08-04,台中市,西區,133,20112,104.00
86726,2022-08-03,台中市,西區,97,19979,102.43
87109,2022-08-02,台中市,西區,113,19882,104.29
87494,2022-08-01,台中市,西區,105,19769,103.86
87881,2022-07-31,台中市,西區,75,19664,103.43
88257,2022-07-30,台中市,西區,105,19589,103.86
88635,2022-07-29,台中市,西區,100,19484,103.00
89022,2022-07-28,台中市,西區,122,19384,105.00
89408,2022-07-27,台中市,西區,110,19262,102.43
89798,2022-07-26,台中市,西區,110,19152,103.57
90185,2022-07-25,台中市,西區,102,19042,107.29
90569,2022-07-24,台中市,西區,78,18940,115.00
90946,2022-07-23,台中市,西區,99,18862,117.14
91331,2022-07-22,台中市,西區,114,18763,120.43
91717,2022-07-21,台中市,西區,104,18649,119.86
92101,2022-07-20,台中市,西區,118,18545,123.71
92488,2022-07-19,台中市,西區,136,18427,124.86
92877,2022-07-18,台中市,西區,156,18291,130.71
93264,2022-07-17,台中市,西區,93,18135,128.57
93644,2022-07-16,台中市,西區,122,18042,126.71
94030,2022-07-15,台中市,西區,110,17920,128.43
94417,2022-07-14,台中市,西區,131,17810,130.43
94806,2022-07-13,台中市,西區,126,17679,132.14
95195,2022-07-12,台中市,西區,177,17553,133.71
95582,2022-07-11,台中市,西區,141,17376,131.57
95970,2022-07-10,台中市,西區,80,17235,136.71
96354,2022-07-09,台中市,西區,134,17155,139.14
96741,2022-07-08,台中市,西區,124,17021,143.00
97132,2022-07-07,台中市,西區,143,16897,150.00
97523,2022-07-06,台中市,西區,137,16754,152.71
97912,2022-07-05,台中市,西區,162,16617,160.29
98301,2022-07-04,台中市,西區,177,16455,165.71
98690,2022-07-03,台中市,西區,97,16278,170.29
99074,2022-07-02,台中市,西區,161,16181,177.14
99463,2022-07-01,台中市,西區,173,16020,182.86
99855,2022-06-30,台中市,西區,162,15847,187.00
100246,2022-06-29,台中市,西區,190,15685,197.57
100636,2022-06-28,台中市,西區,200,15495,203.86
101027,2022-06-27,台中市,西區,209,15295,210.00
101415,2022-06-26,台中市,西區,145,15086,227.00
101801,2022-06-25,台中市,西區,201,14941,228.86
102191,2022-06-24,台中市,西區,202,14740,232.86
102582,2022-06-23,台中市,西區,236,14538,244.43
102974,2022-06-22,台中市,西區,234,14302,252.57
103364,2022-06-21,台中市,西區,243,14068,269.71
103755,2022-06-20,台中市,西區,328,13825,290.29
104146,2022-06-19,台中市,西區,158,13497,295.14
104536,2022-06-18,台中市,西區,229,13339,306.57
104927,2022-06-17,台中市,西區,283,13110,335.71
105318,2022-06-16,台中市,西區,293,12827,338.29
105708,2022-06-15,台中市,西區,354,12534,348.43
106097,2022-06-14,台中市,西區,387,12180,358.86
106489,2022-06-13,台中市,西區,362,11793,356.71
106879,2022-06-12,台中市,西區,238,11431,373.71
107266,2022-06-11,台中市,西區,433,11193,370.43
107658,2022-06-10,台中市,西區,301,10760,351.71
108047,2022-06-09,台中市,西區,364,10459,358.57
108437,2022-06-08,台中市,西區,427,10095,360.43
108826,2022-06-07,台中市,西區,372,9668,356.29
109218,2022-06-06,台中市,西區,481,9296,360.29
109608,2022-06-05,台中市,西區,215,8815,351.00
109997,2022-06-04,台中市,西區,302,8600,358.29
110387,2022-06-03,台中市,西區,349,8298,355.00
110778,2022-06-02,台中市,西區,377,7949,355.71
111168,2022-06-01,台中市,西區,398,7572,366.43
111560,2022-05-31,台中市,西區,400,7174,372.00
111951,2022-05-30,台中市,西區,416,6774,370.43
112342,2022-05-29,台中市,西區,266,6358,360.29
112733,2022-05-28,台中市,西區,279,6092,358.71
113123,2022-05-27,台中市,西區,354,5813,357.43
113513,2022-05-26,台中市,西區,452,5459,352.29
113905,2022-05-25,台中市,西區,437,5007,327.71
114294,2022-05-24,台中市,西區,389,4570,306.71
114686,2022-05-23,台中市,西區,345,4181,300.71
115077,2022-05-22,台中市,西區,255,3836,275.71
115468,2022-05-21,台中市,西區,270,3581,263.29
115853,2022-05-20,台中市,西區,318,3311,249.43
116241,2022-05-19,台中市,西區,280,2993,230.14
116630,2022-05-18,台中市,西區,290,2713,208.29
117020,2022-05-17,台中市,西區,347,2423,187.86
117409,2022-05-16,台中市,西區,170,2076,164.14
117798,2022-05-15,台中市,西區,168,1906,149.00
118183,2022-05-14,台中市,西區,173,1738,139.43
118567,2022-05-13,台中市,西區,183,1565,128.43
118954,2022-05-12,台中市,西區,127,1382,118.14
119338,2022-05-11,台中市,西區,147,1255,106.86
119723,2022-05-10,台中市,西區,181,1108,98.86
120105,2022-05-09,台中市,西區,64,927,83.57
120486,2022-05-08,台中市,西區,101,863,81.57
120870,2022-05-07,台中市,西區,96,762,70.43
121249,2022-05-06,台中市,西區,111,666,62.86
121627,2022-05-05,台中市,西區,48,555,54.14
121997,2022-05-04,台中市,西區,91,507,52.29
122359,2022-05-03,台中市,西區,74,416,46.43
122717,2022-05-02,台中市,西區,50,342,37.71
123065,2022-05-01,台中市,西區,23,292,33.29
123401,2022-04-30,台中市,西區,43,269,31.00
123730,2022-04-29,台中市,西區,50,226,26.43
124046,2022-04-28,台中市,西區,35,176,20.86
124358,2022-04-27,台中市,西區,50,141,16.71
124653,2022-04-26,台中市,西區,13,91,10.71
124940,2022-04-25,台中市,西區,19,78,8.86
125212,2022-04-24,台中市,西區,7,59,6.86
125456,2022-04-23,台中市,西區,11,52,6.14
125703,2022-04-22,台中市,西區,11,41,4.57
125944,2022-04-21,台中市,西區,6,30,3.00
126175,2022-04-20,台中市,西區,8,24,2.43
126572,2022-04-18,台中市,西區,5,16,1.57
126745,2022-04-17,台中市,西區,2,11,1.00
127239,2022-04-14,台中市,西區,2,9,0.71
127399,2022-04-13,台中市,西區,1,7,0.43
127550,2022-04-12,台中市,西區,1,6,0.29
127691,2022-04-11,台中市,西區,1,5,0.14
128656,2022-04-01,台中市,西區,1,4,0.14
133049,2021-05-30,台中市,西區,1,3,0.43
133138,2021-05-29,台中市,西區,2,2,0.29
