UID,個案研判日,縣市別,區域,新增確診人數,累計確診人數,七天移動平均新增確診人數
93,2023-06-14,台中市,大里區,1,93702,0.14
482,2023-03-21,台中市,大里區,3,93701,57.57
621,2023-03-20,台中市,大里區,18,93698,66.71
905,2023-03-19,台中市,大里區,51,93680,75.00
1233,2023-03-18,台中市,大里區,83,93629,76.00
1573,2023-03-17,台中市,大里區,79,93546,75.14
1925,2023-03-16,台中市,大里區,83,93467,73.86
2278,2023-03-15,台中市,大里區,86,93384,75.86
2629,2023-03-14,台中市,大里區,67,93298,76.86
2986,2023-03-13,台中市,大里區,76,93231,80.71
3345,2023-03-12,台中市,大里區,58,93155,84.14
3690,2023-03-11,台中市,大里區,77,93097,87.00
4043,2023-03-10,台中市,大里區,70,93020,88.00
4398,2023-03-09,台中市,大里區,97,92950,93.71
4757,2023-03-08,台中市,大里區,93,92853,99.00
5111,2023-03-07,台中市,大里區,94,92760,107.14
5470,2023-03-06,台中市,大里區,100,92666,109.14
5835,2023-03-05,台中市,大里區,78,92566,107.86
6174,2023-03-04,台中市,大里區,84,92488,108.00
6526,2023-03-03,台中市,大里區,110,92404,114.14
6885,2023-03-02,台中市,大里區,134,92294,108.86
7249,2023-03-01,台中市,大里區,150,92160,102.57
7620,2023-02-28,台中市,大里區,108,92010,96.14
7983,2023-02-27,台中市,大里區,91,91902,99.14
8342,2023-02-26,台中市,大里區,79,91811,105.86
8687,2023-02-25,台中市,大里區,127,91732,113.71
9057,2023-02-24,台中市,大里區,73,91605,112.86
9418,2023-02-23,台中市,大里區,90,91532,120.57
9788,2023-02-22,台中市,大里區,105,91442,126.71
10163,2023-02-21,台中市,大里區,129,91337,131.14
10532,2023-02-20,台中市,大里區,138,91208,135.57
10912,2023-02-19,台中市,大里區,134,91070,139.43
11270,2023-02-18,台中市,大里區,121,90936,138.86
11637,2023-02-17,台中市,大里區,127,90815,139.00
12009,2023-02-16,台中市,大里區,133,90688,146.29
12384,2023-02-15,台中市,大里區,136,90555,153.86
12757,2023-02-14,台中市,大里區,160,90419,159.57
13129,2023-02-13,台中市,大里區,165,90259,166.43
13508,2023-02-12,台中市,大里區,130,90094,171.14
13865,2023-02-11,台中市,大里區,122,89964,174.57
14237,2023-02-10,台中市,大里區,178,89842,188.14
14611,2023-02-09,台中市,大里區,186,89664,192.86
14987,2023-02-08,台中市,大里區,176,89478,197.57
15366,2023-02-07,台中市,大里區,208,89302,203.14
15745,2023-02-06,台中市,大里區,198,89094,214.14
16127,2023-02-05,台中市,大里區,154,88896,224.86
16495,2023-02-04,台中市,大里區,217,88742,230.00
16874,2023-02-03,台中市,大里區,211,88525,229.86
17260,2023-02-02,台中市,大里區,219,88314,231.86
17643,2023-02-01,台中市,大里區,215,88095,222.43
18020,2023-01-31,台中市,大里區,285,87880,211.43
18405,2023-01-30,台中市,大里區,273,87595,187.00
18794,2023-01-29,台中市,大里區,190,87322,166.14
19170,2023-01-28,台中市,大里區,216,87132,152.14
19549,2023-01-27,台中市,大里區,225,86916,143.71
19927,2023-01-26,台中市,大里區,153,86691,136.00
20304,2023-01-25,台中市,大里區,138,86538,134.43
20669,2023-01-24,台中市,大里區,114,86400,135.29
21044,2023-01-23,台中市,大里區,127,86286,141.86
21411,2023-01-22,台中市,大里區,92,86159,149.00
21775,2023-01-21,台中市,大里區,157,86067,159.00
22147,2023-01-20,台中市,大里區,171,85910,162.29
22514,2023-01-19,台中市,大里區,142,85739,162.86
22885,2023-01-18,台中市,大里區,144,85597,170.57
23257,2023-01-17,台中市,大里區,160,85453,185.71
23621,2023-01-16,台中市,大里區,177,85293,200.14
23997,2023-01-15,台中市,大里區,162,85116,208.14
24364,2023-01-14,台中市,大里區,180,84954,207.57
24732,2023-01-13,台中市,大里區,175,84774,217.00
25100,2023-01-12,台中市,大里區,196,84599,226.00
25475,2023-01-11,台中市,大里區,250,84403,238.29
25851,2023-01-10,台中市,大里區,261,84153,249.29
26223,2023-01-09,台中市,大里區,233,83892,254.29
26602,2023-01-08,台中市,大里區,158,83659,257.57
26959,2023-01-07,台中市,大里區,246,83501,255.00
27330,2023-01-06,台中市,大里區,238,83255,252.29
27706,2023-01-05,台中市,大里區,282,83017,251.00
28086,2023-01-04,台中市,大里區,327,82735,242.57
28467,2023-01-03,台中市,大里區,296,82408,228.29
28849,2023-01-02,台中市,大里區,256,82112,215.86
29220,2023-01-01,台中市,大里區,140,81856,212.71
29582,2022-12-31,台中市,大里區,227,81716,215.43
29948,2022-12-30,台中市,大里區,229,81489,202.14
30320,2022-12-29,台中市,大里區,223,81260,193.29
30693,2022-12-28,台中市,大里區,227,81037,186.00
31063,2022-12-27,台中市,大里區,209,80810,178.71
31440,2022-12-26,台中市,大里區,234,80601,171.29
31812,2022-12-25,台中市,大里區,159,80367,160.14
32166,2022-12-24,台中市,大里區,134,80208,152.00
32526,2022-12-23,台中市,大里區,167,80074,150.29
32890,2022-12-22,台中市,大里區,172,79907,147.00
33257,2022-12-21,台中市,大里區,176,79735,141.71
33627,2022-12-20,台中市,大里區,157,79559,138.43
33990,2022-12-19,台中市,大里區,156,79402,137.57
34361,2022-12-18,台中市,大里區,102,79246,137.14
34709,2022-12-17,台中市,大里區,122,79144,136.00
35069,2022-12-16,台中市,大里區,144,79022,138.71
35434,2022-12-15,台中市,大里區,135,78878,136.71
35805,2022-12-14,台中市,大里區,153,78743,136.14
36164,2022-12-13,台中市,大里區,151,78590,132.71
36538,2022-12-12,台中市,大里區,153,78439,132.86
36910,2022-12-11,台中市,大里區,94,78286,133.43
37261,2022-12-10,台中市,大里區,141,78192,134.00
37630,2022-12-09,台中市,大里區,130,78051,132.86
37995,2022-12-08,台中市,大里區,131,77921,127.86
38368,2022-12-07,台中市,大里區,129,77790,128.14
38740,2022-12-06,台中市,大里區,152,77661,130.29
39111,2022-12-05,台中市,大里區,157,77509,129.43
39489,2022-12-04,台中市,大里區,98,77352,134.29
39855,2022-12-03,台中市,大里區,133,77254,136.00
40224,2022-12-02,台中市,大里區,95,77121,135.86
40594,2022-12-01,台中市,大里區,133,77026,139.29
40963,2022-11-30,台中市,大里區,144,76893,140.71
41334,2022-11-29,台中市,大里區,146,76749,143.57
41714,2022-11-28,台中市,大里區,191,76603,150.14
42092,2022-11-27,台中市,大里區,110,76412,151.71
42453,2022-11-26,台中市,大里區,132,76302,152.71
42809,2022-11-25,台中市,大里區,119,76170,157.14
43180,2022-11-24,台中市,大里區,143,76051,163.86
43550,2022-11-23,台中市,大里區,164,75908,170.00
43922,2022-11-22,台中市,大里區,192,75744,174.43
44295,2022-11-21,台中市,大里區,202,75552,176.57
44678,2022-11-20,台中市,大里區,117,75350,171.14
45041,2022-11-19,台中市,大里區,163,75233,182.71
45415,2022-11-18,台中市,大里區,166,75070,186.86
45787,2022-11-17,台中市,大里區,186,74904,192.86
46160,2022-11-16,台中市,大里區,195,74718,197.86
46540,2022-11-15,台中市,大里區,207,74523,209.00
46921,2022-11-14,台中市,大里區,164,74316,210.71
47302,2022-11-13,台中市,大里區,198,74152,224.43
47672,2022-11-12,台中市,大里區,192,73954,221.00
48049,2022-11-11,台中市,大里區,208,73762,232.00
48428,2022-11-10,台中市,大里區,221,73554,244.43
48811,2022-11-09,台中市,大里區,273,73333,256.71
49194,2022-11-08,台中市,大里區,219,73060,259.57
49579,2022-11-07,台中市,大里區,260,72841,275.57
49964,2022-11-06,台中市,大里區,174,72581,284.57
50333,2022-11-05,台中市,大里區,269,72407,295.00
50708,2022-11-04,台中市,大里區,295,72138,297.71
51094,2022-11-03,台中市,大里區,307,71843,300.57
51474,2022-11-02,台中市,大里區,293,71536,305.00
51860,2022-11-01,台中市,大里區,331,71243,320.14
52245,2022-10-31,台中市,大里區,323,70912,330.43
52628,2022-10-30,台中市,大里區,247,70589,348.57
53007,2022-10-29,台中市,大里區,288,70342,352.57
53386,2022-10-28,台中市,大里區,315,70054,364.57
53773,2022-10-27,台中市,大里區,338,69739,372.00
54160,2022-10-26,台中市,大里區,399,69401,378.86
54544,2022-10-25,台中市,大里區,403,69002,378.29
54933,2022-10-24,台中市,大里區,450,68599,388.29
55323,2022-10-23,台中市,大里區,275,68149,384.86
55700,2022-10-22,台中市,大里區,372,67874,389.00
56085,2022-10-21,台中市,大里區,367,67502,396.00
56475,2022-10-20,台中市,大里區,386,67135,404.00
56860,2022-10-19,台中市,大里區,395,66749,419.71
57247,2022-10-18,台中市,大里區,473,66354,434.29
57637,2022-10-17,台中市,大里區,426,65881,435.14
58027,2022-10-16,台中市,大里區,304,65455,426.14
58411,2022-10-15,台中市,大里區,421,65151,422.57
58796,2022-10-14,台中市,大里區,423,64730,412.71
59186,2022-10-13,台中市,大里區,496,64307,404.29
59577,2022-10-12,台中市,大里區,497,63811,391.00
59966,2022-10-11,台中市,大里區,479,63314,372.43
60358,2022-10-10,台中市,大里區,363,62835,362.86
60742,2022-10-09,台中市,大里區,279,62472,375.71
61129,2022-10-08,台中市,大里區,352,62193,378.43
61518,2022-10-07,台中市,大里區,364,61841,381.29
61905,2022-10-06,台中市,大里區,403,61477,395.29
62296,2022-10-05,台中市,大里區,367,61074,397.86
62683,2022-10-04,台中市,大里區,412,60707,405.29
63071,2022-10-03,台中市,大里區,453,60295,409.14
63462,2022-10-02,台中市,大里區,298,59842,408.71
63844,2022-10-01,台中市,大里區,372,59544,406.43
64230,2022-09-30,台中市,大里區,462,59172,407.71
64614,2022-09-29,台中市,大里區,421,58710,394.29
65002,2022-09-28,台中市,大里區,419,58289,391.43
65390,2022-09-27,台中市,大里區,439,57870,391.57
65777,2022-09-26,台中市,大里區,450,57431,398.00
66166,2022-09-25,台中市,大里區,282,56981,404.29
66549,2022-09-24,台中市,大里區,381,56699,400.86
66932,2022-09-23,台中市,大里區,368,56318,397.57
67321,2022-09-22,台中市,大里區,401,55950,397.14
67708,2022-09-21,台中市,大里區,420,55549,394.14
68097,2022-09-20,台中市,大里區,484,55129,401.14
68487,2022-09-19,台中市,大里區,494,54645,403.29
68878,2022-09-18,台中市,大里區,258,54151,402.00
69260,2022-09-17,台中市,大里區,358,53893,403.43
69648,2022-09-16,台中市,大里區,365,53535,397.71
70033,2022-09-15,台中市,大里區,380,53170,398.57
70420,2022-09-14,台中市,大里區,469,52790,390.86
70805,2022-09-13,台中市,大里區,499,52321,374.71
71194,2022-09-12,台中市,大里區,485,51822,361.14
71584,2022-09-11,台中市,大里區,268,51337,342.57
71966,2022-09-10,台中市,大里區,318,51069,331.14
72348,2022-09-09,台中市,大里區,371,50751,327.43
72730,2022-09-08,台中市,大里區,326,50380,318.29
73117,2022-09-07,台中市,大里區,356,50054,311.00
73501,2022-09-06,台中市,大里區,404,49698,299.00
73887,2022-09-05,台中市,大里區,355,49294,284.14
74274,2022-09-04,台中市,大里區,188,48939,276.43
74656,2022-09-03,台中市,大里區,292,48751,270.86
75043,2022-09-02,台中市,大里區,307,48459,260.43
75429,2022-09-01,台中市,大里區,275,48152,248.86
75818,2022-08-31,台中市,大里區,272,47877,242.14
76205,2022-08-30,台中市,大里區,300,47605,233.00
76593,2022-08-29,台中市,大里區,301,47305,224.00
76983,2022-08-28,台中市,大里區,149,47004,211.00
77364,2022-08-27,台中市,大里區,219,46855,210.43
77751,2022-08-26,台中市,大里區,226,46636,207.71
78136,2022-08-25,台中市,大里區,228,46410,201.14
78522,2022-08-24,台中市,大里區,208,46182,199.71
78909,2022-08-23,台中市,大里區,237,45974,197.29
79292,2022-08-22,台中市,大里區,210,45737,195.43
79682,2022-08-21,台中市,大里區,145,45527,196.00
80057,2022-08-20,台中市,大里區,200,45382,194.00
80442,2022-08-19,台中市,大里區,180,45182,195.86
80826,2022-08-18,台中市,大里區,218,45002,199.86
81215,2022-08-17,台中市,大里區,191,44784,196.00
81600,2022-08-16,台中市,大里區,224,44593,194.86
81987,2022-08-15,台中市,大里區,214,44369,195.43
82374,2022-08-14,台中市,大里區,131,44155,192.86
82751,2022-08-13,台中市,大里區,213,44024,191.86
83130,2022-08-12,台中市,大里區,208,43811,187.57
83516,2022-08-11,台中市,大里區,191,43603,185.57
83902,2022-08-10,台中市,大里區,183,43412,187.43
84288,2022-08-09,台中市,大里區,228,43229,192.43
84670,2022-08-08,台中市,大里區,196,43001,186.14
85055,2022-08-07,台中市,大里區,124,42805,181.29
85428,2022-08-06,台中市,大里區,183,42681,182.29
85807,2022-08-05,台中市,大里區,194,42498,181.00
86194,2022-08-04,台中市,大里區,204,42304,178.43
86579,2022-08-03,台中市,大里區,218,42100,175.29
86962,2022-08-02,台中市,大里區,184,41882,169.86
87347,2022-08-01,台中市,大里區,162,41698,174.57
87735,2022-07-31,台中市,大里區,131,41536,181.57
88111,2022-07-30,台中市,大里區,174,41405,181.71
88490,2022-07-29,台中市,大里區,176,41231,183.43
88874,2022-07-28,台中市,大里區,182,41055,186.86
89260,2022-07-27,台中市,大里區,180,40873,188.71
89651,2022-07-26,台中市,大里區,217,40693,194.43
90038,2022-07-25,台中市,大里區,211,40476,195.43
90422,2022-07-24,台中市,大里區,132,40265,198.57
90800,2022-07-23,台中市,大里區,186,40133,200.29
91184,2022-07-22,台中市,大里區,200,39947,205.00
91570,2022-07-21,台中市,大里區,195,39747,205.43
91954,2022-07-20,台中市,大里區,220,39552,208.00
92341,2022-07-19,台中市,大里區,224,39332,211.14
92729,2022-07-18,台中市,大里區,233,39108,216.29
93118,2022-07-17,台中市,大里區,144,38875,220.71
93496,2022-07-16,台中市,大里區,219,38731,225.71
93883,2022-07-15,台中市,大里區,203,38512,228.86
94270,2022-07-14,台中市,大里區,213,38309,231.57
94658,2022-07-13,台中市,大里區,242,38096,241.00
95047,2022-07-12,台中市,大里區,260,37854,249.14
95435,2022-07-11,台中市,大里區,264,37594,262.43
95823,2022-07-10,台中市,大里區,179,37330,274.29
96206,2022-07-09,台中市,大里區,241,37151,283.71
96593,2022-07-08,台中市,大里區,222,36910,295.14
96984,2022-07-07,台中市,大里區,279,36688,317.29
97375,2022-07-06,台中市,大里區,299,36409,338.86
97764,2022-07-05,台中市,大里區,353,36110,367.71
98153,2022-07-04,台中市,大里區,347,35757,381.57
98542,2022-07-03,台中市,大里區,245,35410,413.57
98927,2022-07-02,台中市,大里區,321,35165,422.43
99315,2022-07-01,台中市,大里區,377,34844,439.86
99707,2022-06-30,台中市,大里區,430,34467,455.29
100098,2022-06-29,台中市,大里區,501,34037,486.29
100488,2022-06-28,台中市,大里區,450,33536,502.00
100879,2022-06-27,台中市,大里區,571,33086,530.43
101268,2022-06-26,台中市,大里區,307,32515,560.57
101653,2022-06-25,台中市,大里區,443,32208,571.71
102043,2022-06-24,台中市,大里區,485,31765,606.71
102434,2022-06-23,台中市,大里區,647,31280,625.43
102826,2022-06-22,台中市,大里區,611,30633,635.86
103216,2022-06-21,台中市,大里區,649,30022,661.86
103607,2022-06-20,台中市,大里區,782,29373,689.71
103998,2022-06-19,台中市,大里區,385,28591,711.14
104388,2022-06-18,台中市,大里區,688,28206,730.00
104779,2022-06-17,台中市,大里區,616,27518,760.71
105170,2022-06-16,台中市,大里區,720,26902,769.43
105560,2022-06-15,台中市,大里區,793,26182,799.71
105950,2022-06-14,台中市,大里區,844,25389,810.57
106341,2022-06-13,台中市,大里區,932,24545,825.14
106732,2022-06-12,台中市,大里區,517,23613,872.71
107119,2022-06-11,台中市,大里區,903,23096,866.43
107510,2022-06-10,台中市,大里區,677,22193,841.86
107899,2022-06-09,台中市,大里區,932,21516,844.29
108290,2022-06-08,台中市,大里區,869,20584,824.00
108678,2022-06-07,台中市,大里區,946,19715,822.57
109070,2022-06-06,台中市,大里區,1265,18769,816.29
109461,2022-06-05,台中市,大里區,473,17504,757.57
109850,2022-06-04,台中市,大里區,731,17031,776.71
110239,2022-06-03,台中市,大里區,694,16300,763.86
110631,2022-06-02,台中市,大里區,790,15606,764.57
111021,2022-06-01,台中市,大里區,859,14816,778.57
111412,2022-05-31,台中市,大里區,902,13957,765.86
111804,2022-05-30,台中市,大里區,854,13055,755.71
112194,2022-05-29,台中市,大里區,607,12201,734.86
112585,2022-05-28,台中市,大里區,641,11594,751.14
112975,2022-05-27,台中市,大里區,699,10953,749.57
113366,2022-05-26,台中市,大里區,888,10254,720.43
113757,2022-05-25,台中市,大里區,770,9366,661.57
114147,2022-05-24,台中市,大里區,831,8596,637.43
114538,2022-05-23,台中市,大里區,708,7765,588.57
114929,2022-05-22,台中市,大里區,721,7057,532.14
115320,2022-05-21,台中市,大里區,630,6336,485.71
115707,2022-05-20,台中市,大里區,495,5706,428.14
116093,2022-05-19,台中市,大里區,476,5211,400.86
116482,2022-05-18,台中市,大里區,601,4735,371.43
116872,2022-05-17,台中市,大里區,489,4134,324.43
117262,2022-05-16,台中市,大里區,313,3645,298.57
117650,2022-05-15,台中市,大里區,396,3332,276.14
118036,2022-05-14,台中市,大里區,227,2936,242.29
118419,2022-05-13,台中市,大里區,304,2709,233.29
118806,2022-05-12,台中市,大里區,270,2405,213.14
119190,2022-05-11,台中市,大里區,272,2135,194.29
119575,2022-05-10,台中市,大里區,308,1863,176.29
119960,2022-05-09,台中市,大里區,156,1555,149.57
120339,2022-05-08,台中市,大里區,159,1399,142.71
120724,2022-05-07,台中市,大里區,164,1240,126.86
121102,2022-05-06,台中市,大里區,163,1076,111.14
121480,2022-05-05,台中市,大里區,138,913,95.43
121853,2022-05-04,台中市,大里區,146,775,79.00
122213,2022-05-03,台中市,大里區,121,629,67.57
122572,2022-05-02,台中市,大里區,108,508,53.29
122923,2022-05-01,台中市,大里區,48,400,41.00
123259,2022-04-30,台中市,大里區,54,352,37.29
123592,2022-04-29,台中市,大里區,53,298,30.14
123909,2022-04-28,台中市,大里區,23,245,25.29
124222,2022-04-27,台中市,大里區,66,222,24.57
124522,2022-04-26,台中市,大里區,21,156,17.14
124814,2022-04-25,台中市,大里區,22,135,15.57
125087,2022-04-24,台中市,大里區,22,113,12.86
125336,2022-04-23,台中市,大里區,4,91,9.71
125581,2022-04-22,台中市,大里區,19,87,9.14
125829,2022-04-21,台中市,大里區,18,68,7.14
126059,2022-04-20,台中市,大里區,14,50,5.14
126276,2022-04-19,台中市,大里區,10,36,3.43
126474,2022-04-18,台中市,大里區,3,26,2.14
126974,2022-04-15,台中市,大里區,5,23,2.00
127150,2022-04-14,台中市,大里區,4,18,1.29
127317,2022-04-13,台中市,大里區,2,14,0.71
127467,2022-04-12,台中市,大里區,1,12,0.43
127615,2022-04-11,台中市,大里區,1,11,0.29
127753,2022-04-10,台中市,大里區,1,10,0.14
128553,2022-04-02,台中市,大里區,2,9,0.43
128680,2022-03-31,台中市,大里區,1,7,0.14
131600,2021-06-22,台中市,大里區,1,6,0.43
131638,2021-06-21,台中市,大里區,2,5,0.29
133546,2021-05-24,台中市,大里區,1,3,0.29
133929,2021-05-19,台中市,大里區,1,2,0.14
135124,2020-03-29,台中市,大里區,1,1,0.14
