UID,個案研判日,縣市別,區域,新增確診人數,累計確診人數,七天移動平均新增確診人數
247,2023-06-14,台中市,神岡區,5,27303,0.71
581,2023-03-21,台中市,神岡區,2,27298,16.57
837,2023-03-20,台中市,神岡區,8,27296,19.14
1153,2023-03-19,台中市,神岡區,5,27288,19.86
1486,2023-03-18,台中市,神岡區,15,27283,21.43
1839,2023-03-17,台中市,神岡區,30,27268,21.86
2186,2023-03-16,台中市,神岡區,28,27238,20.00
2539,2023-03-15,台中市,神岡區,28,27210,19.86
2892,2023-03-14,台中市,神岡區,20,27182,19.14
3250,2023-03-13,台中市,神岡區,13,27162,19.86
3600,2023-03-12,台中市,神岡區,16,27149,21.29
3955,2023-03-11,台中市,神岡區,18,27133,20.71
4305,2023-03-10,台中市,神岡區,17,27115,20.71
4661,2023-03-09,台中市,神岡區,27,27098,21.71
5019,2023-03-08,台中市,神岡區,23,27071,24.00
5373,2023-03-07,台中市,神岡區,25,27048,24.71
5738,2023-03-06,台中市,神岡區,23,27023,26.43
6089,2023-03-05,台中市,神岡區,12,27000,26.43
6435,2023-03-04,台中市,神岡區,18,26988,27.86
6791,2023-03-03,台中市,神岡區,24,26970,29.57
7153,2023-03-02,台中市,神岡區,43,26946,30.86
7518,2023-03-01,台中市,神岡區,28,26903,28.29
7888,2023-02-28,台中市,神岡區,37,26875,29.29
8249,2023-02-27,台中市,神岡區,23,26838,28.43
8595,2023-02-26,台中市,神岡區,22,26815,30.14
8958,2023-02-25,台中市,神岡區,30,26793,32.14
9322,2023-02-24,台中市,神岡區,33,26763,33.57
9688,2023-02-23,台中市,神岡區,25,26730,33.71
10060,2023-02-22,台中市,神岡區,35,26705,36.00
10433,2023-02-21,台中市,神岡區,31,26670,36.29
10806,2023-02-20,台中市,神岡區,35,26639,39.00
11172,2023-02-19,台中市,神岡區,36,26604,41.71
11538,2023-02-18,台中市,神岡區,40,26568,40.14
11908,2023-02-17,台中市,神岡區,34,26528,41.71
12281,2023-02-16,台中市,神岡區,41,26494,44.14
12656,2023-02-15,台中市,神岡區,37,26453,44.43
13031,2023-02-14,台中市,神岡區,50,26416,45.71
13403,2023-02-13,台中市,神岡區,54,26366,46.00
13774,2023-02-12,台中市,神岡區,25,26312,47.57
14139,2023-02-11,台中市,神岡區,51,26287,50.57
14508,2023-02-10,台中市,神岡區,51,26236,52.00
14880,2023-02-09,台中市,神岡區,43,26185,55.43
15262,2023-02-08,台中市,神岡區,46,26142,59.29
15641,2023-02-07,台中市,神岡區,52,26096,63.00
16021,2023-02-06,台中市,神岡區,65,26044,68.43
16395,2023-02-05,台中市,神岡區,46,25979,70.43
16769,2023-02-04,台中市,神岡區,61,25933,73.00
17149,2023-02-03,台中市,神岡區,75,25872,72.43
17536,2023-02-02,台中市,神岡區,70,25797,71.14
17916,2023-02-01,台中市,神岡區,72,25727,69.00
18298,2023-01-31,台中市,神岡區,90,25655,65.29
18683,2023-01-30,台中市,神岡區,79,25565,55.29
19068,2023-01-29,台中市,神岡區,64,25486,49.00
19446,2023-01-28,台中市,神岡區,57,25422,43.29
19822,2023-01-27,台中市,神岡區,66,25365,42.00
20200,2023-01-26,台中市,神岡區,55,25299,38.86
20571,2023-01-25,台中市,神岡區,46,25244,36.29
20941,2023-01-24,台中市,神岡區,20,25198,33.86
21309,2023-01-23,台中市,神岡區,35,25178,37.43
21679,2023-01-22,台中市,神岡區,24,25143,39.43
22047,2023-01-21,台中市,神岡區,48,25119,40.29
22417,2023-01-20,台中市,神岡區,44,25071,40.86
22784,2023-01-19,台中市,神岡區,37,25027,42.00
23157,2023-01-18,台中市,神岡區,29,24990,45.86
23522,2023-01-17,台中市,神岡區,45,24961,50.29
23892,2023-01-16,台中市,神岡區,49,24916,51.14
24266,2023-01-15,台中市,神岡區,30,24867,50.57
24632,2023-01-14,台中市,神岡區,52,24837,54.29
25000,2023-01-13,台中市,神岡區,52,24785,55.00
25374,2023-01-12,台中市,神岡區,64,24733,54.43
25745,2023-01-11,台中市,神岡區,60,24669,55.00
26122,2023-01-10,台中市,神岡區,51,24609,58.86
26497,2023-01-09,台中市,神岡區,45,24558,63.29
26865,2023-01-08,台中市,神岡區,56,24513,65.29
27228,2023-01-07,台中市,神岡區,57,24457,63.14
27601,2023-01-06,台中市,神岡區,48,24400,64.86
27981,2023-01-05,台中市,神岡區,68,24352,66.57
28361,2023-01-04,台中市,神岡區,87,24284,66.14
28742,2023-01-03,台中市,神岡區,82,24197,62.29
29120,2023-01-02,台中市,神岡區,59,24115,64.14
29489,2023-01-01,台中市,神岡區,41,24056,62.14
29852,2022-12-31,台中市,神岡區,69,24015,62.29
30217,2022-12-30,台中市,神岡區,60,23946,62.43
30591,2022-12-29,台中市,神岡區,65,23886,59.43
30964,2022-12-28,台中市,神岡區,60,23821,55.43
31338,2022-12-27,台中市,神岡區,95,23761,53.29
31711,2022-12-26,台中市,神岡區,45,23666,46.86
32072,2022-12-25,台中市,神岡區,42,23621,46.57
32432,2022-12-24,台中市,神岡區,70,23579,44.29
32791,2022-12-23,台中市,神岡區,39,23509,38.71
33158,2022-12-22,台中市,神岡區,37,23470,38.86
33526,2022-12-21,台中市,神岡區,45,23433,38.57
33893,2022-12-20,台中市,神岡區,50,23388,39.57
34259,2022-12-19,台中市,神岡區,43,23338,37.29
34616,2022-12-18,台中市,神岡區,26,23295,33.71
34974,2022-12-17,台中市,神岡區,31,23269,35.86
35340,2022-12-16,台中市,神岡區,40,23238,36.57
35703,2022-12-15,台中市,神岡區,35,23198,35.14
36067,2022-12-14,台中市,神岡區,52,23163,34.14
36433,2022-12-13,台中市,神岡區,34,23111,31.00
36811,2022-12-12,台中市,神岡區,18,23077,31.57
37166,2022-12-11,台中市,神岡區,41,23059,33.57
37530,2022-12-10,台中市,神岡區,36,23018,31.43
37897,2022-12-09,台中市,神岡區,30,22982,29.43
38268,2022-12-08,台中市,神岡區,28,22952,28.86
38643,2022-12-07,台中市,神岡區,30,22924,30.00
39008,2022-12-06,台中市,神岡區,38,22894,31.57
39384,2022-12-05,台中市,神岡區,32,22856,33.00
39756,2022-12-04,台中市,神岡區,26,22824,36.00
40124,2022-12-03,台中市,神岡區,22,22798,36.14
40492,2022-12-02,台中市,神岡區,26,22776,36.43
40861,2022-12-01,台中市,神岡區,36,22750,40.43
41235,2022-11-30,台中市,神岡區,41,22714,41.86
41609,2022-11-29,台中市,神岡區,48,22673,44.00
41988,2022-11-28,台中市,神岡區,53,22625,45.43
42360,2022-11-27,台中市,神岡區,27,22572,44.86
42715,2022-11-26,台中市,神岡區,24,22545,44.43
43080,2022-11-25,台中市,神岡區,54,22521,52.71
43450,2022-11-24,台中市,神岡區,46,22467,51.86
43817,2022-11-23,台中市,神岡區,56,22421,51.43
44192,2022-11-22,台中市,神岡區,58,22365,57.00
44570,2022-11-21,台中市,神岡區,49,22307,55.29
44944,2022-11-20,台中市,神岡區,24,22258,56.57
45312,2022-11-19,台中市,神岡區,82,22234,62.29
45683,2022-11-18,台中市,神岡區,48,22152,60.00
46056,2022-11-17,台中市,神岡區,43,22104,62.43
46432,2022-11-16,台中市,神岡區,95,22061,61.43
46814,2022-11-15,台中市,神岡區,46,21966,60.14
47193,2022-11-14,台中市,神岡區,58,21920,63.71
47569,2022-11-13,台中市,神岡區,64,21862,68.57
47941,2022-11-12,台中市,神岡區,66,21798,70.00
48320,2022-11-11,台中市,神岡區,65,21732,71.14
48701,2022-11-10,台中市,神岡區,36,21667,70.14
49084,2022-11-09,台中市,神岡區,86,21631,77.86
49470,2022-11-08,台中市,神岡區,71,21545,77.57
49854,2022-11-07,台中市,神岡區,92,21474,80.29
50230,2022-11-06,台中市,神岡區,74,21382,84.71
50602,2022-11-05,台中市,神岡區,74,21308,83.71
50987,2022-11-04,台中市,神岡區,58,21234,87.00
51369,2022-11-03,台中市,神岡區,90,21176,90.57
51749,2022-11-02,台中市,神岡區,84,21086,89.57
52137,2022-11-01,台中市,神岡區,90,21002,93.14
52519,2022-10-31,台中市,神岡區,123,20912,92.43
52901,2022-10-30,台中市,神岡區,67,20789,90.14
53280,2022-10-29,台中市,神岡區,97,20722,89.29
53663,2022-10-28,台中市,神岡區,83,20625,86.86
54049,2022-10-27,台中市,神岡區,83,20542,87.00
54434,2022-10-26,台中市,神岡區,109,20459,88.86
54821,2022-10-25,台中市,神岡區,85,20350,91.71
55212,2022-10-24,台中市,神岡區,107,20265,95.29
55595,2022-10-23,台中市,神岡區,61,20158,93.43
55978,2022-10-22,台中市,神岡區,80,20097,93.43
56364,2022-10-21,台中市,神岡區,84,20017,93.71
56750,2022-10-20,台中市,神岡區,96,19933,97.14
57137,2022-10-19,台中市,神岡區,129,19837,101.43
57525,2022-10-18,台中市,神岡區,110,19708,97.00
57915,2022-10-17,台中市,神岡區,94,19598,99.57
58303,2022-10-16,台中市,神岡區,61,19504,103.57
58689,2022-10-15,台中市,神岡區,82,19443,107.86
59075,2022-10-14,台中市,神岡區,108,19361,108.43
59464,2022-10-13,台中市,神岡區,126,19253,106.00
59855,2022-10-12,台中市,神岡區,98,19127,104.00
60245,2022-10-11,台中市,神岡區,128,19029,107.71
60635,2022-10-10,台中市,神岡區,122,18901,110.14
61018,2022-10-09,台中市,神岡區,91,18779,105.57
61406,2022-10-08,台中市,神岡區,86,18688,105.57
61796,2022-10-07,台中市,神岡區,91,18602,106.14
62183,2022-10-06,台中市,神岡區,112,18511,111.14
62574,2022-10-05,台中市,神岡區,124,18399,110.71
62961,2022-10-04,台中市,神岡區,145,18275,113.29
63350,2022-10-03,台中市,神岡區,90,18130,109.43
63739,2022-10-02,台中市,神岡區,91,18040,118.43
64121,2022-10-01,台中市,神岡區,90,17949,116.29
64506,2022-09-30,台中市,神岡區,126,17859,119.14
64892,2022-09-29,台中市,神岡區,109,17733,115.71
65280,2022-09-28,台中市,神岡區,142,17624,117.57
65668,2022-09-27,台中市,神岡區,118,17482,113.43
66054,2022-09-26,台中市,神岡區,153,17364,116.29
66441,2022-09-25,台中市,神岡區,76,17211,111.57
66824,2022-09-24,台中市,神岡區,110,17135,110.71
67211,2022-09-23,台中市,神岡區,102,17025,113.14
67598,2022-09-22,台中市,神岡區,122,16923,113.57
67987,2022-09-21,台中市,神岡區,113,16801,116.43
68375,2022-09-20,台中市,神岡區,138,16688,119.86
68766,2022-09-19,台中市,神岡區,120,16550,125.14
69155,2022-09-18,台中市,神岡區,70,16430,126.00
69538,2022-09-17,台中市,神岡區,127,16360,122.71
69926,2022-09-16,台中市,神岡區,105,16233,118.57
70310,2022-09-15,台中市,神岡區,142,16128,121.29
70697,2022-09-14,台中市,神岡區,137,15986,111.14
71083,2022-09-13,台中市,神岡區,175,15849,106.71
71473,2022-09-12,台中市,神岡區,126,15674,91.86
71860,2022-09-11,台中市,神岡區,47,15548,88.14
72242,2022-09-10,台中市,神岡區,98,15501,89.29
72624,2022-09-09,台中市,神岡區,124,15403,88.57
73007,2022-09-08,台中市,神岡區,71,15279,80.86
73394,2022-09-07,台中市,神岡區,106,15208,84.43
73778,2022-09-06,台中市,神岡區,71,15102,82.86
74165,2022-09-05,台中市,神岡區,100,15031,82.14
74549,2022-09-04,台中市,神岡區,55,14931,79.86
74933,2022-09-03,台中市,神岡區,93,14876,78.71
75320,2022-09-02,台中市,神岡區,70,14783,75.00
75707,2022-09-01,台中市,神岡區,96,14713,73.00
76096,2022-08-31,台中市,神岡區,95,14617,68.29
76483,2022-08-30,台中市,神岡區,66,14522,62.29
76871,2022-08-29,台中市,神岡區,84,14456,62.71
77258,2022-08-28,台中市,神岡區,47,14372,61.00
77643,2022-08-27,台中市,神岡區,67,14325,61.71
78029,2022-08-26,台中市,神岡區,56,14258,61.57
78413,2022-08-25,台中市,神岡區,63,14202,63.71
78798,2022-08-24,台中市,神岡區,53,14139,64.29
79185,2022-08-23,台中市,神岡區,69,14086,64.86
79570,2022-08-22,台中市,神岡區,72,14017,64.14
79954,2022-08-21,台中市,神岡區,52,13945,61.00
80334,2022-08-20,台中市,神岡區,66,13893,58.14
80718,2022-08-19,台中市,神岡區,71,13827,56.57
81104,2022-08-18,台中市,神岡區,67,13756,53.57
81493,2022-08-17,台中市,神岡區,57,13689,53.43
81878,2022-08-16,台中市,神岡區,64,13632,52.43
82265,2022-08-15,台中市,神岡區,50,13568,53.00
82647,2022-08-14,台中市,神岡區,32,13518,54.29
83025,2022-08-13,台中市,神岡區,55,13486,53.57
83407,2022-08-12,台中市,神岡區,50,13431,53.14
83791,2022-08-11,台中市,神岡區,66,13381,55.86
84178,2022-08-10,台中市,神岡區,50,13315,56.43
84561,2022-08-09,台中市,神岡區,68,13265,58.43
84947,2022-08-08,台中市,神岡區,59,13197,59.57
85326,2022-08-07,台中市,神岡區,27,13138,61.71
85701,2022-08-06,台中市,神岡區,52,13111,64.29
86085,2022-08-05,台中市,神岡區,69,13059,67.57
86471,2022-08-04,台中市,神岡區,70,12990,67.86
86856,2022-08-03,台中市,神岡區,64,12920,65.14
87238,2022-08-02,台中市,神岡區,76,12856,66.29
87625,2022-08-01,台中市,神岡區,74,12780,65.86
88008,2022-07-31,台中市,神岡區,45,12706,65.86
88385,2022-07-30,台中市,神岡區,75,12661,65.14
88766,2022-07-29,台中市,神岡區,71,12586,60.43
89152,2022-07-28,台中市,神岡區,51,12515,58.14
89539,2022-07-27,台中市,神岡區,72,12464,60.57
89927,2022-07-26,台中市,神岡區,73,12392,59.29
90315,2022-07-25,台中市,神岡區,74,12319,59.71
90696,2022-07-24,台中市,神岡區,40,12245,61.14
91076,2022-07-23,台中市,神岡區,42,12205,61.71
91462,2022-07-22,台中市,神岡區,55,12163,63.86
91848,2022-07-21,台中市,神岡區,68,12108,65.71
92230,2022-07-20,台中市,神岡區,63,12040,63.14
92619,2022-07-19,台中市,神岡區,76,11977,64.14
93008,2022-07-18,台中市,神岡區,84,11901,63.43
93394,2022-07-17,台中市,神岡區,44,11817,63.86
93773,2022-07-16,台中市,神岡區,57,11773,65.14
94161,2022-07-15,台中市,神岡區,68,11716,67.71
94548,2022-07-14,台中市,神岡區,50,11648,71.00
94937,2022-07-13,台中市,神岡區,70,11598,76.71
95324,2022-07-12,台中市,神岡區,71,11528,80.57
95713,2022-07-11,台中市,神岡區,87,11457,87.71
96099,2022-07-10,台中市,神岡區,53,11370,91.57
96485,2022-07-09,台中市,神岡區,75,11317,94.00
96872,2022-07-08,台中市,神岡區,91,11242,104.71
97263,2022-07-07,台中市,神岡區,90,11151,105.00
97652,2022-07-06,台中市,神岡區,97,11061,111.00
98042,2022-07-05,台中市,神岡區,121,10964,115.57
98431,2022-07-04,台中市,神岡區,114,10843,120.00
98821,2022-07-03,台中市,神岡區,70,10729,120.86
99203,2022-07-02,台中市,神岡區,150,10659,120.43
99594,2022-07-01,台中市,神岡區,93,10509,122.14
99986,2022-06-30,台中市,神岡區,132,10416,129.43
100377,2022-06-29,台中市,神岡區,129,10284,126.71
100767,2022-06-28,台中市,神岡區,152,10155,133.57
101158,2022-06-27,台中市,神岡區,120,10003,138.86
101544,2022-06-26,台中市,神岡區,67,9883,148.14
101931,2022-06-25,台中市,神岡區,162,9816,156.71
102320,2022-06-24,台中市,神岡區,144,9654,166.57
102712,2022-06-23,台中市,神岡區,113,9510,178.29
103105,2022-06-22,台中市,神岡區,177,9397,188.57
103494,2022-06-21,台中市,神岡區,189,9220,201.57
103886,2022-06-20,台中市,神岡區,185,9031,212.86
104276,2022-06-19,台中市,神岡區,127,8846,223.43
104667,2022-06-18,台中市,神岡區,231,8719,235.43
105058,2022-06-17,台中市,神岡區,226,8488,250.14
105448,2022-06-16,台中市,神岡區,185,8262,244.57
105838,2022-06-15,台中市,神岡區,268,8077,252.14
106228,2022-06-14,台中市,神岡區,268,7809,248.71
106620,2022-06-13,台中市,神岡區,259,7541,255.14
107010,2022-06-12,台中市,神岡區,211,7282,262.86
107397,2022-06-11,台中市,神岡區,334,7071,259.86
107789,2022-06-10,台中市,神岡區,187,6737,244.43
108178,2022-06-09,台中市,神岡區,238,6550,255.29
108567,2022-06-08,台中市,神岡區,244,6312,252.29
108957,2022-06-07,台中市,神岡區,313,6068,248.57
109349,2022-06-06,台中市,神岡區,313,5755,246.29
109739,2022-06-05,台中市,神岡區,190,5442,231.57
110128,2022-06-04,台中市,神岡區,226,5252,231.14
110518,2022-06-03,台中市,神岡區,263,5026,227.00
110909,2022-06-02,台中市,神岡區,217,4763,218.43
111299,2022-06-01,台中市,神岡區,218,4546,237.57
111691,2022-05-31,台中市,神岡區,297,4328,237.57
112082,2022-05-30,台中市,神岡區,210,4031,231.14
112473,2022-05-29,台中市,神岡區,187,3821,230.00
112863,2022-05-28,台中市,神岡區,197,3634,221.29
113254,2022-05-27,台中市,神岡區,203,3437,217.57
113644,2022-05-26,台中市,神岡區,351,3234,215.14
114035,2022-05-25,台中市,神岡區,218,2883,191.86
114425,2022-05-24,台中市,神岡區,252,2665,177.71
114817,2022-05-23,台中市,神岡區,202,2413,166.86
115208,2022-05-22,台中市,神岡區,126,2211,152.43
115599,2022-05-21,台中市,神岡區,171,2085,145.43
115984,2022-05-20,台中市,神岡區,186,1914,134.29
116372,2022-05-19,台中市,神岡區,188,1728,122.71
116760,2022-05-18,台中市,神岡區,119,1540,110.71
117151,2022-05-17,台中市,神岡區,176,1421,104.57
117539,2022-05-16,台中市,神岡區,101,1245,96.71
117927,2022-05-15,台中市,神岡區,77,1144,89.71
118311,2022-05-14,台中市,神岡區,93,1067,86.57
118696,2022-05-13,台中市,神岡區,105,974,84.14
119084,2022-05-12,台中市,神岡區,104,869,79.43
119466,2022-05-11,台中市,神岡區,76,765,72.43
119853,2022-05-10,台中市,神岡區,121,689,69.29
120235,2022-05-09,台中市,神岡區,52,568,58.86
120615,2022-05-08,台中市,神岡區,55,516,56.14
121001,2022-05-07,台中市,神岡區,76,461,50.86
121379,2022-05-06,台中市,神岡區,72,385,44.00
121753,2022-05-05,台中市,神岡區,55,313,37.29
122120,2022-05-04,台中市,神岡區,54,258,31.86
122482,2022-05-03,台中市,神岡區,48,204,26.14
122837,2022-05-02,台中市,神岡區,33,156,20.43
123176,2022-05-01,台中市,神岡區,18,123,16.14
123512,2022-04-30,台中市,神岡區,28,105,13.71
123836,2022-04-29,台中市,神岡區,25,77,10.43
124149,2022-04-28,台中市,神岡區,17,52,7.14
124454,2022-04-27,台中市,神岡區,14,35,4.86
124749,2022-04-26,台中市,神岡區,8,21,2.86
125027,2022-04-25,台中市,神岡區,3,13,1.71
125285,2022-04-24,台中市,神岡區,1,10,1.29
125524,2022-04-23,台中市,神岡區,5,9,1.29
125772,2022-04-22,台中市,神岡區,2,4,0.57
126011,2022-04-21,台中市,神岡區,1,2,0.29
126782,2022-04-17,台中市,神岡區,1,1,0.14
