UID,個案研判日,縣市別,區域,新增確診人數,累計確診人數,七天移動平均新增確診人數
209,2023-06-14,台中市,后里區,1,20917,0.14
558,2023-03-21,台中市,后里區,1,20916,10.14
787,2023-03-20,台中市,后里區,7,20915,12.43
1089,2023-03-19,台中市,后里區,10,20908,13.29
1422,2023-03-18,台中市,后里區,9,20898,13.29
1767,2023-03-17,台中市,后里區,18,20889,13.43
2119,2023-03-16,台中市,后里區,12,20871,13.00
2472,2023-03-15,台中市,后里區,14,20859,12.57
2822,2023-03-14,台中市,后里區,17,20845,12.43
3180,2023-03-13,台中市,后里區,13,20828,13.86
3535,2023-03-12,台中市,后里區,10,20815,13.86
3885,2023-03-11,台中市,后里區,10,20805,14.71
4234,2023-03-10,台中市,后里區,15,20795,14.71
4592,2023-03-09,台中市,后里區,9,20780,15.00
4948,2023-03-08,台中市,后里區,13,20771,16.14
5304,2023-03-07,台中市,后里區,27,20758,18.57
5666,2023-03-06,台中市,后里區,13,20731,19.14
6025,2023-03-05,台中市,后里區,16,20718,18.86
6366,2023-03-04,台中市,后里區,10,20702,20.14
6720,2023-03-03,台中市,后里區,17,20692,20.29
7081,2023-03-02,台中市,后里區,17,20675,21.43
7444,2023-03-01,台中市,后里區,30,20658,22.00
7815,2023-02-28,台中市,后里區,31,20628,20.29
8181,2023-02-27,台中市,后里區,11,20597,19.43
8532,2023-02-26,台中市,后里區,25,20586,22.14
8884,2023-02-25,台中市,后里區,11,20561,23.00
9253,2023-02-24,台中市,后里區,25,20550,26.43
9616,2023-02-23,台中市,后里區,21,20525,27.43
9986,2023-02-22,台中市,后里區,18,20504,28.29
10359,2023-02-21,台中市,后里區,25,20486,31.43
10731,2023-02-20,台中市,后里區,30,20461,36.00
11105,2023-02-19,台中市,后里區,31,20431,36.14
11467,2023-02-18,台中市,后里區,35,20400,36.43
11832,2023-02-17,台中市,后里區,32,20365,38.00
12208,2023-02-16,台中市,后里區,27,20333,37.86
12582,2023-02-15,台中市,后里區,40,20306,38.29
12956,2023-02-14,台中市,后里區,57,20266,39.71
13327,2023-02-13,台中市,后里區,31,20209,41.43
13705,2023-02-12,台中市,后里區,33,20178,43.29
14064,2023-02-11,台中市,后里區,46,20145,42.00
14433,2023-02-10,台中市,后里區,31,20099,39.71
14808,2023-02-09,台中市,后里區,30,20068,43.29
15187,2023-02-08,台中市,后里區,50,20038,44.43
15564,2023-02-07,台中市,后里區,69,19988,43.29
15944,2023-02-06,台中市,后里區,44,19919,43.00
16320,2023-02-05,台中市,后里區,24,19875,41.71
16694,2023-02-04,台中市,后里區,30,19851,47.86
17073,2023-02-03,台中市,后里區,56,19821,48.29
17459,2023-02-02,台中市,后里區,38,19765,45.29
17840,2023-02-01,台中市,后里區,42,19727,45.00
18220,2023-01-31,台中市,后里區,67,19685,42.86
18605,2023-01-30,台中市,后里區,35,19618,37.00
18991,2023-01-29,台中市,后里區,67,19583,34.29
19369,2023-01-28,台中市,后里區,33,19516,27.29
19745,2023-01-27,台中市,后里區,35,19483,26.00
20126,2023-01-26,台中市,后里區,36,19448,26.14
20498,2023-01-25,台中市,后里區,27,19412,24.29
20866,2023-01-24,台中市,后里區,26,19385,24.57
21238,2023-01-23,台中市,后里區,16,19359,26.43
21608,2023-01-22,台中市,后里區,18,19343,28.43
21974,2023-01-21,台中市,后里區,24,19325,33.71
22347,2023-01-20,台中市,后里區,36,19301,34.14
22712,2023-01-19,台中市,后里區,23,19265,35.57
23085,2023-01-18,台中市,后里區,29,19242,35.43
23451,2023-01-17,台中市,后里區,39,19213,37.43
23818,2023-01-16,台中市,后里區,30,19174,39.86
24196,2023-01-15,台中市,后里區,55,19144,40.29
24559,2023-01-14,台中市,后里區,27,19089,37.71
24926,2023-01-13,台中市,后里區,46,19062,42.86
25297,2023-01-12,台中市,后里區,22,19016,41.14
25671,2023-01-11,台中市,后里區,43,18994,44.29
26047,2023-01-10,台中市,后里區,56,18951,46.14
26420,2023-01-09,台中市,后里區,33,18895,50.86
26794,2023-01-08,台中市,后里區,37,18862,49.86
27155,2023-01-07,台中市,后里區,63,18825,48.57
27528,2023-01-06,台中市,后里區,34,18762,45.14
27905,2023-01-05,台中市,后里區,44,18728,47.29
28283,2023-01-04,台中市,后里區,56,18684,51.00
28665,2023-01-03,台中市,后里區,89,18628,48.29
29045,2023-01-02,台中市,后里區,26,18539,43.43
29418,2023-01-01,台中市,后里區,28,18513,42.71
29778,2022-12-31,台中市,后里區,39,18485,45.29
30145,2022-12-30,台中市,后里區,49,18446,44.00
30519,2022-12-29,台中市,后里區,70,18397,42.43
30891,2022-12-28,台中市,后里區,37,18327,37.43
31260,2022-12-27,台中市,后里區,55,18290,38.14
31635,2022-12-26,台中市,后里區,21,18235,36.43
32004,2022-12-25,台中市,后里區,46,18214,37.57
32362,2022-12-24,台中市,后里區,30,18168,35.43
32721,2022-12-23,台中市,后里區,38,18138,37.14
33088,2022-12-22,台中市,后里區,35,18100,36.29
33453,2022-12-21,台中市,后里區,42,18065,38.57
33821,2022-12-20,台中市,后里區,43,18023,41.57
34186,2022-12-19,台中市,后里區,29,17980,42.71
34554,2022-12-18,台中市,后里區,31,17951,44.14
34905,2022-12-17,台中市,后里區,42,17920,45.57
35266,2022-12-16,台中市,后里區,32,17878,42.57
35629,2022-12-15,台中市,后里區,51,17846,43.43
35999,2022-12-14,台中市,后里區,63,17795,37.86
36359,2022-12-13,台中市,后里區,51,17732,32.86
36737,2022-12-12,台中市,后里區,39,17681,29.57
37101,2022-12-11,台中市,后里區,41,17642,27.29
37459,2022-12-10,台中市,后里區,21,17601,28.43
37826,2022-12-09,台中市,后里區,38,17580,27.43
38192,2022-12-08,台中市,后里區,12,17542,26.43
38566,2022-12-07,台中市,后里區,28,17530,28.57
38934,2022-12-06,台中市,后里區,28,17502,29.14
39309,2022-12-05,台中市,后里區,23,17474,32.14
39686,2022-12-04,台中市,后里區,49,17451,32.86
40052,2022-12-03,台中市,后里區,14,17402,29.57
40421,2022-12-02,台中市,后里區,31,17388,30.14
40787,2022-12-01,台中市,后里區,27,17357,28.14
41160,2022-11-30,台中市,后里區,32,17330,29.00
41533,2022-11-29,台中市,后里區,49,17298,29.29
41912,2022-11-28,台中市,后里區,28,17249,27.00
42290,2022-11-27,台中市,后里區,26,17221,27.14
42645,2022-11-26,台中市,后里區,18,17195,28.14
43007,2022-11-25,台中市,后里區,17,17177,29.57
43376,2022-11-24,台中市,后里區,33,17160,33.14
43745,2022-11-23,台中市,后里區,34,17127,32.29
44118,2022-11-22,台中市,后里區,33,17093,34.00
44495,2022-11-21,台中市,后里區,29,17060,36.86
44874,2022-11-20,台中市,后里區,33,17031,36.57
45241,2022-11-19,台中市,后里區,28,16998,38.57
45612,2022-11-18,台中市,后里區,42,16970,41.14
45985,2022-11-17,台中市,后里區,27,16928,41.00
46359,2022-11-16,台中市,后里區,46,16901,43.57
46740,2022-11-15,台中市,后里區,53,16855,43.57
47119,2022-11-14,台中市,后里區,27,16802,46.43
47497,2022-11-13,台中市,后里區,47,16775,49.43
47869,2022-11-12,台中市,后里區,46,16728,49.14
48247,2022-11-11,台中市,后里區,41,16682,50.00
48624,2022-11-10,台中市,后里區,45,16641,50.86
49009,2022-11-09,台中市,后里區,46,16596,53.43
49395,2022-11-08,台中市,后里區,73,16550,57.14
49780,2022-11-07,台中市,后里區,48,16477,57.57
50160,2022-11-06,台中市,后里區,45,16429,61.86
50529,2022-11-05,台中市,后里區,52,16384,66.00
50909,2022-11-04,台中市,后里區,47,16332,69.00
51294,2022-11-03,台中市,后里區,63,16285,71.29
51673,2022-11-02,台中市,后里區,72,16222,78.57
52061,2022-11-01,台中市,后里區,76,16150,84.29
52444,2022-10-31,台中市,后里區,78,16074,86.43
52828,2022-10-30,台中市,后里區,74,15996,87.43
53204,2022-10-29,台中市,后里區,73,15922,89.29
53587,2022-10-28,台中市,后里區,63,15849,91.86
53974,2022-10-27,台中市,后里區,114,15786,94.57
54357,2022-10-26,台中市,后里區,112,15672,91.29
54743,2022-10-25,台中市,后里區,91,15560,92.14
55134,2022-10-24,台中市,后里區,85,15469,99.14
55522,2022-10-23,台中市,后里區,87,15384,103.00
55900,2022-10-22,台中市,后里區,91,15297,103.14
56286,2022-10-21,台中市,后里區,82,15206,103.43
56675,2022-10-20,台中市,后里區,91,15124,106.00
57060,2022-10-19,台中市,后里區,118,15033,108.86
57447,2022-10-18,台中市,后里區,140,14915,113.29
57837,2022-10-17,台中市,后里區,112,14775,106.57
58226,2022-10-16,台中市,后里區,88,14663,102.00
58611,2022-10-15,台中市,后里區,93,14575,103.57
58997,2022-10-14,台中市,后里區,100,14482,101.00
59386,2022-10-13,台中市,后里區,111,14382,101.57
59777,2022-10-12,台中市,后里區,149,14271,103.29
60167,2022-10-11,台中市,后里區,93,14122,99.43
60557,2022-10-10,台中市,后里區,80,14029,107.86
60941,2022-10-09,台中市,后里區,99,13949,107.29
61329,2022-10-08,台中市,后里區,75,13850,109.00
61718,2022-10-07,台中市,后里區,104,13775,112.57
62105,2022-10-06,台中市,后里區,123,13671,117.43
62496,2022-10-05,台中市,后里區,122,13548,112.14
62884,2022-10-04,台中市,后里區,152,13426,113.29
63272,2022-10-03,台中市,后里區,76,13274,107.14
63663,2022-10-02,台中市,后里區,111,13198,113.86
64043,2022-10-01,台中市,后里區,100,13087,109.57
64429,2022-09-30,台中市,后里區,138,12987,108.43
64815,2022-09-29,台中市,后里區,86,12849,98.29
65203,2022-09-28,台中市,后里區,130,12763,99.86
65590,2022-09-27,台中市,后里區,109,12633,92.43
65977,2022-09-26,台中市,后里區,123,12524,92.14
66364,2022-09-25,台中市,后里區,81,12401,89.86
66748,2022-09-24,台中市,后里區,92,12320,91.29
67133,2022-09-23,台中市,后里區,67,12228,88.43
67521,2022-09-22,台中市,后里區,97,12161,91.71
67909,2022-09-21,台中市,后里區,78,12064,91.57
68298,2022-09-20,台中市,后里區,107,11986,94.71
68688,2022-09-19,台中市,后里區,107,11879,97.43
69078,2022-09-18,台中市,后里區,91,11772,97.14
69461,2022-09-17,台中市,后里區,72,11681,91.29
69848,2022-09-16,台中市,后里區,90,11609,93.57
70233,2022-09-15,台中市,后里區,96,11519,90.86
70620,2022-09-14,台中市,后里區,100,11423,84.29
71006,2022-09-13,台中市,后里區,126,11323,82.00
71395,2022-09-12,台中市,后里區,105,11197,78.57
71783,2022-09-11,台中市,后里區,50,11092,71.29
72165,2022-09-10,台中市,后里區,88,11042,70.71
72548,2022-09-09,台中市,后里區,71,10954,68.00
72930,2022-09-08,台中市,后里區,50,10883,67.57
73317,2022-09-07,台中市,后里區,84,10833,73.57
73701,2022-09-06,台中市,后里區,102,10749,71.57
74087,2022-09-05,台中市,后里區,54,10647,67.71
74472,2022-09-04,台中市,后里區,46,10593,69.00
74855,2022-09-03,台中市,后里區,69,10547,68.00
75243,2022-09-02,台中市,后里區,68,10478,65.00
75629,2022-09-01,台中市,后里區,92,10410,62.00
76018,2022-08-31,台中市,后里區,70,10318,58.29
76405,2022-08-30,台中市,后里區,75,10248,54.00
76793,2022-08-29,台中市,后里區,63,10173,49.43
77181,2022-08-28,台中市,后里區,39,10110,46.14
77565,2022-08-27,台中市,后里區,48,10071,45.14
77951,2022-08-26,台中市,后里區,47,10023,43.43
78335,2022-08-25,台中市,后里區,66,9976,44.86
78721,2022-08-24,台中市,后里區,40,9910,40.57
79108,2022-08-23,台中市,后里區,43,9870,41.14
79492,2022-08-22,台中市,后里區,40,9827,42.29
79878,2022-08-21,台中市,后里區,32,9787,42.00
80257,2022-08-20,台中市,后里區,36,9755,44.14
80641,2022-08-19,台中市,后里區,57,9719,44.43
81026,2022-08-18,台中市,后里區,36,9662,44.43
81415,2022-08-17,台中市,后里區,44,9626,47.86
81800,2022-08-16,台中市,后里區,51,9582,47.57
82187,2022-08-15,台中市,后里區,38,9531,45.29
82572,2022-08-14,台中市,后里區,47,9493,47.71
82948,2022-08-13,台中市,后里區,38,9446,47.14
83329,2022-08-12,台中市,后里區,57,9408,46.86
83714,2022-08-11,台中市,后里區,60,9351,42.29
84101,2022-08-10,台中市,后里區,42,9291,41.86
84486,2022-08-09,台中市,后里區,35,9249,43.86
84869,2022-08-08,台中市,后里區,55,9214,46.00
85250,2022-08-07,台中市,后里區,43,9159,47.29
85625,2022-08-06,台中市,后里區,36,9116,46.43
86007,2022-08-05,台中市,后里區,25,9080,47.14
86393,2022-08-04,台中市,后里區,57,9055,49.14
86778,2022-08-03,台中市,后里區,56,8998,47.57
87160,2022-08-02,台中市,后里區,50,8942,44.43
87547,2022-08-01,台中市,后里區,64,8892,44.00
87932,2022-07-31,台中市,后里區,37,8828,41.71
88309,2022-07-30,台中市,后里區,41,8791,44.86
88688,2022-07-29,台中市,后里區,39,8750,43.86
89074,2022-07-28,台中市,后里區,46,8711,47.29
89461,2022-07-27,台中市,后里區,34,8665,49.43
89851,2022-07-26,台中市,后里區,47,8631,53.14
90238,2022-07-25,台中市,后里區,48,8584,59.00
90619,2022-07-24,台中市,后里區,59,8536,64.14
90999,2022-07-23,台中市,后里區,34,8477,63.86
91384,2022-07-22,台中市,后里區,63,8443,68.14
91770,2022-07-21,台中市,后里區,61,8380,69.86
92154,2022-07-20,台中市,后里區,60,8319,71.57
92541,2022-07-19,台中市,后里區,88,8259,73.14
92930,2022-07-18,台中市,后里區,84,8171,73.57
93316,2022-07-17,台中市,后里區,57,8087,70.29
93695,2022-07-16,台中市,后里區,64,8030,70.86
94083,2022-07-15,台中市,后里區,75,7966,68.00
94470,2022-07-14,台中市,后里區,73,7891,69.29
94859,2022-07-13,台中市,后里區,71,7818,71.57
95247,2022-07-12,台中市,后里區,91,7747,70.43
95635,2022-07-11,台中市,后里區,61,7656,68.86
96022,2022-07-10,台中市,后里區,61,7595,71.57
96407,2022-07-09,台中市,后里區,44,7534,73.71
96794,2022-07-08,台中市,后里區,84,7490,76.00
97185,2022-07-07,台中市,后里區,89,7406,77.86
97576,2022-07-06,台中市,后里區,63,7317,75.14
97964,2022-07-05,台中市,后里區,80,7254,80.86
98354,2022-07-04,台中市,后里區,80,7174,81.57
98743,2022-07-03,台中市,后里區,76,7094,82.29
99126,2022-07-02,台中市,后里區,60,7018,84.29
99516,2022-07-01,台中市,后里區,97,6958,87.71
99908,2022-06-30,台中市,后里區,70,6861,89.29
100299,2022-06-29,台中市,后里區,103,6791,95.00
100689,2022-06-28,台中市,后里區,85,6688,95.29
101080,2022-06-27,台中市,后里區,85,6603,106.71
101467,2022-06-26,台中市,后里區,90,6518,106.43
101854,2022-06-25,台中市,后里區,84,6428,112.57
102243,2022-06-24,台中市,后里區,108,6344,118.57
102634,2022-06-23,台中市,后里區,110,6236,121.14
103027,2022-06-22,台中市,后里區,105,6126,126.86
103416,2022-06-21,台中市,后里區,165,6021,131.29
103808,2022-06-20,台中市,后里區,83,5856,131.86
104198,2022-06-19,台中市,后里區,133,5773,137.71
104589,2022-06-18,台中市,后里區,126,5640,139.00
104980,2022-06-17,台中市,后里區,126,5514,149.43
105370,2022-06-16,台中市,后里區,150,5388,147.86
105760,2022-06-15,台中市,后里區,136,5238,151.57
106150,2022-06-14,台中市,后里區,169,5102,158.71
106542,2022-06-13,台中市,后里區,124,4933,166.86
106932,2022-06-12,台中市,后里區,142,4809,172.14
107319,2022-06-11,台中市,后里區,199,4667,179.57
107711,2022-06-10,台中市,后里區,115,4468,174.14
108100,2022-06-09,台中市,后里區,176,4353,179.29
108489,2022-06-08,台中市,后里區,186,4177,176.57
108879,2022-06-07,台中市,后里區,226,3991,173.14
109271,2022-06-06,台中市,后里區,161,3765,165.14
109661,2022-06-05,台中市,后里區,194,3604,166.29
110050,2022-06-04,台中市,后里區,161,3410,161.86
110440,2022-06-03,台中市,后里區,151,3249,160.00
110831,2022-06-02,台中市,后里區,157,3098,156.57
111221,2022-06-01,台中市,后里區,162,2941,159.86
111613,2022-05-31,台中市,后里區,170,2779,158.43
112004,2022-05-30,台中市,后里區,169,2609,153.43
112395,2022-05-29,台中市,后里區,163,2440,147.29
112786,2022-05-28,台中市,后里區,148,2277,138.57
113176,2022-05-27,台中市,后里區,127,2129,133.57
113566,2022-05-26,台中市,后里區,180,2002,134.29
113957,2022-05-25,台中市,后里區,152,1822,122.43
114347,2022-05-24,台中市,后里區,135,1670,113.29
114739,2022-05-23,台中市,后里區,126,1535,107.29
115130,2022-05-22,台中市,后里區,102,1409,96.86
115521,2022-05-21,台中市,后里區,113,1307,91.86
115906,2022-05-20,台中市,后里區,132,1194,82.00
116294,2022-05-19,台中市,后里區,97,1062,73.43
116682,2022-05-18,台中市,后里區,88,965,67.14
117073,2022-05-17,台中市,后里區,93,877,62.29
117462,2022-05-16,台中市,后里區,53,784,59.43
117850,2022-05-15,台中市,后里區,67,731,58.14
118234,2022-05-14,台中市,后里區,44,664,55.00
118619,2022-05-13,台中市,后里區,72,620,53.43
119006,2022-05-12,台中市,后里區,53,548,48.71
119390,2022-05-11,台中市,后里區,54,495,47.14
119775,2022-05-10,台中市,后里區,73,441,43.57
120157,2022-05-09,台中市,后里區,44,368,36.00
120538,2022-05-08,台中市,后里區,45,324,33.14
120923,2022-05-07,台中市,后里區,33,279,28.43
121301,2022-05-06,台中市,后里區,39,246,26.71
121678,2022-05-05,台中市,后里區,42,207,22.29
122046,2022-05-04,台中市,后里區,29,165,17.86
122410,2022-05-03,台中市,后里區,20,136,14.86
122765,2022-05-02,台中市,后里區,24,116,12.86
123110,2022-05-01,台中市,后里區,12,92,10.86
123445,2022-04-30,台中市,后里區,21,80,9.43
123772,2022-04-29,台中市,后里區,8,59,6.86
124086,2022-04-28,台中市,后里區,11,51,6.57
124394,2022-04-27,台中市,后里區,8,40,5.00
124691,2022-04-26,台中市,后里區,6,32,4.00
124977,2022-04-25,台中市,后里區,10,26,3.29
125245,2022-04-24,台中市,后里區,2,16,2.00
125484,2022-04-23,台中市,后里區,3,14,1.71
125733,2022-04-22,台中市,后里區,6,11,1.29
126203,2022-04-20,台中市,后里區,1,5,0.43
126401,2022-04-19,台中市,后里區,1,4,0.29
126594,2022-04-18,台中市,后里區,1,3,0.14
127955,2022-04-09,台中市,后里區,1,2,0.14
130611,2021-07-31,台中市,后里區,1,1,0.14
