UID,個案研判日,縣市別,區域,新增確診人數,累計確診人數,七天移動平均新增確診人數
177,2023-06-14,台南市,南區,1,48090,0.14
328,2023-05-03,台南市,南區,1,48089,0.14
542,2023-03-21,台南市,南區,1,48088,29.43
736,2023-03-20,台南市,南區,22,48087,34.71
1032,2023-03-19,台南市,南區,25,48065,37.86
1362,2023-03-18,台南市,南區,44,48040,39.71
1701,2023-03-17,台南市,南區,38,47996,39.43
2055,2023-03-16,台南市,南區,44,47958,41.71
2408,2023-03-15,台南市,南區,32,47914,42.14
2757,2023-03-14,台南市,南區,38,47882,44.86
3115,2023-03-13,台南市,南區,44,47844,48.14
3472,2023-03-12,台南市,南區,38,47800,52.00
3821,2023-03-11,台南市,南區,42,47762,50.43
4172,2023-03-10,台南市,南區,54,47720,50.86
4527,2023-03-09,台南市,南區,47,47666,52.43
4886,2023-03-08,台南市,南區,51,47619,52.57
5240,2023-03-07,台南市,南區,61,47568,56.29
5601,2023-03-06,台南市,南區,71,47507,55.29
5962,2023-03-05,台南市,南區,27,47436,50.14
6301,2023-03-04,台南市,南區,45,47409,50.43
6655,2023-03-03,台南市,南區,65,47364,53.71
7015,2023-03-02,台南市,南區,48,47299,54.14
7378,2023-03-01,台南市,南區,77,47251,57.14
7750,2023-02-28,台南市,南區,54,47174,55.00
8114,2023-02-27,台南市,南區,35,47120,61.71
8471,2023-02-26,台南市,南區,29,47085,69.14
8816,2023-02-25,台南市,南區,68,47056,71.57
9187,2023-02-24,台南市,南區,68,46988,74.00
9548,2023-02-23,台南市,南區,69,46920,75.71
9918,2023-02-22,台南市,南區,62,46851,76.57
10293,2023-02-21,台南市,南區,101,46789,79.29
10663,2023-02-20,台南市,南區,87,46688,76.29
11040,2023-02-19,台南市,南區,46,46601,78.57
11401,2023-02-18,台南市,南區,85,46555,79.86
11767,2023-02-17,台南市,南區,80,46470,81.43
12140,2023-02-16,台南市,南區,75,46390,85.71
12514,2023-02-15,台南市,南區,81,46315,91.71
12888,2023-02-14,台南市,南區,80,46234,98.71
13260,2023-02-13,台南市,南區,103,46154,103.86
13638,2023-02-12,台南市,南區,55,46051,106.43
13995,2023-02-11,台南市,南區,96,45996,109.71
14368,2023-02-10,台南市,南區,110,45900,113.71
14741,2023-02-09,台南市,南區,117,45790,111.29
15118,2023-02-08,台南市,南區,130,45673,113.43
15497,2023-02-07,台南市,南區,116,45543,117.14
15876,2023-02-06,台南市,南區,121,45427,123.71
16256,2023-02-05,台南市,南區,78,45306,135.00
16626,2023-02-04,台南市,南區,124,45228,140.71
17005,2023-02-03,台南市,南區,93,45104,140.00
17391,2023-02-02,台南市,南區,132,45011,144.71
17774,2023-02-01,台南市,南區,156,44879,141.14
18151,2023-01-31,台南市,南區,162,44723,133.00
18536,2023-01-30,台南市,南區,200,44561,119.57
18923,2023-01-29,台南市,南區,118,44361,101.43
19301,2023-01-28,台南市,南區,119,44243,91.00
19679,2023-01-27,台南市,南區,126,44124,90.57
20058,2023-01-26,台南市,南區,107,43998,85.86
20434,2023-01-25,台南市,南區,99,43891,86.43
20800,2023-01-24,台南市,南區,68,43792,89.43
21172,2023-01-23,台南市,南區,73,43724,95.57
21541,2023-01-22,台南市,南區,45,43651,100.43
21905,2023-01-21,台南市,南區,116,43606,106.86
22278,2023-01-20,台南市,南區,93,43490,107.14
22644,2023-01-19,台南市,南區,111,43397,110.00
23016,2023-01-18,台南市,南區,120,43286,109.57
23386,2023-01-17,台南市,南區,111,43166,111.00
23752,2023-01-16,台南市,南區,107,43055,110.29
24128,2023-01-15,台南市,南區,90,42948,114.29
24493,2023-01-14,台南市,南區,118,42858,113.43
24862,2023-01-13,台南市,南區,113,42740,118.29
25231,2023-01-12,台南市,南區,108,42627,119.57
25605,2023-01-11,台南市,南區,130,42519,125.29
25980,2023-01-10,台南市,南區,106,42389,132.00
26353,2023-01-09,台南市,南區,135,42283,140.14
26730,2023-01-08,台南市,南區,84,42148,144.86
27089,2023-01-07,台南市,南區,152,42064,143.00
27460,2023-01-06,台南市,南區,122,41912,143.86
27837,2023-01-05,台南市,南區,148,41790,146.71
28216,2023-01-04,台南市,南區,177,41642,147.57
28597,2023-01-03,台南市,南區,163,41465,142.29
28978,2023-01-02,台南市,南區,168,41302,139.14
29350,2023-01-01,台南市,南區,71,41134,131.29
29712,2022-12-31,台南市,南區,158,41063,130.71
30077,2022-12-30,台南市,南區,142,40905,117.29
30451,2022-12-29,台南市,南區,154,40763,106.86
30823,2022-12-28,台南市,南區,140,40609,99.00
31193,2022-12-27,台南市,南區,141,40469,92.57
31570,2022-12-26,台南市,南區,113,40328,83.00
31940,2022-12-25,台南市,南區,67,40215,81.86
32296,2022-12-24,台南市,南區,64,40148,80.43
32655,2022-12-23,台南市,南區,69,40084,82.00
33020,2022-12-22,台南市,南區,99,40015,83.43
33386,2022-12-21,台南市,南區,95,39916,78.57
33757,2022-12-20,台南市,南區,74,39821,74.57
34121,2022-12-19,台南市,南區,105,39747,73.14
34490,2022-12-18,台南市,南區,57,39642,68.86
34839,2022-12-17,台南市,南區,75,39585,67.86
35200,2022-12-16,台南市,南區,79,39510,66.29
35564,2022-12-15,台南市,南區,65,39431,62.57
35934,2022-12-14,台南市,南區,67,39366,58.71
36292,2022-12-13,台南市,南區,64,39299,55.43
36669,2022-12-12,台南市,南區,75,39235,54.14
37037,2022-12-11,台南市,南區,50,39160,51.43
37391,2022-12-10,台南市,南區,64,39110,47.86
37760,2022-12-09,台南市,南區,53,39046,45.00
38125,2022-12-08,台南市,南區,38,38993,44.14
38498,2022-12-07,台南市,南區,44,38955,45.57
38870,2022-12-06,台南市,南區,55,38911,48.71
39242,2022-12-05,台南市,南區,56,38856,51.86
39619,2022-12-04,台南市,南區,25,38800,56.00
39984,2022-12-03,台南市,南區,44,38775,58.86
40355,2022-12-02,台南市,南區,47,38731,64.43
40722,2022-12-01,台南市,南區,48,38684,69.43
41093,2022-11-30,台南市,南區,66,38636,73.00
41465,2022-11-29,台南市,南區,77,38570,74.71
41845,2022-11-28,台南市,南區,85,38493,76.71
42222,2022-11-27,台南市,南區,45,38408,80.00
42582,2022-11-26,台南市,南區,83,38363,82.86
42939,2022-11-25,台南市,南區,82,38280,83.14
43310,2022-11-24,台南市,南區,73,38198,87.00
43680,2022-11-23,台南市,南區,78,38125,90.57
44051,2022-11-22,台南市,南區,91,38047,97.00
44426,2022-11-21,台南市,南區,108,37956,103.29
44806,2022-11-20,台南市,南區,65,37848,105.43
45171,2022-11-19,台南市,南區,85,37783,109.29
45546,2022-11-18,台南市,南區,109,37698,112.00
45917,2022-11-17,台南市,南區,98,37589,112.14
46290,2022-11-16,台南市,南區,123,37491,113.71
46671,2022-11-15,台南市,南區,135,37368,115.86
47050,2022-11-14,台南市,南區,123,37233,116.57
47431,2022-11-13,台南市,南區,92,37110,118.71
47803,2022-11-12,台南市,南區,104,37018,119.00
48178,2022-11-11,台南市,南區,110,36914,126.00
48558,2022-11-10,台南市,南區,109,36804,129.29
48940,2022-11-09,台南市,南區,138,36695,134.57
49325,2022-11-08,台南市,南區,140,36557,141.29
49710,2022-11-07,台南市,南區,138,36417,148.00
50094,2022-11-06,台南市,南區,94,36279,156.00
50463,2022-11-05,台南市,南區,153,36185,156.86
50839,2022-11-04,台南市,南區,133,36032,159.86
51225,2022-11-03,台南市,南區,146,35899,166.14
51605,2022-11-02,台南市,南區,185,35753,174.57
51991,2022-11-01,台南市,南區,187,35568,177.29
52376,2022-10-31,台南市,南區,194,35381,177.57
52759,2022-10-30,台南市,南區,100,35187,176.43
53137,2022-10-29,台南市,南區,174,35087,181.57
53517,2022-10-28,台南市,南區,177,34913,177.86
53904,2022-10-27,台南市,南區,205,34736,181.29
54290,2022-10-26,台南市,南區,204,34531,174.86
54675,2022-10-25,台南市,南區,189,34327,172.29
55064,2022-10-24,台南市,南區,186,34138,172.57
55453,2022-10-23,台南市,南區,136,33952,178.57
55831,2022-10-22,台南市,南區,148,33816,176.43
56216,2022-10-21,台南市,南區,201,33668,184.86
56606,2022-10-20,台南市,南區,160,33467,187.86
56991,2022-10-19,台南市,南區,186,33307,197.86
57378,2022-10-18,台南市,南區,191,33121,208.14
57768,2022-10-17,台南市,南區,228,32930,212.00
58158,2022-10-16,台南市,南區,121,32702,202.57
58542,2022-10-15,台南市,南區,207,32581,207.71
58927,2022-10-14,台南市,南區,222,32374,207.29
59317,2022-10-13,台南市,南區,230,32152,207.29
59708,2022-10-12,台南市,南區,258,31922,200.29
60097,2022-10-11,台南市,南區,218,31664,196.00
60489,2022-10-10,台南市,南區,162,31446,196.00
60873,2022-10-09,台南市,南區,157,31284,205.29
61260,2022-10-08,台南市,南區,204,31127,203.14
61649,2022-10-07,台南市,南區,222,30923,199.86
62036,2022-10-06,台南市,南區,181,30701,190.57
62427,2022-10-05,台南市,南區,228,30520,188.57
62814,2022-10-04,台南市,南區,218,30292,177.00
63202,2022-10-03,台南市,南區,227,30074,170.14
63593,2022-10-02,台南市,南區,142,29847,163.14
63975,2022-10-01,台南市,南區,181,29705,155.71
64361,2022-09-30,台南市,南區,157,29524,147.00
64745,2022-09-29,台南市,南區,167,29367,139.71
65133,2022-09-28,台南市,南區,147,29200,136.43
65521,2022-09-27,台南市,南區,170,29053,135.14
65908,2022-09-26,台南市,南區,178,28883,134.57
66297,2022-09-25,台南市,南區,90,28705,133.43
66680,2022-09-24,台南市,南區,120,28615,132.43
67063,2022-09-23,台南市,南區,106,28495,134.29
67452,2022-09-22,台南市,南區,144,28389,138.57
67839,2022-09-21,台南市,南區,138,28245,140.14
68228,2022-09-20,台南市,南區,166,28107,144.86
68618,2022-09-19,台南市,南區,170,27941,141.57
69009,2022-09-18,台南市,南區,83,27771,139.43
69391,2022-09-17,台南市,南區,133,27688,139.14
69779,2022-09-16,台南市,南區,136,27555,136.29
70164,2022-09-15,台南市,南區,155,27419,133.14
70551,2022-09-14,台南市,南區,171,27264,129.71
70936,2022-09-13,台南市,南區,143,27093,120.00
71325,2022-09-12,台南市,南區,155,26950,119.29
71715,2022-09-11,台南市,南區,81,26795,116.00
72097,2022-09-10,台南市,南區,113,26714,115.57
72479,2022-09-09,台南市,南區,114,26601,117.71
72861,2022-09-08,台南市,南區,131,26487,119.86
73248,2022-09-07,台南市,南區,103,26356,116.29
73632,2022-09-06,台南市,南區,138,26253,120.43
74018,2022-09-05,台南市,南區,132,26115,119.57
74405,2022-09-04,台南市,南區,78,25983,115.43
74787,2022-09-03,台南市,南區,128,25905,118.29
75174,2022-09-02,台南市,南區,129,25777,114.71
75560,2022-09-01,台南市,南區,106,25648,109.86
75949,2022-08-31,台南市,南區,132,25542,108.29
76336,2022-08-30,台南市,南區,132,25410,106.29
76724,2022-08-29,台南市,南區,103,25278,102.86
77113,2022-08-28,台南市,南區,98,25175,103.00
77495,2022-08-27,台南市,南區,103,25077,97.86
77882,2022-08-26,台南市,南區,95,24974,96.14
78267,2022-08-25,台南市,南區,95,24879,95.43
78653,2022-08-24,台南市,南區,118,24784,92.43
79040,2022-08-23,台南市,南區,108,24666,87.86
79423,2022-08-22,台南市,南區,104,24558,86.00
79812,2022-08-21,台南市,南區,62,24454,83.00
80188,2022-08-20,台南市,南區,91,24392,83.57
80573,2022-08-19,台南市,南區,90,24301,83.43
80957,2022-08-18,台南市,南區,74,24211,84.00
81346,2022-08-17,台南市,南區,86,24137,85.14
81731,2022-08-16,台南市,南區,95,24051,86.71
82118,2022-08-15,台南市,南區,83,23956,87.00
82505,2022-08-14,台南市,南區,66,23873,91.43
82882,2022-08-13,台南市,南區,90,23807,91.86
83261,2022-08-12,台南市,南區,94,23717,92.71
83647,2022-08-11,台南市,南區,82,23623,91.86
84033,2022-08-10,台南市,南區,97,23541,96.86
84419,2022-08-09,台南市,南區,97,23444,97.00
84801,2022-08-08,台南市,南區,114,23347,102.71
85185,2022-08-07,台南市,南區,69,23233,105.29
85558,2022-08-06,台南市,南區,96,23164,104.57
85938,2022-08-05,台南市,南區,88,23068,105.29
86325,2022-08-04,台南市,南區,117,22980,110.00
86710,2022-08-03,台南市,南區,98,22863,110.14
87093,2022-08-02,台南市,南區,137,22765,111.43
87478,2022-08-01,台南市,南區,132,22628,111.29
87865,2022-07-31,台南市,南區,64,22496,108.29
88241,2022-07-30,台南市,南區,101,22432,110.57
88620,2022-07-29,台南市,南區,121,22331,109.86
89005,2022-07-28,台南市,南區,118,22210,110.00
89391,2022-07-27,台南市,南區,107,22092,111.57
89782,2022-07-26,台南市,南區,136,21985,115.71
90169,2022-07-25,台南市,南區,111,21849,117.43
90552,2022-07-24,台南市,南區,80,21738,119.14
90930,2022-07-23,台南市,南區,96,21658,121.43
91315,2022-07-22,台南市,南區,122,21562,124.43
91701,2022-07-21,台南市,南區,129,21440,126.86
92085,2022-07-20,台南市,南區,136,21311,125.86
92472,2022-07-19,台南市,南區,148,21175,124.86
92860,2022-07-18,台南市,南區,123,21027,122.43
93248,2022-07-17,台南市,南區,96,20904,131.29
93627,2022-07-16,台南市,南區,117,20808,128.00
94013,2022-07-15,台南市,南區,139,20691,131.86
94401,2022-07-14,台南市,南區,122,20552,134.57
94789,2022-07-13,台南市,南區,129,20430,138.00
95178,2022-07-12,台南市,南區,131,20301,141.86
95566,2022-07-11,台南市,南區,185,20170,146.29
95954,2022-07-10,台南市,南區,73,19985,148.00
96337,2022-07-09,台南市,南區,144,19912,154.00
96724,2022-07-08,台南市,南區,158,19768,159.43
97115,2022-07-07,台南市,南區,146,19610,163.14
97506,2022-07-06,台南市,南區,156,19464,169.29
97895,2022-07-05,台南市,南區,162,19308,178.14
98284,2022-07-04,台南市,南區,197,19146,194.71
98673,2022-07-03,台南市,南區,115,18949,212.57
99058,2022-07-02,台南市,南區,182,18834,222.71
99446,2022-07-01,台南市,南區,184,18652,236.86
99838,2022-06-30,台南市,南區,189,18468,252.14
100229,2022-06-29,台南市,南區,218,18279,270.14
100619,2022-06-28,台南市,南區,278,18061,280.00
101010,2022-06-27,台南市,南區,322,17783,283.57
101399,2022-06-26,台南市,南區,186,17461,293.43
101784,2022-06-25,台南市,南區,281,17275,294.00
102174,2022-06-24,台南市,南區,291,16994,304.14
102565,2022-06-23,台南市,南區,315,16703,309.71
102957,2022-06-22,台南市,南區,287,16388,317.43
103347,2022-06-21,台南市,南區,303,16101,331.86
103738,2022-06-20,台南市,南區,391,15798,358.71
104129,2022-06-19,台南市,南區,190,15407,356.14
104519,2022-06-18,台南市,南區,352,15217,360.86
104910,2022-06-17,台南市,南區,330,14865,385.86
105301,2022-06-16,台南市,南區,369,14535,385.57
105691,2022-06-15,台南市,南區,388,14166,389.71
106081,2022-06-14,台南市,南區,491,13778,391.43
106472,2022-06-13,台南市,南區,373,13287,391.14
106863,2022-06-12,台南市,南區,223,12914,416.14
107250,2022-06-11,台南市,南區,527,12691,419.43
107641,2022-06-10,台南市,南區,328,12164,402.43
108030,2022-06-09,台南市,南區,398,11836,413.29
108421,2022-06-08,台南市,南區,400,11438,418.00
108809,2022-06-07,台南市,南區,489,11038,428.00
109201,2022-06-06,台南市,南區,548,10549,432.86
109592,2022-06-05,台南市,南區,246,10001,417.14
109981,2022-06-04,台南市,南區,408,9755,422.57
110370,2022-06-03,台南市,南區,404,9347,421.43
110762,2022-06-02,台南市,南區,431,8943,441.29
111152,2022-06-01,台南市,南區,470,8512,454.43
111543,2022-05-31,台南市,南區,523,8042,433.71
111935,2022-05-30,台南市,南區,438,7519,415.86
112325,2022-05-29,台南市,南區,284,7081,409.71
112716,2022-05-28,台南市,南區,400,6797,412.00
113106,2022-05-27,台南市,南區,543,6397,405.57
113497,2022-05-26,台南市,南區,523,5854,380.86
113888,2022-05-25,台南市,南區,325,5331,360.00
114278,2022-05-24,台南市,南區,398,5006,360.00
114669,2022-05-23,台南市,南區,395,4608,349.57
115060,2022-05-22,台南市,南區,300,4213,326.29
115451,2022-05-21,台南市,南區,355,3913,311.71
115838,2022-05-20,台南市,南區,370,3558,288.29
116224,2022-05-19,台南市,南區,377,3188,268.43
116613,2022-05-18,台南市,南區,325,2811,249.57
117003,2022-05-17,台南市,南區,325,2486,227.14
117393,2022-05-16,台南市,南區,232,2161,205.57
117781,2022-05-15,台南市,南區,198,1929,189.29
118167,2022-05-14,台南市,南區,191,1731,176.14
118550,2022-05-13,台南市,南區,231,1540,162.43
118937,2022-05-12,台南市,南區,245,1309,142.86
119321,2022-05-11,台南市,南區,168,1064,116.86
119706,2022-05-10,台南市,南區,174,896,101.86
120091,2022-05-09,台南市,南區,118,722,83.86
120470,2022-05-08,台南市,南區,106,604,72.00
120854,2022-05-07,台南市,南區,95,498,59.14
121232,2022-05-06,台南市,南區,94,403,47.86
121611,2022-05-05,台南市,南區,63,309,38.29
121982,2022-05-04,台南市,南區,63,246,30.43
122343,2022-05-03,台南市,南區,48,183,22.29
122701,2022-05-02,台南市,南區,35,135,15.71
123052,2022-05-01,台南市,南區,16,100,11.00
123386,2022-04-30,台南市,南區,16,84,8.86
123716,2022-04-29,台南市,南區,27,68,7.00
124032,2022-04-28,台南市,南區,8,41,3.29
124346,2022-04-27,台南市,南區,6,33,2.43
124641,2022-04-26,台南市,南區,2,27,2.00
124929,2022-04-25,台南市,南區,2,25,2.71
125202,2022-04-24,台南市,南區,1,23,2.57
125444,2022-04-23,台南市,南區,3,22,2.43
125694,2022-04-22,台南市,南區,1,19,2.00
125934,2022-04-21,台南市,南區,2,18,2.00
126166,2022-04-20,台南市,南區,3,16,1.71
126373,2022-04-19,台南市,南區,7,13,1.29
126565,2022-04-18,台南市,南區,1,6,0.43
127068,2022-04-15,台南市,南區,1,5,0.57
127546,2022-04-12,台南市,南區,1,4,0.43
127688,2022-04-11,台南市,南區,2,3,0.29
133417,2021-05-26,台南市,南區,1,1,0.14
