UID,個案研判日,縣市別,區域,新增確診人數,累計確診人數,七天移動平均新增確診人數
857,2023-03-20,台南市,關廟區,3,12672,9.43
1521,2023-03-18,台南市,關廟區,16,12669,11.86
1872,2023-03-17,台南市,關廟區,8,12653,11.86
2221,2023-03-16,台南市,關廟區,12,12645,12.43
2576,2023-03-15,台南市,關廟區,9,12633,13.29
2930,2023-03-14,台南市,關廟區,18,12624,14.14
3288,2023-03-13,台南市,關廟區,15,12606,13.00
3636,2023-03-12,台南市,關廟區,5,12591,13.29
3991,2023-03-11,台南市,關廟區,16,12586,14.14
4342,2023-03-10,台南市,關廟區,12,12570,14.57
4697,2023-03-09,台南市,關廟區,18,12558,16.14
5055,2023-03-08,台南市,關廟區,15,12540,15.57
5412,2023-03-07,台南市,關廟區,10,12525,15.29
5778,2023-03-06,台南市,關廟區,17,12515,16.29
6122,2023-03-05,台南市,關廟區,11,12498,15.57
6473,2023-03-04,台南市,關廟區,19,12487,14.29
6829,2023-03-03,台南市,關廟區,23,12468,13.71
7192,2023-03-02,台南市,關廟區,14,12445,13.57
7560,2023-03-01,台南市,關廟區,13,12431,13.43
7926,2023-02-28,台南市,關廟區,17,12418,13.43
8286,2023-02-27,台南市,關廟區,12,12401,14.14
8634,2023-02-26,台南市,關廟區,2,12389,15.57
9001,2023-02-25,台南市,關廟區,15,12387,16.86
9362,2023-02-24,台南市,關廟區,22,12372,18.14
9728,2023-02-23,台南市,關廟區,13,12350,19.14
10103,2023-02-22,台南市,關廟區,13,12337,20.29
10477,2023-02-21,台南市,關廟區,22,12324,21.57
10850,2023-02-20,台南市,關廟區,22,12302,22.57
11210,2023-02-19,台南市,關廟區,11,12280,23.43
11579,2023-02-18,台南市,關廟區,24,12269,24.71
11951,2023-02-17,台南市,關廟區,29,12245,26.14
12325,2023-02-16,台南市,關廟區,21,12216,25.29
12698,2023-02-15,台南市,關廟區,22,12195,25.57
13072,2023-02-14,台南市,關廟區,29,12173,26.29
13448,2023-02-13,台南市,關廟區,28,12144,26.57
13811,2023-02-12,台南市,關廟區,20,12116,28.00
14182,2023-02-11,台南市,關廟區,34,12096,26.57
14551,2023-02-10,台南市,關廟區,23,12062,24.43
14925,2023-02-09,台南市,關廟區,23,12039,25.29
15303,2023-02-08,台南市,關廟區,27,12016,27.71
15685,2023-02-07,台南市,關廟區,31,11989,29.00
16065,2023-02-06,台南市,關廟區,38,11958,31.86
16436,2023-02-05,台南市,關廟區,10,11920,32.86
16814,2023-02-04,台南市,關廟區,19,11910,36.86
17195,2023-02-03,台南市,關廟區,29,11891,38.00
17579,2023-02-02,台南市,關廟區,40,11862,37.29
17961,2023-02-01,台南市,關廟區,36,11822,35.29
18342,2023-01-31,台南市,關廟區,51,11786,32.14
18729,2023-01-30,台南市,關廟區,45,11735,27.57
19112,2023-01-29,台南市,關廟區,38,11690,24.29
19491,2023-01-28,台南市,關廟區,27,11652,19.71
19866,2023-01-27,台南市,關廟區,24,11625,18.86
20243,2023-01-26,台南市,關廟區,26,11601,19.29
20615,2023-01-25,台南市,關廟區,14,11575,19.00
20983,2023-01-24,台南市,關廟區,19,11561,20.14
21353,2023-01-23,台南市,關廟區,22,11542,20.86
21719,2023-01-22,台南市,關廟區,6,11520,20.71
22090,2023-01-21,台南市,關廟區,21,11514,21.86
22457,2023-01-20,台南市,關廟區,27,11493,21.14
22825,2023-01-19,台南市,關廟區,24,11466,20.00
23198,2023-01-18,台南市,關廟區,22,11442,18.43
23563,2023-01-17,台南市,關廟區,24,11420,18.43
23937,2023-01-16,台南市,關廟區,21,11396,19.00
24310,2023-01-15,台南市,關廟區,14,11375,19.43
24674,2023-01-14,台南市,關廟區,16,11361,20.00
25041,2023-01-13,台南市,關廟區,19,11345,22.57
25417,2023-01-12,台南市,關廟區,13,11326,24.71
25789,2023-01-11,台南市,關廟區,22,11313,27.71
26164,2023-01-10,台南市,關廟區,28,11291,31.29
26541,2023-01-09,台南市,關廟區,24,11263,32.43
26908,2023-01-08,台南市,關廟區,18,11239,32.43
27272,2023-01-07,台南市,關廟區,34,11221,31.14
27644,2023-01-06,台南市,關廟區,34,11187,30.14
28024,2023-01-05,台南市,關廟區,34,11153,28.14
28405,2023-01-04,台南市,關廟區,47,11119,26.00
28786,2023-01-03,台南市,關廟區,36,11072,22.29
29162,2023-01-02,台南市,關廟區,24,11036,19.57
29526,2023-01-01,台南市,關廟區,9,11012,19.86
29893,2022-12-31,台南市,關廟區,27,11003,19.43
30262,2022-12-30,台南市,關廟區,20,10976,17.14
30633,2022-12-29,台南市,關廟區,19,10956,16.14
31006,2022-12-28,台南市,關廟區,21,10937,15.43
31381,2022-12-27,台南市,關廟區,17,10916,15.43
31754,2022-12-26,台南市,關廟區,26,10899,14.43
32111,2022-12-25,台南市,關廟區,6,10873,12.86
32471,2022-12-24,台南市,關廟區,11,10867,13.14
32832,2022-12-23,台南市,關廟區,13,10856,13.71
33199,2022-12-22,台南市,關廟區,14,10843,15.14
33570,2022-12-21,台南市,關廟區,21,10829,15.86
33934,2022-12-20,台南市,關廟區,10,10808,14.14
34302,2022-12-19,台南市,關廟區,15,10798,13.86
34654,2022-12-18,台南市,關廟區,8,10783,15.29
35016,2022-12-17,台南市,關廟區,15,10775,15.29
35380,2022-12-16,台南市,關廟區,23,10760,15.57
35745,2022-12-15,台南市,關廟區,19,10737,14.00
36106,2022-12-14,台南市,關廟區,9,10718,12.86
36478,2022-12-13,台南市,關廟區,8,10709,13.71
36854,2022-12-12,台南市,關廟區,25,10701,16.14
37206,2022-12-11,台南市,關廟區,8,10676,15.14
37573,2022-12-10,台南市,關廟區,17,10668,14.86
37938,2022-12-09,台南市,關廟區,12,10651,14.86
38309,2022-12-08,台南市,關廟區,11,10639,15.71
38684,2022-12-07,台南市,關廟區,15,10628,16.00
39050,2022-12-06,台南市,關廟區,25,10613,16.86
39428,2022-12-05,台南市,關廟區,18,10588,15.43
39798,2022-12-04,台南市,關廟區,6,10570,17.00
40167,2022-12-03,台南市,關廟區,17,10564,17.14
40536,2022-12-02,台南市,關廟區,18,10547,17.14
40903,2022-12-01,台南市,關廟區,13,10529,17.14
41277,2022-11-30,台南市,關廟區,21,10516,17.57
41653,2022-11-29,台南市,關廟區,15,10495,17.14
42031,2022-11-28,台南市,關廟區,29,10480,18.14
42399,2022-11-27,台南市,關廟區,7,10451,17.14
42751,2022-11-26,台南市,關廟區,17,10444,17.71
43122,2022-11-25,台南市,關廟區,18,10427,18.43
43492,2022-11-24,台南市,關廟區,16,10409,19.57
43861,2022-11-23,台南市,關廟區,18,10393,19.43
44235,2022-11-22,台南市,關廟區,22,10375,19.29
44614,2022-11-21,台南市,關廟區,22,10353,19.43
44985,2022-11-20,台南市,關廟區,11,10331,20.14
45355,2022-11-19,台南市,關廟區,22,10320,21.00
45725,2022-11-18,台南市,關廟區,26,10298,21.43
46097,2022-11-17,台南市,關廟區,15,10272,20.00
46477,2022-11-16,台南市,關廟區,17,10257,24.00
46858,2022-11-15,台南市,關廟區,23,10240,26.86
47237,2022-11-14,台南市,關廟區,27,10217,28.57
47612,2022-11-13,台南市,關廟區,17,10190,33.14
47985,2022-11-12,台南市,關廟區,25,10173,33.86
48366,2022-11-11,台南市,關廟區,16,10148,36.14
48746,2022-11-10,台南市,關廟區,43,10132,40.43
49130,2022-11-09,台南市,關廟區,37,10089,39.71
49516,2022-11-08,台南市,關廟區,35,10052,39.86
49900,2022-11-07,台南市,關廟區,59,10017,41.43
50271,2022-11-06,台南市,關廟區,22,9958,43.29
50645,2022-11-05,台南市,關廟區,41,9936,44.29
51029,2022-11-04,台南市,關廟區,46,9895,45.43
51413,2022-11-03,台南市,關廟區,38,9849,46.14
51795,2022-11-02,台南市,關廟區,38,9811,48.14
52183,2022-11-01,台南市,關廟區,46,9773,48.29
52564,2022-10-31,台南市,關廟區,72,9727,48.29
52945,2022-10-30,台南市,關廟區,29,9655,46.00
53325,2022-10-29,台南市,關廟區,49,9626,45.57
53709,2022-10-28,台南市,關廟區,51,9577,45.14
54095,2022-10-27,台南市,關廟區,52,9526,42.57
54479,2022-10-26,台南市,關廟區,39,9474,43.00
54867,2022-10-25,台南市,關廟區,46,9435,46.43
55257,2022-10-24,台南市,關廟區,56,9389,48.00
55639,2022-10-23,台南市,關廟區,26,9333,50.00
56022,2022-10-22,台南市,關廟區,46,9307,50.29
56410,2022-10-21,台南市,關廟區,33,9261,53.43
56796,2022-10-20,台南市,關廟區,55,9228,55.86
57183,2022-10-19,台南市,關廟區,63,9173,55.86
57571,2022-10-18,台南市,關廟區,57,9110,57.71
57961,2022-10-17,台南市,關廟區,70,9053,60.86
58348,2022-10-16,台南市,關廟區,28,8983,59.57
58735,2022-10-15,台南市,關廟區,68,8955,58.43
59121,2022-10-14,台南市,關廟區,50,8887,56.00
59510,2022-10-13,台南市,關廟區,55,8837,55.57
59901,2022-10-12,台南市,關廟區,76,8782,54.00
60291,2022-10-11,台南市,關廟區,79,8706,50.71
60681,2022-10-10,台南市,關廟區,61,8627,44.00
61062,2022-10-09,台南市,關廟區,20,8566,44.71
61452,2022-10-08,台南市,關廟區,51,8546,44.00
61842,2022-10-07,台南市,關廟區,47,8495,42.00
62229,2022-10-06,台南市,關廟區,44,8448,42.14
62619,2022-10-05,台南市,關廟區,53,8404,42.57
63006,2022-10-04,台南市,關廟區,32,8351,42.71
63395,2022-10-03,台南市,關廟區,66,8319,44.43
63783,2022-10-02,台南市,關廟區,15,8253,43.14
64167,2022-10-01,台南市,關廟區,37,8238,44.71
64552,2022-09-30,台南市,關廟區,48,8201,43.86
64938,2022-09-29,台南市,關廟區,47,8153,41.71
65326,2022-09-28,台南市,關廟區,54,8106,41.86
65714,2022-09-27,台南市,關廟區,44,8052,38.43
66100,2022-09-26,台南市,關廟區,57,8008,37.71
66486,2022-09-25,台南市,關廟區,26,7951,35.14
66870,2022-09-24,台南市,關廟區,31,7925,35.14
67257,2022-09-23,台南市,關廟區,33,7894,35.57
67644,2022-09-22,台南市,關廟區,48,7861,35.14
68033,2022-09-21,台南市,關廟區,30,7813,32.71
68421,2022-09-20,台南市,關廟區,39,7783,32.57
68812,2022-09-19,台南市,關廟區,39,7744,34.86
69198,2022-09-18,台南市,關廟區,26,7705,35.57
69583,2022-09-17,台南市,關廟區,34,7679,33.57
69971,2022-09-16,台南市,關廟區,30,7645,32.57
70356,2022-09-15,台南市,關廟區,31,7615,31.29
70741,2022-09-14,台南市,關廟區,29,7584,30.43
71129,2022-09-13,台南市,關廟區,55,7555,31.57
71519,2022-09-12,台南市,關廟區,44,7500,27.71
71903,2022-09-11,台南市,關廟區,12,7456,27.14
72287,2022-09-10,台南市,關廟區,27,7444,29.14
72668,2022-09-09,台南市,關廟區,21,7417,29.00
73053,2022-09-08,台南市,關廟區,25,7396,31.00
73439,2022-09-07,台南市,關廟區,37,7371,31.43
73823,2022-09-06,台南市,關廟區,28,7334,30.71
74210,2022-09-05,台南市,關廟區,40,7306,32.29
74593,2022-09-04,台南市,關廟區,26,7266,31.29
74979,2022-09-03,台南市,關廟區,26,7240,29.57
75365,2022-09-02,台南市,關廟區,35,7214,29.29
75753,2022-09-01,台南市,關廟區,28,7179,27.43
76140,2022-08-31,台南市,關廟區,32,7151,28.57
76529,2022-08-30,台南市,關廟區,39,7119,30.43
76917,2022-08-29,台南市,關廟區,33,7080,30.57
77301,2022-08-28,台南市,關廟區,14,7047,28.71
77688,2022-08-27,台南市,關廟區,24,7033,28.86
78073,2022-08-26,台南市,關廟區,22,7009,30.00
78459,2022-08-25,台南市,關廟區,36,6987,30.43
78844,2022-08-24,台南市,關廟區,45,6951,28.14
79231,2022-08-23,台南市,關廟區,40,6906,26.00
79616,2022-08-22,台南市,關廟區,20,6866,22.29
79996,2022-08-21,台南市,關廟區,15,6846,22.14
80378,2022-08-20,台南市,關廟區,32,6831,22.00
80763,2022-08-19,台南市,關廟區,25,6799,18.57
81150,2022-08-18,台南市,關廟區,20,6774,17.71
81538,2022-08-17,台南市,關廟區,30,6754,18.43
81923,2022-08-16,台南市,關廟區,14,6724,15.71
82311,2022-08-15,台南市,關廟區,19,6710,17.86
82691,2022-08-14,台南市,關廟區,14,6691,18.71
83067,2022-08-13,台南市,關廟區,8,6677,17.86
83451,2022-08-12,台南市,關廟區,19,6669,19.57
83837,2022-08-11,台南市,關廟區,25,6650,22.00
84224,2022-08-10,台南市,關廟區,11,6625,21.71
84607,2022-08-09,台南市,關廟區,29,6614,22.57
84992,2022-08-08,台南市,關廟區,25,6585,22.86
85368,2022-08-07,台南市,關廟區,8,6560,23.14
85744,2022-08-06,台南市,關廟區,20,6552,24.43
86129,2022-08-05,台南市,關廟區,36,6532,26.29
86516,2022-08-04,台南市,關廟區,23,6496,24.71
86900,2022-08-03,台南市,關廟區,17,6473,24.00
87284,2022-08-02,台南市,關廟區,31,6456,26.00
87671,2022-08-01,台南市,關廟區,27,6425,25.43
88051,2022-07-31,台南市,關廟區,17,6398,27.00
88428,2022-07-30,台南市,關廟區,33,6381,28.14
88811,2022-07-29,台南市,關廟區,25,6348,27.57
89196,2022-07-28,台南市,關廟區,18,6323,27.00
89585,2022-07-27,台南市,關廟區,31,6305,28.57
89973,2022-07-26,台南市,關廟區,27,6274,29.57
90361,2022-07-25,台南市,關廟區,38,6247,31.29
90739,2022-07-24,台南市,關廟區,25,6209,31.71
91121,2022-07-23,台南市,關廟區,29,6184,29.71
91506,2022-07-22,台南市,關廟區,21,6155,30.43
91893,2022-07-21,台南市,關廟區,29,6134,33.14
92276,2022-07-20,台南市,關廟區,38,6105,36.86
92663,2022-07-19,台南市,關廟區,39,6067,35.86
93054,2022-07-18,台南市,關廟區,41,6028,35.86
93436,2022-07-17,台南市,關廟區,11,5987,37.86
93819,2022-07-16,台南市,關廟區,34,5976,38.71
94207,2022-07-15,台南市,關廟區,40,5942,39.29
94593,2022-07-14,台南市,關廟區,55,5902,40.71
94982,2022-07-13,台南市,關廟區,31,5847,37.57
95370,2022-07-12,台南市,關廟區,39,5816,38.43
95758,2022-07-11,台南市,關廟區,55,5777,38.29
96143,2022-07-10,台南市,關廟區,17,5722,37.43
96530,2022-07-09,台南市,關廟區,38,5705,38.86
96918,2022-07-08,台南市,關廟區,50,5667,38.71
97309,2022-07-07,台南市,關廟區,33,5617,39.14
97698,2022-07-06,台南市,關廟區,37,5584,43.43
98088,2022-07-05,台南市,關廟區,38,5547,48.29
98476,2022-07-04,台南市,關廟區,49,5509,56.00
98865,2022-07-03,台南市,關廟區,27,5460,61.29
99248,2022-07-02,台南市,關廟區,37,5433,63.29
99640,2022-07-01,台南市,關廟區,53,5396,66.43
100032,2022-06-30,台南市,關廟區,63,5343,67.14
100423,2022-06-29,台南市,關廟區,71,5280,68.86
100813,2022-06-28,台南市,關廟區,92,5209,70.43
101204,2022-06-27,台南市,關廟區,86,5117,71.29
101589,2022-06-26,台南市,關廟區,41,5031,77.14
101976,2022-06-25,台南市,關廟區,59,4990,78.86
102366,2022-06-24,台南市,關廟區,58,4931,84.86
102758,2022-06-23,台南市,關廟區,75,4873,91.86
103151,2022-06-22,台南市,關廟區,82,4798,97.14
103540,2022-06-21,台南市,關廟區,98,4716,102.14
103932,2022-06-20,台南市,關廟區,127,4618,108.29
104322,2022-06-19,台南市,關廟區,53,4491,114.14
104713,2022-06-18,台南市,關廟區,101,4438,122.00
105104,2022-06-17,台南市,關廟區,107,4337,130.29
105494,2022-06-16,台南市,關廟區,112,4230,130.29
105884,2022-06-15,台南市,關廟區,117,4118,134.29
106274,2022-06-14,台南市,關廟區,141,4001,136.00
106666,2022-06-13,台南市,關廟區,168,3860,139.43
107056,2022-06-12,台南市,關廟區,108,3692,138.43
107443,2022-06-11,台南市,關廟區,159,3584,134.71
107835,2022-06-10,台南市,關廟區,107,3425,127.00
108224,2022-06-09,台南市,關廟區,140,3318,132.29
108613,2022-06-08,台南市,關廟區,129,3178,133.00
109003,2022-06-07,台南市,關廟區,165,3049,132.14
109395,2022-06-06,台南市,關廟區,161,2884,133.43
109785,2022-06-05,台南市,關廟區,82,2723,133.86
110174,2022-06-04,台南市,關廟區,105,2641,137.00
110564,2022-06-03,台南市,關廟區,144,2536,138.29
110955,2022-06-02,台南市,關廟區,145,2392,138.29
111345,2022-06-01,台南市,關廟區,123,2247,131.86
111737,2022-05-31,台南市,關廟區,174,2124,129.29
112128,2022-05-30,台南市,關廟區,164,1950,123.86
112519,2022-05-29,台南市,關廟區,104,1786,116.86
112909,2022-05-28,台南市,關廟區,114,1682,111.57
113300,2022-05-27,台南市,關廟區,144,1568,107.86
113690,2022-05-26,台南市,關廟區,100,1424,97.00
114081,2022-05-25,台南市,關廟區,105,1324,96.86
114471,2022-05-24,台南市,關廟區,136,1219,95.29
114863,2022-05-23,台南市,關廟區,115,1083,89.14
115253,2022-05-22,台南市,關廟區,67,968,80.71
115644,2022-05-21,台南市,關廟區,88,901,78.29
116030,2022-05-20,台南市,關廟區,68,813,73.14
116418,2022-05-19,台南市,關廟區,99,745,70.14
116806,2022-05-18,台南市,關廟區,94,646,61.00
117197,2022-05-17,台南市,關廟區,93,552,53.00
117585,2022-05-16,台南市,關廟區,56,459,45.57
117973,2022-05-15,台南市,關廟區,50,403,40.86
118356,2022-05-14,台南市,關廟區,52,353,36.00
118742,2022-05-13,台南市,關廟區,47,301,31.71
119130,2022-05-12,台南市,關廟區,35,254,26.71
119511,2022-05-11,台南市,關廟區,38,219,23.71
119898,2022-05-10,台南市,關廟區,41,181,20.71
120281,2022-05-09,台南市,關廟區,23,140,16.14
120660,2022-05-08,台南市,關廟區,16,117,13.57
121043,2022-05-07,台南市,關廟區,22,101,12.43
121423,2022-05-06,台南市,關廟區,12,79,9.71
121794,2022-05-05,台南市,關廟區,14,67,8.29
122160,2022-05-04,台南市,關廟區,17,53,6.57
122523,2022-05-03,台南市,關廟區,9,36,4.86
122875,2022-05-02,台南市,關廟區,5,27,3.57
123211,2022-05-01,台南市,關廟區,8,22,3.14
123547,2022-04-30,台南市,關廟區,3,14,2.00
123863,2022-04-29,台南市,關廟區,2,11,1.57
124180,2022-04-28,台南市,關廟區,2,9,1.29
124480,2022-04-27,台南市,關廟區,5,7,1.00
125045,2022-04-25,台南市,關廟區,2,2,0.29
