UID,個案研判日,縣市別,區域,新增確診人數,累計確診人數,七天移動平均新增確診人數
745,2023-03-20,台南市,西港區,4,8505,6.86
1044,2023-03-19,台南市,西港區,5,8501,8.71
1372,2023-03-18,台南市,西港區,8,8496,8.71
1713,2023-03-17,台南市,西港區,10,8488,10.29
2066,2023-03-16,台南市,西港區,7,8478,10.57
2420,2023-03-15,台南市,西港區,6,8471,11.43
2769,2023-03-14,台南市,西港區,8,8465,11.57
3128,2023-03-13,台南市,西港區,17,8457,11.57
3482,2023-03-12,台南市,西港區,5,8440,11.71
3832,2023-03-11,台南市,西港區,19,8435,11.86
4182,2023-03-10,台南市,西港區,12,8416,11.86
4539,2023-03-09,台南市,西港區,13,8404,12.57
4896,2023-03-08,台南市,西港區,7,8391,13.43
5251,2023-03-07,台南市,西港區,8,8384,15.29
5613,2023-03-06,台南市,西港區,18,8376,16.14
5974,2023-03-05,台南市,西港區,6,8358,14.29
6313,2023-03-04,台南市,西港區,19,8352,14.29
6667,2023-03-03,台南市,西港區,17,8333,13.29
7027,2023-03-02,台南市,西港區,19,8316,12.71
7391,2023-03-01,台南市,西港區,20,8297,12.00
7763,2023-02-28,台南市,西港區,14,8277,10.86
8127,2023-02-27,台南市,西港區,5,8263,11.43
8482,2023-02-26,台南市,西港區,6,8258,13.00
8830,2023-02-25,台南市,西港區,12,8252,13.57
9199,2023-02-24,台南市,西港區,13,8240,14.43
9561,2023-02-23,台南市,西港區,14,8227,14.86
9931,2023-02-22,台南市,西港區,12,8213,15.86
10306,2023-02-21,台南市,西港區,18,8201,16.71
10676,2023-02-20,台南市,西港區,16,8183,17.86
11053,2023-02-19,台南市,西港區,10,8167,20.00
11413,2023-02-18,台南市,西港區,18,8157,19.71
11780,2023-02-17,台南市,西港區,16,8139,19.00
12153,2023-02-16,台南市,西港區,21,8123,18.43
12527,2023-02-15,台南市,西港區,18,8102,17.57
12900,2023-02-14,台南市,西港區,26,8084,18.00
13272,2023-02-13,台南市,西港區,31,8058,16.86
13651,2023-02-12,台南市,西港區,8,8027,17.57
14008,2023-02-11,台南市,西港區,13,8019,18.71
14380,2023-02-10,台南市,西港區,12,8006,19.86
14753,2023-02-09,台南市,西港區,15,7994,20.57
15131,2023-02-08,台南市,西港區,21,7979,21.57
15511,2023-02-07,台南市,西港區,18,7958,23.14
15889,2023-02-06,台南市,西港區,36,7940,23.57
16268,2023-02-05,台南市,西港區,16,7904,24.00
16639,2023-02-04,台南市,西港區,21,7888,24.57
17019,2023-02-03,台南市,西港區,17,7867,26.43
17404,2023-02-02,台南市,西港區,22,7850,28.14
17787,2023-02-01,台南市,西港區,32,7828,27.57
18165,2023-01-31,台南市,西港區,21,7796,25.14
18549,2023-01-30,台南市,西港區,39,7775,23.71
18936,2023-01-29,台南市,西港區,20,7736,19.43
19314,2023-01-28,台南市,西港區,34,7716,16.86
19691,2023-01-27,台南市,西港區,29,7682,14.86
20071,2023-01-26,台南市,西港區,18,7653,14.57
20444,2023-01-25,台南市,西港區,15,7635,15.57
20811,2023-01-24,台南市,西港區,11,7620,14.86
21185,2023-01-23,台南市,西港區,9,7609,16.71
21553,2023-01-22,台南市,西港區,2,7600,18.00
21918,2023-01-21,台南市,西港區,20,7598,19.00
22291,2023-01-20,台南市,西港區,27,7578,19.00
22657,2023-01-19,台南市,西港區,25,7551,17.43
23030,2023-01-18,台南市,西港區,10,7526,16.71
23398,2023-01-17,台南市,西港區,24,7516,16.86
23765,2023-01-16,台南市,西港區,18,7492,17.57
24140,2023-01-15,台南市,西港區,9,7474,18.57
24506,2023-01-14,台南市,西港區,20,7465,20.43
24873,2023-01-13,台南市,西港區,16,7445,20.71
25242,2023-01-12,台南市,西港區,20,7429,22.14
25617,2023-01-11,台南市,西港區,11,7409,21.71
25993,2023-01-10,台南市,西港區,29,7398,23.71
26366,2023-01-09,台南市,西港區,25,7369,24.29
26741,2023-01-08,台南市,西港區,22,7344,24.43
27102,2023-01-07,台南市,西港區,22,7322,23.29
27473,2023-01-06,台南市,西港區,26,7300,23.57
27850,2023-01-05,台南市,西港區,17,7274,22.29
28229,2023-01-04,台南市,西港區,25,7257,24.57
28610,2023-01-03,台南市,西港區,33,7232,24.71
28990,2023-01-02,台南市,西港區,26,7199,22.43
29364,2023-01-01,台南市,西港區,14,7173,22.29
29725,2022-12-31,台南市,西港區,24,7159,22.14
30090,2022-12-30,台南市,西港區,17,7135,21.14
30465,2022-12-29,台南市,西港區,33,7118,21.71
30836,2022-12-28,台南市,西港區,26,7085,19.57
31206,2022-12-27,台南市,西港區,17,7059,18.00
31582,2022-12-26,台南市,西港區,25,7042,17.00
31951,2022-12-25,台南市,西港區,13,7017,15.29
32308,2022-12-24,台南市,西港區,17,7004,14.71
32667,2022-12-23,台南市,西港區,21,6987,13.57
33033,2022-12-22,台南市,西港區,18,6966,12.57
33399,2022-12-21,台南市,西港區,15,6948,11.86
33768,2022-12-20,台南市,西港區,10,6933,11.86
34133,2022-12-19,台南市,西港區,13,6923,12.71
34502,2022-12-18,台南市,西港區,9,6910,13.86
34850,2022-12-17,台南市,西港區,9,6901,15.43
35212,2022-12-16,台南市,西港區,14,6892,15.86
35576,2022-12-15,台南市,西港區,13,6878,15.43
35945,2022-12-14,台南市,西港區,15,6865,15.57
36304,2022-12-13,台南市,西港區,16,6850,14.43
36682,2022-12-12,台南市,西港區,21,6834,14.29
37048,2022-12-11,台南市,西港區,20,6813,14.57
37404,2022-12-10,台南市,西港區,12,6793,12.43
37773,2022-12-09,台南市,西港區,11,6781,12.29
38137,2022-12-08,台南市,西港區,14,6770,11.86
38510,2022-12-07,台南市,西港區,7,6756,11.00
38881,2022-12-06,台南市,西港區,15,6749,12.43
39255,2022-12-05,台南市,西港區,23,6734,12.86
39632,2022-12-04,台南市,西港區,5,6711,13.14
39997,2022-12-03,台南市,西港區,11,6706,13.43
40368,2022-12-02,台南市,西港區,8,6695,14.57
40733,2022-12-01,台南市,西港區,8,6687,16.29
41106,2022-11-30,台南市,西港區,17,6679,17.00
41478,2022-11-29,台南市,西港區,18,6662,17.71
41858,2022-11-28,台南市,西港區,25,6644,18.00
42235,2022-11-27,台南市,西港區,7,6619,16.71
42593,2022-11-26,台南市,西港區,19,6612,17.00
42953,2022-11-25,台南市,西港區,20,6593,17.86
43322,2022-11-24,台南市,西港區,13,6573,17.71
43691,2022-11-23,台南市,西港區,22,6560,19.86
44065,2022-11-22,台南市,西港區,20,6538,19.43
44440,2022-11-21,台南市,西港區,16,6518,19.71
44820,2022-11-20,台南市,西港區,9,6502,21.43
45185,2022-11-19,台南市,西港區,25,6493,23.00
45558,2022-11-18,台南市,西港區,19,6468,21.71
45931,2022-11-17,台南市,西港區,28,6449,22.86
46303,2022-11-16,台南市,西港區,19,6421,20.57
46685,2022-11-15,台南市,西港區,22,6402,23.29
47063,2022-11-14,台南市,西港區,28,6380,24.86
47443,2022-11-13,台南市,西港區,20,6352,25.29
47815,2022-11-12,台南市,西港區,16,6332,23.57
48191,2022-11-11,台南市,西港區,27,6316,25.43
48570,2022-11-10,台南市,西港區,12,6289,27.57
48953,2022-11-09,台南市,西港區,38,6277,32.14
49339,2022-11-08,台南市,西港區,33,6239,31.57
49724,2022-11-07,台南市,西港區,31,6206,32.29
50106,2022-11-06,台南市,西港區,8,6175,33.86
50476,2022-11-05,台南市,西港區,29,6167,36.71
50853,2022-11-04,台南市,西港區,42,6138,38.71
51239,2022-11-03,台南市,西港區,44,6096,36.86
51617,2022-11-02,台南市,西港區,34,6052,38.14
52005,2022-11-01,台南市,西港區,38,6018,38.14
52389,2022-10-31,台南市,西港區,42,5980,38.71
52773,2022-10-30,台南市,西港區,28,5938,39.57
53150,2022-10-29,台南市,西港區,43,5910,38.71
53531,2022-10-28,台南市,西港區,29,5867,37.29
53918,2022-10-27,台南市,西港區,53,5838,39.29
54303,2022-10-26,台南市,西港區,34,5785,34.29
54688,2022-10-25,台南市,西港區,42,5751,33.00
55078,2022-10-24,台南市,西港區,48,5709,32.14
55466,2022-10-23,台南市,西港區,22,5661,32.00
55845,2022-10-22,台南市,西港區,33,5639,31.29
56230,2022-10-21,台南市,西港區,43,5606,32.71
56620,2022-10-20,台南市,西港區,18,5563,31.71
57004,2022-10-19,台南市,西港區,25,5545,33.00
57392,2022-10-18,台南市,西港區,36,5520,37.00
57781,2022-10-17,台南市,西港區,47,5484,37.57
58171,2022-10-16,台南市,西港區,17,5437,36.86
58555,2022-10-15,台南市,西港區,43,5420,37.57
58941,2022-10-14,台南市,西港區,36,5377,37.00
59330,2022-10-13,台南市,西港區,27,5341,38.29
59721,2022-10-12,台南市,西港區,53,5314,41.14
60111,2022-10-11,台南市,西港區,40,5261,37.86
60501,2022-10-10,台南市,西港區,42,5221,38.00
60886,2022-10-09,台南市,西港區,22,5179,38.00
61274,2022-10-08,台南市,西港區,39,5157,37.71
61662,2022-10-07,台南市,西港區,45,5118,35.86
62049,2022-10-06,台南市,西港區,47,5073,33.71
62441,2022-10-05,台南市,西港區,30,5026,32.00
62828,2022-10-04,台南市,西港區,41,4996,31.43
63216,2022-10-03,台南市,西港區,42,4955,29.29
63607,2022-10-02,台南市,西港區,20,4913,27.00
63988,2022-10-01,台南市,西港區,26,4893,27.29
64374,2022-09-30,台南市,西港區,30,4867,27.57
64759,2022-09-29,台南市,西港區,35,4837,26.86
65147,2022-09-28,台南市,西港區,26,4802,25.57
65535,2022-09-27,台南市,西港區,26,4776,25.57
65922,2022-09-26,台南市,西港區,26,4750,26.29
66309,2022-09-25,台南市,西港區,22,4724,27.43
66694,2022-09-24,台南市,西港區,28,4702,27.29
67077,2022-09-23,台南市,西港區,25,4674,27.14
67465,2022-09-22,台南市,西港區,26,4649,28.00
67853,2022-09-21,台南市,西港區,26,4623,27.43
68242,2022-09-20,台南市,西港區,31,4597,29.43
68632,2022-09-19,台南市,西港區,34,4566,27.71
69022,2022-09-18,台南市,西港區,21,4532,27.86
69405,2022-09-17,台南市,西港區,27,4511,25.86
69793,2022-09-16,台南市,西港區,31,4484,24.86
70178,2022-09-15,台南市,西港區,22,4453,22.71
70564,2022-09-14,台南市,西港區,40,4431,21.29
70950,2022-09-13,台南市,西港區,19,4391,17.86
71339,2022-09-12,台南市,西港區,35,4372,17.29
71728,2022-09-11,台南市,西港區,7,4337,14.71
72110,2022-09-10,台南市,西港區,20,4330,15.29
72492,2022-09-09,台南市,西港區,16,4310,14.71
72874,2022-09-08,台南市,西港區,12,4294,14.00
73261,2022-09-07,台南市,西港區,16,4282,15.14
73645,2022-09-06,台南市,西港區,15,4266,14.86
74031,2022-09-05,台南市,西港區,17,4251,14.86
74417,2022-09-04,台南市,西港區,11,4234,15.43
74800,2022-09-03,台南市,西港區,16,4223,14.57
75187,2022-09-02,台南市,西港區,11,4207,13.57
75573,2022-09-01,台南市,西港區,20,4196,13.86
75962,2022-08-31,台南市,西港區,14,4176,13.00
76349,2022-08-30,台南市,西港區,15,4162,14.43
76737,2022-08-29,台南市,西港區,21,4147,14.57
77126,2022-08-28,台南市,西港區,5,4126,13.57
77509,2022-08-27,台南市,西港區,9,4121,15.00
77895,2022-08-26,台南市,西港區,13,4112,16.71
78280,2022-08-25,台南市,西港區,14,4099,16.86
78667,2022-08-24,台南市,西港區,24,4085,16.57
79053,2022-08-23,台南市,西港區,16,4061,16.00
79436,2022-08-22,台南市,西港區,14,4045,16.43
79825,2022-08-21,台南市,西港區,15,4031,16.71
80202,2022-08-20,台南市,西港區,21,4016,15.29
80586,2022-08-19,台南市,西港區,14,3995,15.14
80970,2022-08-18,台南市,西港區,12,3981,17.14
81360,2022-08-17,台南市,西港區,20,3969,18.43
81744,2022-08-16,台南市,西港區,19,3949,19.14
82131,2022-08-15,台南市,西港區,16,3930,20.00
82518,2022-08-14,台南市,西港區,5,3914,20.86
82895,2022-08-13,台南市,西港區,20,3909,22.57
83274,2022-08-12,台南市,西港區,28,3889,22.71
83660,2022-08-11,台南市,西港區,21,3861,20.57
84046,2022-08-10,台南市,西港區,25,3840,19.71
84432,2022-08-09,台南市,西港區,25,3815,19.43
84814,2022-08-08,台南市,西港區,22,3790,18.57
85197,2022-08-07,台南市,西港區,17,3768,17.86
85572,2022-08-06,台南市,西港區,21,3751,17.00
85952,2022-08-05,台南市,西港區,13,3730,15.86
86338,2022-08-04,台南市,西港區,15,3717,17.29
86723,2022-08-03,台南市,西港區,23,3702,17.71
87106,2022-08-02,台南市,西港區,19,3679,17.00
87491,2022-08-01,台南市,西港區,17,3660,16.43
87878,2022-07-31,台南市,西港區,11,3643,17.43
88254,2022-07-30,台南市,西港區,13,3632,17.00
88632,2022-07-29,台南市,西港區,23,3619,19.00
89019,2022-07-28,台南市,西港區,18,3596,17.29
89405,2022-07-27,台南市,西港區,18,3578,17.43
89795,2022-07-26,台南市,西港區,15,3560,17.57
90182,2022-07-25,台南市,西港區,24,3545,19.00
90566,2022-07-24,台南市,西港區,8,3521,18.14
90943,2022-07-23,台南市,西港區,27,3513,18.14
91328,2022-07-22,台南市,西港區,11,3486,16.86
91714,2022-07-21,台南市,西港區,19,3475,18.57
92098,2022-07-20,台南市,西港區,19,3456,18.14
92485,2022-07-19,台南市,西港區,25,3437,18.00
92874,2022-07-18,台南市,西港區,18,3412,17.29
93261,2022-07-17,台南市,西港區,8,3394,19.14
93641,2022-07-16,台南市,西港區,18,3386,19.14
94027,2022-07-15,台南市,西港區,23,3368,20.71
94414,2022-07-14,台南市,西港區,16,3345,20.29
94803,2022-07-13,台南市,西港區,18,3329,21.29
95192,2022-07-12,台南市,西港區,20,3311,23.14
95579,2022-07-11,台南市,西港區,31,3291,24.86
95967,2022-07-10,台南市,西港區,8,3260,26.29
96351,2022-07-09,台南市,西港區,29,3252,27.71
96738,2022-07-08,台南市,西港區,20,3223,28.43
97129,2022-07-07,台南市,西港區,23,3203,29.71
97520,2022-07-06,台南市,西港區,31,3180,31.29
97909,2022-07-05,台南市,西港區,32,3149,31.71
98298,2022-07-04,台南市,西港區,41,3117,35.00
98687,2022-07-03,台南市,西港區,18,3076,33.86
99071,2022-07-02,台南市,西港區,34,3058,33.86
99460,2022-07-01,台南市,西港區,29,3024,36.00
99852,2022-06-30,台南市,西港區,34,2995,37.57
100243,2022-06-29,台南市,西港區,34,2961,40.29
100633,2022-06-28,台南市,西港區,55,2927,45.00
101024,2022-06-27,台南市,西港區,33,2872,46.71
101412,2022-06-26,台南市,西港區,18,2839,50.71
101798,2022-06-25,台南市,西港區,49,2821,55.00
102188,2022-06-24,台南市,西港區,40,2772,59.14
102579,2022-06-23,台南市,西港區,53,2732,61.86
102971,2022-06-22,台南市,西港區,67,2679,63.57
103361,2022-06-21,台南市,西港區,67,2612,62.00
103752,2022-06-20,台南市,西港區,61,2545,64.29
104143,2022-06-19,台南市,西港區,48,2484,64.29
104533,2022-06-18,台南市,西港區,78,2436,65.29
104924,2022-06-17,台南市,西港區,59,2358,69.00
105315,2022-06-16,台南市,西港區,65,2299,69.71
105705,2022-06-15,台南市,西港區,56,2234,71.14
106094,2022-06-14,台南市,西港區,83,2178,72.14
106486,2022-06-13,台南市,西港區,61,2095,71.29
106876,2022-06-12,台南市,西港區,55,2034,77.71
107263,2022-06-11,台南市,西港區,104,1979,77.57
107655,2022-06-10,台南市,西港區,64,1875,73.43
108044,2022-06-09,台南市,西港區,75,1811,73.43
108434,2022-06-08,台南市,西港區,63,1736,72.71
108823,2022-06-07,台南市,西港區,77,1673,73.43
109215,2022-06-06,台南市,西港區,106,1596,78.86
109605,2022-06-05,台南市,西港區,54,1490,74.57
109994,2022-06-04,台南市,西港區,75,1436,73.00
110384,2022-06-03,台南市,西港區,64,1361,72.29
110775,2022-06-02,台南市,西港區,70,1297,76.14
111165,2022-06-01,台南市,西港區,68,1227,81.29
111557,2022-05-31,台南市,西港區,115,1159,81.43
111948,2022-05-30,台南市,西港區,76,1044,75.57
112339,2022-05-29,台南市,西港區,43,968,73.14
112730,2022-05-28,台南市,西港區,70,925,75.71
113120,2022-05-27,台南市,西港區,91,855,73.00
113510,2022-05-26,台南市,西港區,106,764,66.00
113902,2022-05-25,台南市,西港區,69,658,57.57
114291,2022-05-24,台南市,西港區,74,589,53.57
114683,2022-05-23,台南市,西港區,59,515,48.86
115074,2022-05-22,台南市,西港區,61,456,42.86
115465,2022-05-21,台南市,西港區,51,395,36.71
115850,2022-05-20,台南市,西港區,42,344,31.57
116238,2022-05-19,台南市,西港區,47,302,27.86
116627,2022-05-18,台南市,西港區,41,255,22.00
117017,2022-05-17,台南市,西港區,41,214,19.00
117406,2022-05-16,台南市,西港區,17,173,15.71
117795,2022-05-15,台南市,西港區,18,156,15.00
118180,2022-05-14,台南市,西港區,15,138,13.43
118564,2022-05-13,台南市,西港區,16,123,11.86
118951,2022-05-12,台南市,西港區,6,107,10.86
119335,2022-05-11,台南市,西港區,20,101,10.71
119720,2022-05-10,台南市,西港區,18,81,8.29
120102,2022-05-09,台南市,西港區,12,63,6.57
120483,2022-05-08,台南市,西港區,7,51,5.14
120867,2022-05-07,台南市,西港區,4,44,4.29
121246,2022-05-06,台南市,西港區,9,40,4.00
121624,2022-05-05,台南市,西港區,5,31,2.71
121994,2022-05-04,台南市,西港區,3,26,2.00
122356,2022-05-03,台南市,西港區,6,23,1.57
122714,2022-05-02,台南市,西港區,2,17,0.71
123063,2022-05-01,台南市,西港區,1,15,0.71
123398,2022-04-30,台南市,西港區,2,14,0.57
124938,2022-04-25,台南市,西港區,2,12,1.00
125453,2022-04-23,台南市,西港區,5,10,0.86
126744,2022-04-17,台南市,西港區,1,5,0.29
127238,2022-04-14,台南市,西港區,1,4,0.14
133224,2021-05-28,台南市,西港區,3,3,0.43
