UID,個案研判日,縣市別,區域,新增確診人數,累計確診人數,七天移動平均新增確診人數
164,2023-06-14,台南市,北區,2,53734,0.29
721,2023-03-20,台南市,北區,25,53732,50.86
1014,2023-03-19,台南市,北區,30,53707,58.57
1344,2023-03-18,台南市,北區,49,53677,60.14
1683,2023-03-17,台南市,北區,68,53628,61.14
2036,2023-03-16,台南市,北區,56,53560,60.00
2388,2023-03-15,台南市,北區,64,53504,60.86
2738,2023-03-14,台南市,北區,64,53440,60.43
3096,2023-03-13,台南市,北區,79,53376,63.43
3454,2023-03-12,台南市,北區,41,53297,63.00
3801,2023-03-11,台南市,北區,56,53256,64.14
4152,2023-03-10,台南市,北區,60,53200,63.14
4509,2023-03-09,台南市,北區,62,53140,67.29
4867,2023-03-08,台南市,北區,61,53078,70.29
5221,2023-03-07,台南市,北區,85,53017,76.14
5581,2023-03-06,台南市,北區,76,52932,77.00
5945,2023-03-05,台南市,北區,49,52856,75.00
6283,2023-03-04,台南市,北區,49,52807,75.71
6637,2023-03-03,台南市,北區,89,52758,80.29
6996,2023-03-02,台南市,北區,83,52669,77.57
7360,2023-03-01,台南市,北區,102,52586,79.14
7731,2023-02-28,台南市,北區,91,52484,77.86
8094,2023-02-27,台南市,北區,62,52393,79.14
8453,2023-02-26,台南市,北區,54,52331,85.00
8797,2023-02-25,台南市,北區,81,52277,88.86
9167,2023-02-24,台南市,北區,70,52196,91.14
9528,2023-02-23,台南市,北區,94,52126,97.43
9899,2023-02-22,台南市,北區,93,52032,94.00
10273,2023-02-21,台南市,北區,100,51939,96.43
10643,2023-02-20,台南市,北區,103,51839,99.57
11022,2023-02-19,台南市,北區,81,51736,101.71
11381,2023-02-18,台南市,北區,97,51655,97.86
11747,2023-02-17,台南市,北區,114,51558,96.57
12120,2023-02-16,台南市,北區,70,51444,90.57
12495,2023-02-15,台南市,北區,110,51374,98.14
12868,2023-02-14,台南市,北區,122,51264,98.57
13240,2023-02-13,台南市,北區,118,51142,99.86
13618,2023-02-12,台南市,北區,54,51024,101.14
13976,2023-02-11,台南市,北區,88,50970,106.57
14348,2023-02-10,台南市,北區,72,50882,112.71
14721,2023-02-09,台南市,北區,123,50810,125.43
15098,2023-02-08,台南市,北區,113,50687,132.57
15477,2023-02-07,台南市,北區,131,50574,141.00
15856,2023-02-06,台南市,北區,127,50443,145.14
16237,2023-02-05,台南市,北區,92,50316,157.00
16606,2023-02-04,台南市,北區,131,50224,156.43
16985,2023-02-03,台南市,北區,161,50093,163.00
17371,2023-02-02,台南市,北區,173,49932,163.71
17754,2023-02-01,台南市,北區,172,49759,163.71
18131,2023-01-31,台南市,北區,160,49587,159.71
18516,2023-01-30,台南市,北區,210,49427,154.14
18905,2023-01-29,台南市,北區,88,49217,136.29
19281,2023-01-28,台南市,北區,177,49129,134.14
19660,2023-01-27,台南市,北區,166,48952,125.71
20038,2023-01-26,台南市,北區,173,48786,121.57
20415,2023-01-25,台南市,北區,144,48613,112.86
20780,2023-01-24,台南市,北區,121,48469,110.00
21154,2023-01-23,台南市,北區,85,48348,116.29
21522,2023-01-22,台南市,北區,73,48263,122.29
21886,2023-01-21,台南市,北區,118,48190,127.29
22258,2023-01-20,台南市,北區,137,48072,128.29
22625,2023-01-19,台南市,北區,112,47935,127.29
22996,2023-01-18,台南市,北區,124,47823,131.00
23366,2023-01-17,台南市,北區,165,47699,134.43
23732,2023-01-16,台南市,北區,127,47534,137.29
24108,2023-01-15,台南市,北區,108,47407,143.29
24474,2023-01-14,台南市,北區,125,47299,144.43
24843,2023-01-13,台南市,北區,130,47174,152.29
25211,2023-01-12,台南市,北區,138,47044,154.86
25586,2023-01-11,台南市,北區,148,46906,159.29
25962,2023-01-10,台南市,北區,185,46758,164.86
26334,2023-01-09,台南市,北區,169,46573,169.29
26711,2023-01-08,台南市,北區,116,46404,167.86
27069,2023-01-07,台南市,北區,180,46288,165.57
27441,2023-01-06,台南市,北區,148,46108,165.71
27817,2023-01-05,台南市,北區,169,45960,166.43
28197,2023-01-04,台南市,北區,187,45791,165.29
28578,2023-01-03,台南市,北區,216,45604,165.86
28959,2023-01-02,台南市,北區,159,45388,159.14
29331,2023-01-01,台南市,北區,100,45229,161.29
29693,2022-12-31,台南市,北區,181,45129,158.71
30059,2022-12-30,台南市,北區,153,44948,148.43
30431,2022-12-29,台南市,北區,161,44795,144.29
30803,2022-12-28,台南市,北區,191,44634,138.57
31174,2022-12-27,台南市,北區,169,44443,128.86
31550,2022-12-26,台南市,北區,174,44274,121.71
31922,2022-12-25,台南市,北區,82,44100,112.86
32277,2022-12-24,台南市,北區,109,44018,109.00
32637,2022-12-23,台南市,北區,124,43909,107.14
33001,2022-12-22,台南市,北區,121,43785,101.86
33368,2022-12-21,台南市,北區,123,43664,98.00
33738,2022-12-20,台南市,北區,119,43541,92.57
34101,2022-12-19,台南市,北區,112,43422,90.14
34471,2022-12-18,台南市,北區,55,43310,93.00
34820,2022-12-17,台南市,北區,96,43255,95.71
35180,2022-12-16,台南市,北區,87,43159,92.86
35545,2022-12-15,台南市,北區,94,43072,92.43
35916,2022-12-14,台南市,北區,85,42978,93.29
36273,2022-12-13,台南市,北區,102,42893,94.14
36649,2022-12-12,台南市,北區,132,42791,89.29
37019,2022-12-11,台南市,北區,74,42659,82.14
37372,2022-12-10,台南市,北區,76,42585,80.86
37741,2022-12-09,台南市,北區,84,42509,80.14
38106,2022-12-08,台南市,北區,100,42425,76.57
38479,2022-12-07,台南市,北區,91,42325,72.86
38850,2022-12-06,台南市,北區,68,42234,70.29
39222,2022-12-05,台南市,北區,82,42166,74.29
39600,2022-12-04,台南市,北區,65,42084,79.57
39965,2022-12-03,台南市,北區,71,42019,79.14
40335,2022-12-02,台南市,北區,59,41948,79.86
40704,2022-12-01,台南市,北區,74,41889,83.14
41073,2022-11-30,台南市,北區,73,41815,85.14
41445,2022-11-29,台南市,北區,96,41742,88.29
41825,2022-11-28,台南市,北區,119,41646,92.29
42202,2022-11-27,台南市,北區,62,41527,93.43
42563,2022-11-26,台南市,北區,76,41465,96.14
42919,2022-11-25,台南市,北區,82,41389,101.71
43291,2022-11-24,台南市,北區,88,41307,106.71
43661,2022-11-23,台南市,北區,95,41219,115.71
44032,2022-11-22,台南市,北區,124,41124,121.00
44406,2022-11-21,台南市,北區,127,41000,125.57
44787,2022-11-20,台南市,北區,81,40873,125.29
45152,2022-11-19,台南市,北區,115,40792,135.00
45526,2022-11-18,台南市,北區,117,40677,137.43
45898,2022-11-17,台南市,北區,151,40560,142.29
46271,2022-11-16,台南市,北區,132,40409,143.71
46651,2022-11-15,台南市,北區,156,40277,146.71
47032,2022-11-14,台南市,北區,125,40121,152.57
47413,2022-11-13,台南市,北區,149,39996,161.43
47783,2022-11-12,台南市,北區,132,39847,157.86
48159,2022-11-11,台南市,北區,151,39715,164.14
48539,2022-11-10,台南市,北區,161,39564,167.57
48921,2022-11-09,台南市,北區,153,39403,173.00
49305,2022-11-08,台南市,北區,197,39250,181.29
49690,2022-11-07,台南市,北區,187,39053,183.86
50075,2022-11-06,台南市,北區,124,38866,189.71
50444,2022-11-05,台南市,北區,176,38742,189.00
50819,2022-11-04,台南市,北區,175,38566,193.86
51205,2022-11-03,台南市,北區,199,38391,196.86
51585,2022-11-02,台南市,北區,211,38192,199.86
51971,2022-11-01,台南市,北區,215,37981,200.14
52356,2022-10-31,台南市,北區,228,37766,207.00
52739,2022-10-30,台南市,北區,119,37538,212.29
53118,2022-10-29,台南市,北區,210,37419,219.00
53497,2022-10-28,台南市,北區,196,37209,220.14
53884,2022-10-27,台南市,北區,220,37013,223.14
54271,2022-10-26,台南市,北區,213,36793,220.71
54655,2022-10-25,台南市,北區,263,36580,224.14
55044,2022-10-24,台南市,北區,265,36317,226.43
55434,2022-10-23,台南市,北區,166,36052,229.43
55811,2022-10-22,台南市,北區,218,35886,232.29
56196,2022-10-21,台南市,北區,217,35668,236.43
56586,2022-10-20,台南市,北區,203,35451,241.43
56971,2022-10-19,台南市,北區,237,35248,250.86
57358,2022-10-18,台南市,北區,279,35011,251.71
57748,2022-10-17,台南市,北區,286,34732,248.86
58138,2022-10-16,台南市,北區,186,34446,235.00
58522,2022-10-15,台南市,北區,247,34260,233.71
58907,2022-10-14,台南市,北區,252,34013,227.43
59297,2022-10-13,台南市,北區,269,33761,226.43
59688,2022-10-12,台南市,北區,243,33492,224.14
60077,2022-10-11,台南市,北區,259,33249,224.86
60469,2022-10-10,台南市,北區,189,32990,228.29
60853,2022-10-09,台南市,北區,177,32801,237.43
61240,2022-10-08,台南市,北區,203,32624,237.71
61629,2022-10-07,台南市,北區,245,32421,241.00
62016,2022-10-06,台南市,北區,253,32176,233.43
62407,2022-10-05,台南市,北區,248,31923,227.14
62794,2022-10-04,台南市,北區,283,31675,220.71
63182,2022-10-03,台南市,北區,253,31392,208.14
63573,2022-10-02,台南市,北區,179,31139,195.57
63955,2022-10-01,台南市,北區,226,30960,188.00
64341,2022-09-30,台南市,北區,192,30734,177.86
64725,2022-09-29,台南市,北區,209,30542,172.71
65113,2022-09-28,台南市,北區,203,30333,161.86
65501,2022-09-27,台南市,北區,195,30130,155.14
65888,2022-09-26,台南市,北區,165,29935,148.71
66277,2022-09-25,台南市,北區,126,29770,149.57
66660,2022-09-24,台南市,北區,155,29644,150.14
67043,2022-09-23,台南市,北區,156,29489,151.43
67432,2022-09-22,台南市,北區,133,29333,152.86
67819,2022-09-21,台南市,北區,156,29200,156.14
68208,2022-09-20,台南市,北區,150,29044,159.57
68598,2022-09-19,台南市,北區,171,28894,169.00
68989,2022-09-18,台南市,北區,130,28723,170.57
69371,2022-09-17,台南市,北區,164,28593,172.43
69759,2022-09-16,台南市,北區,166,28429,168.14
70144,2022-09-15,台南市,北區,156,28263,162.86
70531,2022-09-14,台南市,北區,180,28107,162.29
70916,2022-09-13,台南市,北區,216,27927,154.00
71305,2022-09-12,台南市,北區,182,27711,144.29
71695,2022-09-11,台南市,北區,143,27529,140.86
72077,2022-09-10,台南市,北區,134,27386,136.00
72459,2022-09-09,台南市,北區,129,27252,139.29
72841,2022-09-08,台南市,北區,152,27123,141.14
73228,2022-09-07,台南市,北區,122,26971,140.00
73612,2022-09-06,台南市,北區,148,26849,148.00
73998,2022-09-05,台南市,北區,158,26701,152.29
74385,2022-09-04,台南市,北區,109,26543,153.00
74767,2022-09-03,台南市,北區,157,26434,151.43
75154,2022-09-02,台南市,北區,142,26277,146.29
75540,2022-09-01,台南市,北區,144,26135,144.71
75929,2022-08-31,台南市,北區,178,25991,139.71
76316,2022-08-30,台南市,北區,178,25813,130.71
76704,2022-08-29,台南市,北區,163,25635,126.57
77094,2022-08-28,台南市,北區,98,25472,120.29
77475,2022-08-27,台南市,北區,121,25374,117.14
77862,2022-08-26,台南市,北區,131,25253,115.71
78247,2022-08-25,台南市,北區,109,25122,110.43
78633,2022-08-24,台南市,北區,115,25013,107.57
79020,2022-08-23,台南市,北區,149,24898,105.71
79403,2022-08-22,台南市,北區,119,24749,98.00
79793,2022-08-21,台南市,北區,76,24630,95.71
80168,2022-08-20,台南市,北區,111,24554,94.14
80553,2022-08-19,台南市,北區,94,24443,92.00
80937,2022-08-18,台南市,北區,89,24349,94.29
81326,2022-08-17,台南市,北區,102,24260,96.00
81711,2022-08-16,台南市,北區,95,24158,95.71
82098,2022-08-15,台南市,北區,103,24063,99.57
82485,2022-08-14,台南市,北區,65,23960,107.14
82862,2022-08-13,台南市,北區,96,23895,108.86
83241,2022-08-12,台南市,北區,110,23799,110.00
83627,2022-08-11,台南市,北區,101,23689,110.71
84013,2022-08-10,台南市,北區,100,23588,112.43
84399,2022-08-09,台南市,北區,122,23488,114.86
84781,2022-08-08,台南市,北區,156,23366,116.00
85166,2022-08-07,台南市,北區,77,23210,116.14
85539,2022-08-06,台南市,北區,104,23133,119.86
85918,2022-08-05,台南市,北區,115,23029,120.29
86305,2022-08-04,台南市,北區,113,22914,121.00
86690,2022-08-03,台南市,北區,117,22801,120.57
87073,2022-08-02,台南市,北區,130,22684,121.57
87458,2022-08-01,台南市,北區,157,22554,120.57
87846,2022-07-31,台南市,北區,103,22397,118.86
88222,2022-07-30,台南市,北區,107,22294,117.14
88601,2022-07-29,台南市,北區,120,22187,122.00
88985,2022-07-28,台南市,北區,110,22067,120.14
89371,2022-07-27,台南市,北區,124,21957,123.00
89762,2022-07-26,台南市,北區,123,21833,124.57
90149,2022-07-25,台南市,北區,145,21710,126.57
90533,2022-07-24,台南市,北區,91,21565,124.86
90910,2022-07-23,台南市,北區,141,21474,125.14
91295,2022-07-22,台南市,北區,107,21333,120.57
91681,2022-07-21,台南市,北區,130,21226,123.57
92065,2022-07-20,台南市,北區,135,21096,121.00
92452,2022-07-19,台南市,北區,137,20961,120.00
92840,2022-07-18,台南市,北區,133,20824,121.14
93229,2022-07-17,台南市,北區,93,20691,122.14
93607,2022-07-16,台南市,北區,109,20598,121.86
93994,2022-07-15,台南市,北區,128,20489,125.00
94381,2022-07-14,台南市,北區,112,20361,129.14
94769,2022-07-13,台南市,北區,128,20249,135.14
95158,2022-07-12,台南市,北區,145,20121,143.29
95546,2022-07-11,台南市,北區,140,19976,149.71
95934,2022-07-10,台南市,北區,91,19836,157.57
96317,2022-07-09,台南市,北區,131,19745,160.00
96704,2022-07-08,台南市,北區,157,19614,170.14
97095,2022-07-07,台南市,北區,154,19457,173.29
97486,2022-07-06,台南市,北區,185,19303,177.86
97875,2022-07-05,台南市,北區,190,19118,184.14
98264,2022-07-04,台南市,北區,195,18928,190.86
98653,2022-07-03,台南市,北區,108,18733,201.00
99038,2022-07-02,台南市,北區,202,18625,210.71
99426,2022-07-01,台南市,北區,179,18423,218.00
99818,2022-06-30,台南市,北區,186,18244,225.14
100209,2022-06-29,台南市,北區,229,18058,247.00
100599,2022-06-28,台南市,北區,237,17829,255.71
100990,2022-06-27,台南市,北區,266,17592,265.29
101379,2022-06-26,台南市,北區,176,17326,277.43
101764,2022-06-25,台南市,北區,253,17150,287.00
102154,2022-06-24,台南市,北區,229,16897,297.57
102545,2022-06-23,台南市,北區,339,16668,318.00
102937,2022-06-22,台南市,北區,290,16329,321.57
103327,2022-06-21,台南市,北區,304,16039,341.71
103718,2022-06-20,台南市,北區,351,15735,369.29
104109,2022-06-19,台南市,北區,243,15384,380.43
104499,2022-06-18,台南市,北區,327,15141,386.00
104890,2022-06-17,台南市,北區,372,14814,406.29
105281,2022-06-16,台南市,北區,364,14442,402.14
105671,2022-06-15,台南市,北區,431,14078,404.29
106061,2022-06-14,台南市,北區,497,13647,400.29
106452,2022-06-13,台南市,北區,429,13150,393.29
106843,2022-06-12,台南市,北區,282,12721,404.29
107230,2022-06-11,台南市,北區,469,12439,414.86
107621,2022-06-10,台南市,北區,343,11970,397.00
108010,2022-06-09,台南市,北區,379,11627,406.29
108401,2022-06-08,台南市,北區,403,11248,413.00
108789,2022-06-07,台南市,北區,448,10845,412.29
109181,2022-06-06,台南市,北區,506,10397,424.57
109572,2022-06-05,台南市,北區,356,9891,415.00
109961,2022-06-04,台南市,北區,344,9535,403.00
110350,2022-06-03,台南市,北區,408,9191,418.14
110742,2022-06-02,台南市,北區,426,8783,437.86
111132,2022-06-01,台南市,北區,398,8357,461.43
111523,2022-05-31,台南市,北區,534,7959,459.71
111915,2022-05-30,台南市,北區,439,7425,444.43
112305,2022-05-29,台南市,北區,272,6986,434.86
112696,2022-05-28,台南市,北區,450,6714,437.57
113086,2022-05-27,台南市,北區,546,6264,421.71
113477,2022-05-26,台南市,北區,591,5718,386.14
113868,2022-05-25,台南市,北區,386,5127,348.71
114258,2022-05-24,台南市,北區,427,4741,345.86
114649,2022-05-23,台南市,北區,372,4314,322.43
115040,2022-05-22,台南市,北區,291,3942,294.14
115431,2022-05-21,台南市,北區,339,3651,280.14
115818,2022-05-20,台南市,北區,297,3312,255.57
116204,2022-05-19,台南市,北區,329,3015,234.00
116593,2022-05-18,台南市,北區,366,2686,212.00
116983,2022-05-17,台南市,北區,263,2320,183.57
117373,2022-05-16,台南市,北區,174,2057,167.57
117761,2022-05-15,台南市,北區,193,1883,157.43
118147,2022-05-14,台南市,北區,167,1690,147.86
118530,2022-05-13,台南市,北區,146,1523,137.71
118917,2022-05-12,台南市,北區,175,1377,133.00
119301,2022-05-11,台南市,北區,167,1202,119.71
119686,2022-05-10,台南市,北區,151,1035,105.57
120071,2022-05-09,台南市,北區,103,884,92.71
120450,2022-05-08,台南市,北區,126,781,83.86
120835,2022-05-07,台南市,北區,96,655,70.71
121213,2022-05-06,台南市,北區,113,559,63.71
121591,2022-05-05,台南市,北區,82,446,49.43
121963,2022-05-04,台南市,北區,68,364,40.43
122324,2022-05-03,台南市,北區,61,296,34.00
122682,2022-05-02,台南市,北區,41,235,27.43
123032,2022-05-01,台南市,北區,34,194,22.71
123367,2022-04-30,台南市,北區,47,160,18.14
123698,2022-04-29,台南市,北區,13,113,11.71
124014,2022-04-28,台南市,北區,19,100,10.00
124328,2022-04-27,台南市,北區,23,81,8.14
124623,2022-04-26,台南市,北區,15,58,5.00
124912,2022-04-25,台南市,北區,8,43,3.57
125189,2022-04-24,台南市,北區,2,35,2.57
125428,2022-04-23,台南市,北區,2,33,2.29
125677,2022-04-22,台南市,北區,1,31,2.00
125921,2022-04-21,台南市,北區,6,30,2.14
126152,2022-04-20,台南市,北區,1,24,1.43
126360,2022-04-19,台南市,北區,5,23,1.71
126554,2022-04-18,台南市,北區,1,18,1.29
127056,2022-04-15,台南市,北區,2,17,1.86
127225,2022-04-14,台南市,北區,1,15,1.71
127387,2022-04-13,台南市,北區,3,14,1.57
127535,2022-04-12,台南市,北區,2,11,1.14
127680,2022-04-11,台南市,北區,1,9,0.86
127815,2022-04-10,台南市,北區,1,8,0.71
127940,2022-04-09,台南市,北區,3,7,0.57
128053,2022-04-08,台南市,北區,1,4,0.14
133408,2021-05-26,台南市,北區,1,3,0.43
133588,2021-05-24,台南市,北區,2,2,0.29
