UID,個案研判日,縣市別,區域,新增確診人數,累計確診人數,七天移動平均新增確診人數
566,2023-03-21,台南市,鹽水區,1,7740,4.57
800,2023-03-20,台南市,鹽水區,3,7739,5.29
1102,2023-03-19,台南市,鹽水區,2,7736,5.29
1435,2023-03-18,台南市,鹽水區,6,7734,5.57
1781,2023-03-17,台南市,鹽水區,4,7728,5.71
2133,2023-03-16,台南市,鹽水區,9,7724,6.00
2486,2023-03-15,台南市,鹽水區,7,7715,5.86
2836,2023-03-14,台南市,鹽水區,6,7708,5.00
3194,2023-03-13,台南市,鹽水區,3,7702,5.71
3548,2023-03-12,台南市,鹽水區,4,7699,6.29
3898,2023-03-11,台南市,鹽水區,7,7695,5.86
4248,2023-03-10,台南市,鹽水區,6,7688,6.57
4605,2023-03-09,台南市,鹽水區,8,7682,6.71
4961,2023-03-08,台南市,鹽水區,1,7674,7.57
5318,2023-03-07,台南市,鹽水區,11,7673,9.29
5680,2023-03-06,台南市,鹽水區,7,7662,8.86
6039,2023-03-05,台南市,鹽水區,1,7655,9.71
6380,2023-03-04,台南市,鹽水區,12,7654,9.71
6734,2023-03-03,台南市,鹽水區,7,7642,8.86
7095,2023-03-02,台南市,鹽水區,14,7635,9.00
7457,2023-03-01,台南市,鹽水區,13,7621,7.71
7829,2023-02-28,台南市,鹽水區,8,7608,7.71
8195,2023-02-27,台南市,鹽水區,13,7600,8.43
8546,2023-02-26,台南市,鹽水區,1,7587,11.57
8898,2023-02-25,台南市,鹽水區,6,7586,13.14
9267,2023-02-24,台南市,鹽水區,8,7580,14.57
9630,2023-02-23,台南市,鹽水區,5,7572,15.57
10000,2023-02-22,台南市,鹽水區,13,7567,17.43
10373,2023-02-21,台南市,鹽水區,13,7554,17.71
10745,2023-02-20,台南市,鹽水區,35,7541,19.14
11119,2023-02-19,台南市,鹽水區,12,7506,16.86
11481,2023-02-18,台南市,鹽水區,16,7494,18.00
11846,2023-02-17,台南市,鹽水區,15,7478,17.71
12222,2023-02-16,台南市,鹽水區,18,7463,19.57
12595,2023-02-15,台南市,鹽水區,15,7445,21.43
12970,2023-02-14,台南市,鹽水區,23,7430,22.86
13341,2023-02-13,台南市,鹽水區,19,7407,23.00
13718,2023-02-12,台南市,鹽水區,20,7388,24.43
14078,2023-02-11,台南市,鹽水區,14,7368,23.71
14447,2023-02-10,台南市,鹽水區,28,7354,23.86
14821,2023-02-09,台南市,鹽水區,31,7326,22.14
15201,2023-02-08,台南市,鹽水區,25,7295,20.57
15578,2023-02-07,台南市,鹽水區,24,7270,20.43
15958,2023-02-06,台南市,鹽水區,29,7246,22.43
16334,2023-02-05,台南市,鹽水區,15,7217,22.57
16708,2023-02-04,台南市,鹽水區,15,7202,21.71
17087,2023-02-03,台南市,鹽水區,16,7187,23.71
17473,2023-02-02,台南市,鹽水區,20,7171,25.43
17854,2023-02-01,台南市,鹽水區,24,7151,24.71
18234,2023-01-31,台南市,鹽水區,38,7127,24.14
18619,2023-01-30,台南市,鹽水區,30,7089,21.57
19005,2023-01-29,台南市,鹽水區,9,7059,18.86
19383,2023-01-28,台南市,鹽水區,29,7050,18.86
19759,2023-01-27,台南市,鹽水區,28,7021,16.86
20140,2023-01-26,台南市,鹽水區,15,6993,16.43
20511,2023-01-25,台南市,鹽水區,20,6978,16.00
20880,2023-01-24,台南市,鹽水區,20,6958,14.71
21252,2023-01-23,台南市,鹽水區,11,6938,13.71
21621,2023-01-22,台南市,鹽水區,9,6927,13.43
21988,2023-01-21,台南市,鹽水區,15,6918,13.14
22361,2023-01-20,台南市,鹽水區,25,6903,12.71
22726,2023-01-19,台南市,鹽水區,12,6878,10.86
23099,2023-01-18,台南市,鹽水區,11,6866,10.86
23465,2023-01-17,台南市,鹽水區,13,6855,11.14
23832,2023-01-16,台南市,鹽水區,9,6842,11.14
24210,2023-01-15,台南市,鹽水區,7,6833,12.86
24573,2023-01-14,台南市,鹽水區,12,6826,13.29
24940,2023-01-13,台南市,鹽水區,12,6814,13.43
25311,2023-01-12,台南市,鹽水區,12,6802,15.14
25685,2023-01-11,台南市,鹽水區,13,6790,15.71
26061,2023-01-10,台南市,鹽水區,13,6777,17.43
26434,2023-01-09,台南市,鹽水區,21,6764,19.29
26808,2023-01-08,台南市,鹽水區,10,6743,19.29
27169,2023-01-07,台南市,鹽水區,13,6733,19.00
27542,2023-01-06,台南市,鹽水區,24,6720,19.86
27919,2023-01-05,台南市,鹽水區,16,6696,18.71
28297,2023-01-04,台南市,鹽水區,25,6680,19.14
28679,2023-01-03,台南市,鹽水區,26,6655,17.29
29059,2023-01-02,台南市,鹽水區,21,6629,16.14
29431,2023-01-01,台南市,鹽水區,8,6608,16.29
29792,2022-12-31,台南市,鹽水區,19,6600,16.43
30159,2022-12-30,台南市,鹽水區,16,6581,15.43
30533,2022-12-29,台南市,鹽水區,19,6565,14.43
30905,2022-12-28,台南市,鹽水區,12,6546,13.29
31274,2022-12-27,台南市,鹽水區,18,6534,12.43
31649,2022-12-26,台南市,鹽水區,22,6516,11.43
32018,2022-12-25,台南市,鹽水區,9,6494,10.29
32376,2022-12-24,台南市,鹽水區,12,6485,9.71
32735,2022-12-23,台南市,鹽水區,9,6473,9.00
33102,2022-12-22,台南市,鹽水區,11,6464,9.29
33467,2022-12-21,台南市,鹽水區,6,6453,8.86
33834,2022-12-20,台南市,鹽水區,11,6447,9.86
34200,2022-12-19,台南市,鹽水區,14,6436,9.57
34568,2022-12-18,台南市,鹽水區,5,6422,9.00
34918,2022-12-17,台南市,鹽水區,7,6417,9.00
35280,2022-12-16,台南市,鹽水區,11,6410,9.43
35643,2022-12-15,台南市,鹽水區,8,6399,9.14
36013,2022-12-14,台南市,鹽水區,13,6391,9.14
36373,2022-12-13,台南市,鹽水區,9,6378,8.00
36751,2022-12-12,台南市,鹽水區,10,6369,7.86
37114,2022-12-11,台南市,鹽水區,5,6359,7.86
37473,2022-12-10,台南市,鹽水區,10,6354,7.86
37840,2022-12-09,台南市,鹽水區,9,6344,6.57
38206,2022-12-08,台南市,鹽水區,8,6335,6.43
38580,2022-12-07,台南市,鹽水區,5,6327,5.86
38947,2022-12-06,台南市,鹽水區,8,6322,6.86
39323,2022-12-05,台南市,鹽水區,10,6314,7.14
39700,2022-12-04,台南市,鹽水區,5,6304,7.00
40066,2022-12-03,台南市,鹽水區,1,6299,7.00
40435,2022-12-02,台南市,鹽水區,8,6298,8.43
40801,2022-12-01,台南市,鹽水區,4,6290,8.71
41174,2022-11-30,台南市,鹽水區,12,6286,10.43
41547,2022-11-29,台南市,鹽水區,10,6274,9.29
41926,2022-11-28,台南市,鹽水區,9,6264,10.86
42303,2022-11-27,台南市,鹽水區,5,6255,12.86
42659,2022-11-26,台南市,鹽水區,11,6250,13.86
43021,2022-11-25,台南市,鹽水區,10,6239,14.57
43390,2022-11-24,台南市,鹽水區,16,6229,15.29
43759,2022-11-23,台南市,鹽水區,4,6213,15.71
44132,2022-11-22,台南市,鹽水區,21,6209,17.43
44509,2022-11-21,台南市,鹽水區,23,6188,16.14
44888,2022-11-20,台南市,鹽水區,12,6165,16.14
45255,2022-11-19,台南市,鹽水區,16,6153,15.43
45626,2022-11-18,台南市,鹽水區,15,6137,15.71
45999,2022-11-17,台南市,鹽水區,19,6122,16.14
46373,2022-11-16,台南市,鹽水區,16,6103,17.57
46754,2022-11-15,台南市,鹽水區,12,6087,19.57
47132,2022-11-14,台南市,鹽水區,23,6075,21.29
47511,2022-11-13,台南市,鹽水區,7,6052,21.71
47883,2022-11-12,台南市,鹽水區,18,6045,22.86
48261,2022-11-11,台南市,鹽水區,18,6027,23.29
48638,2022-11-10,台南市,鹽水區,29,6009,24.14
49022,2022-11-09,台南市,鹽水區,30,5980,24.14
49409,2022-11-08,台南市,鹽水區,24,5950,22.43
49794,2022-11-07,台南市,鹽水區,26,5926,21.86
50173,2022-11-06,台南市,鹽水區,15,5900,21.29
50542,2022-11-05,台南市,鹽水區,21,5885,22.14
50923,2022-11-04,台南市,鹽水區,24,5864,22.14
51308,2022-11-03,台南市,鹽水區,29,5840,20.29
51687,2022-11-02,台南市,鹽水區,18,5811,21.57
52075,2022-11-01,台南市,鹽水區,20,5793,24.14
52457,2022-10-31,台南市,鹽水區,22,5773,28.00
52841,2022-10-30,台南市,鹽水區,21,5751,31.57
53217,2022-10-29,台南市,鹽水區,21,5730,30.57
53601,2022-10-28,台南市,鹽水區,11,5709,30.14
53988,2022-10-27,台南市,鹽水區,38,5698,31.86
54371,2022-10-26,台南市,鹽水區,36,5660,29.57
54757,2022-10-25,台南市,鹽水區,47,5624,28.29
55148,2022-10-24,台南市,鹽水區,47,5577,27.43
55535,2022-10-23,台南市,鹽水區,14,5530,25.71
55914,2022-10-22,台南市,鹽水區,18,5516,26.43
56300,2022-10-21,台南市,鹽水區,23,5498,29.00
56689,2022-10-20,台南市,鹽水區,22,5475,31.14
57074,2022-10-19,台南市,鹽水區,27,5453,32.43
57461,2022-10-18,台南市,鹽水區,41,5426,34.14
57851,2022-10-17,台南市,鹽水區,35,5385,36.71
58240,2022-10-16,台南市,鹽水區,19,5350,37.29
58625,2022-10-15,台南市,鹽水區,36,5331,38.00
59011,2022-10-14,台南市,鹽水區,38,5295,38.43
59400,2022-10-13,台南市,鹽水區,31,5257,37.43
59791,2022-10-12,台南市,鹽水區,39,5226,38.14
60181,2022-10-11,台南市,鹽水區,59,5187,36.86
60571,2022-10-10,台南市,鹽水區,39,5128,34.71
60955,2022-10-09,台南市,鹽水區,24,5089,34.29
61343,2022-10-08,台南市,鹽水區,39,5065,34.29
61732,2022-10-07,台南市,鹽水區,31,5026,34.14
62119,2022-10-06,台南市,鹽水區,36,4995,34.00
62510,2022-10-05,台南市,鹽水區,30,4959,33.57
62898,2022-10-04,台南市,鹽水區,44,4929,35.57
63286,2022-10-03,台南市,鹽水區,36,4885,32.14
63677,2022-10-02,台南市,鹽水區,24,4849,32.57
64057,2022-10-01,台南市,鹽水區,38,4825,31.14
64443,2022-09-30,台南市,鹽水區,30,4787,30.43
64829,2022-09-29,台南市,鹽水區,33,4757,29.14
65217,2022-09-28,台南市,鹽水區,44,4724,27.00
65604,2022-09-27,台南市,鹽水區,20,4680,23.86
65991,2022-09-26,台南市,鹽水區,39,4660,24.43
66378,2022-09-25,台南市,鹽水區,14,4621,22.43
66762,2022-09-24,台南市,鹽水區,33,4607,21.86
67147,2022-09-23,台南市,鹽水區,21,4574,19.14
67535,2022-09-22,台南市,鹽水區,18,4553,19.43
67923,2022-09-21,台南市,鹽水區,22,4535,20.29
68312,2022-09-20,台南市,鹽水區,24,4513,20.86
68702,2022-09-19,台南市,鹽水區,25,4489,20.86
69092,2022-09-18,台南市,鹽水區,10,4464,22.57
69475,2022-09-17,台南市,鹽水區,14,4454,22.86
69862,2022-09-16,台南市,鹽水區,23,4440,23.14
70247,2022-09-15,台南市,鹽水區,24,4417,23.43
70634,2022-09-14,台南市,鹽水區,26,4393,23.43
71020,2022-09-13,台南市,鹽水區,24,4367,22.43
71409,2022-09-12,台南市,鹽水區,37,4343,23.71
71797,2022-09-11,台南市,鹽水區,12,4306,22.86
72179,2022-09-10,台南市,鹽水區,16,4294,23.00
72562,2022-09-09,台南市,鹽水區,25,4278,23.71
72944,2022-09-08,台南市,鹽水區,24,4253,24.29
73331,2022-09-07,台南市,鹽水區,19,4229,23.14
73715,2022-09-06,台南市,鹽水區,33,4210,23.14
74101,2022-09-05,台南市,鹽水區,31,4177,20.43
74486,2022-09-04,台南市,鹽水區,13,4146,18.57
74869,2022-09-03,台南市,鹽水區,21,4133,18.14
75257,2022-09-02,台南市,鹽水區,29,4112,17.43
75643,2022-09-01,台南市,鹽水區,16,4083,15.00
76032,2022-08-31,台南市,鹽水區,19,4067,14.43
76419,2022-08-30,台南市,鹽水區,14,4048,14.14
76807,2022-08-29,台南市,鹽水區,18,4034,15.14
77194,2022-08-28,台南市,鹽水區,10,4016,15.86
77579,2022-08-27,台南市,鹽水區,16,4006,16.14
77965,2022-08-26,台南市,鹽水區,12,3990,17.14
78349,2022-08-25,台南市,鹽水區,12,3978,18.14
78734,2022-08-24,台南市,鹽水區,17,3966,18.14
79122,2022-08-23,台南市,鹽水區,21,3949,18.57
79506,2022-08-22,台南市,鹽水區,23,3928,19.57
79892,2022-08-21,台南市,鹽水區,12,3905,18.14
80271,2022-08-20,台南市,鹽水區,23,3893,17.71
80654,2022-08-19,台南市,鹽水區,19,3870,15.86
81040,2022-08-18,台南市,鹽水區,12,3851,17.00
81429,2022-08-17,台南市,鹽水區,20,3839,19.14
81814,2022-08-16,台南市,鹽水區,28,3819,19.57
82201,2022-08-15,台南市,鹽水區,13,3791,19.71
82585,2022-08-14,台南市,鹽水區,9,3778,21.71
82962,2022-08-13,台南市,鹽水區,10,3769,22.86
83343,2022-08-12,台南市,鹽水區,27,3759,24.43
83728,2022-08-11,台南市,鹽水區,27,3732,23.71
84115,2022-08-10,台南市,鹽水區,23,3705,21.43
84500,2022-08-09,台南市,鹽水區,29,3682,21.86
84883,2022-08-08,台南市,鹽水區,27,3653,21.00
85264,2022-08-07,台南市,鹽水區,17,3626,21.86
85638,2022-08-06,台南市,鹽水區,21,3609,21.71
86021,2022-08-05,台南市,鹽水區,22,3588,22.57
86407,2022-08-04,台南市,鹽水區,11,3566,23.71
86792,2022-08-03,台南市,鹽水區,26,3555,25.29
87174,2022-08-02,台南市,鹽水區,23,3529,25.86
87561,2022-08-01,台南市,鹽水區,33,3506,25.71
87946,2022-07-31,台南市,鹽水區,16,3473,26.86
88323,2022-07-30,台南市,鹽水區,27,3457,26.00
88702,2022-07-29,台南市,鹽水區,30,3430,24.43
89088,2022-07-28,台南市,鹽水區,22,3400,24.71
89475,2022-07-27,台南市,鹽水區,30,3378,23.86
89865,2022-07-26,台南市,鹽水區,22,3348,24.57
90252,2022-07-25,台南市,鹽水區,41,3326,24.14
90633,2022-07-24,台南市,鹽水區,10,3285,22.86
91013,2022-07-23,台南市,鹽水區,16,3275,23.29
91398,2022-07-22,台南市,鹽水區,32,3259,24.71
91784,2022-07-21,台南市,鹽水區,16,3227,23.86
92167,2022-07-20,台南市,鹽水區,35,3211,24.57
92555,2022-07-19,台南市,鹽水區,19,3176,22.00
92944,2022-07-18,台南市,鹽水區,32,3157,21.57
93330,2022-07-17,台南市,鹽水區,13,3125,21.57
93709,2022-07-16,台南市,鹽水區,26,3112,21.43
94097,2022-07-15,台南市,鹽水區,26,3086,20.57
94484,2022-07-14,台南市,鹽水區,21,3060,19.86
94873,2022-07-13,台南市,鹽水區,17,3039,21.00
95261,2022-07-12,台南市,鹽水區,16,3022,23.29
95649,2022-07-11,台南市,鹽水區,32,3006,27.00
96036,2022-07-10,台南市,鹽水區,12,2974,27.29
96421,2022-07-09,台南市,鹽水區,20,2962,28.29
96808,2022-07-08,台南市,鹽水區,21,2942,29.14
97199,2022-07-07,台南市,鹽水區,29,2921,32.71
97590,2022-07-06,台南市,鹽水區,33,2892,33.71
97978,2022-07-05,台南市,鹽水區,42,2859,33.14
98368,2022-07-04,台南市,鹽水區,34,2817,33.00
98757,2022-07-03,台南市,鹽水區,19,2783,36.29
99140,2022-07-02,台南市,鹽水區,26,2764,37.00
99530,2022-07-01,台南市,鹽水區,46,2738,41.00
99922,2022-06-30,台南市,鹽水區,36,2692,39.71
100313,2022-06-29,台南市,鹽水區,29,2656,43.57
100703,2022-06-28,台南市,鹽水區,41,2627,49.71
101094,2022-06-27,台南市,鹽水區,57,2586,51.57
101481,2022-06-26,台南市,鹽水區,24,2529,50.86
101868,2022-06-25,台南市,鹽水區,54,2505,53.14
102257,2022-06-24,台南市,鹽水區,37,2451,54.86
102648,2022-06-23,台南市,鹽水區,63,2414,59.14
103041,2022-06-22,台南市,鹽水區,72,2351,58.43
103430,2022-06-21,台南市,鹽水區,54,2279,61.00
103822,2022-06-20,台南市,鹽水區,52,2225,64.29
104212,2022-06-19,台南市,鹽水區,40,2173,64.00
104603,2022-06-18,台南市,鹽水區,66,2133,64.29
104994,2022-06-17,台南市,鹽水區,67,2067,65.57
105384,2022-06-16,台南市,鹽水區,58,2000,68.71
105774,2022-06-15,台南市,鹽水區,90,1942,68.71
106164,2022-06-14,台南市,鹽水區,77,1852,63.29
106556,2022-06-13,台南市,鹽水區,50,1775,62.14
106946,2022-06-12,台南市,鹽水區,42,1725,65.86
107333,2022-06-11,台南市,鹽水區,75,1683,67.43
107725,2022-06-10,台南市,鹽水區,89,1608,64.43
108114,2022-06-09,台南市,鹽水區,58,1519,59.71
108503,2022-06-08,台南市,鹽水區,52,1461,63.57
108893,2022-06-07,台南市,鹽水區,69,1409,65.00
109285,2022-06-06,台南市,鹽水區,76,1340,67.14
109675,2022-06-05,台南市,鹽水區,53,1264,67.29
110064,2022-06-04,台南市,鹽水區,54,1211,69.00
110454,2022-06-03,台南市,鹽水區,56,1157,68.29
110845,2022-06-02,台南市,鹽水區,85,1101,69.14
111235,2022-06-01,台南市,鹽水區,62,1016,67.43
111627,2022-05-31,台南市,鹽水區,84,954,62.71
112018,2022-05-30,台南市,鹽水區,77,870,59.14
112409,2022-05-29,台南市,鹽水區,65,793,53.86
112800,2022-05-28,台南市,鹽水區,49,728,52.00
113190,2022-05-27,台南市,鹽水區,62,679,50.43
113580,2022-05-26,台南市,鹽水區,73,617,46.29
113971,2022-05-25,台南市,鹽水區,29,544,40.71
114361,2022-05-24,台南市,鹽水區,59,515,42.00
114753,2022-05-23,台南市,鹽水區,40,456,37.57
115144,2022-05-22,台南市,鹽水區,52,416,33.86
115535,2022-05-21,台南市,鹽水區,38,364,29.00
115920,2022-05-20,台南市,鹽水區,33,326,27.29
116308,2022-05-19,台南市,鹽水區,34,293,26.14
116696,2022-05-18,台南市,鹽水區,38,259,22.86
117087,2022-05-17,台南市,鹽水區,28,221,18.57
117476,2022-05-16,台南市,鹽水區,14,193,16.00
117864,2022-05-15,台南市,鹽水區,18,179,15.14
118248,2022-05-14,台南市,鹽水區,26,161,12.86
118633,2022-05-13,台南市,鹽水區,25,135,10.71
119020,2022-05-12,台南市,鹽水區,11,110,7.86
119404,2022-05-11,台南市,鹽水區,8,99,7.43
119789,2022-05-10,台南市,鹽水區,10,91,6.71
120171,2022-05-09,台南市,鹽水區,8,81,5.86
120552,2022-05-08,台南市,鹽水區,2,73,5.86
120937,2022-05-07,台南市,鹽水區,11,71,5.57
121315,2022-05-06,台南市,鹽水區,5,60,4.43
121692,2022-05-05,台南市,鹽水區,8,55,3.71
122060,2022-05-04,台南市,鹽水區,3,47,2.71
122424,2022-05-03,台南市,鹽水區,4,44,2.71
122779,2022-05-02,台南市,鹽水區,8,40,2.43
123459,2022-04-30,台南市,鹽水區,3,32,1.43
124100,2022-04-28,台南市,鹽水區,1,29,1.71
124407,2022-04-27,台南市,鹽水區,3,28,1.71
124703,2022-04-26,台南市,鹽水區,2,25,1.29
125254,2022-04-24,台南市,鹽水區,1,23,1.00
125741,2022-04-22,台南市,鹽水區,5,22,1.14
125980,2022-04-21,台南市,鹽水區,1,17,0.71
126920,2022-04-16,台南市,鹽水區,2,16,0.57
127092,2022-04-15,台南市,鹽水區,2,14,0.29
128394,2022-04-05,台南市,鹽水區,1,12,0.14
128949,2022-03-20,台南市,鹽水區,1,11,0.14
129020,2022-03-10,台南市,鹽水區,2,10,1.43
129041,2022-03-07,台南市,鹽水區,4,8,1.14
129047,2022-03-06,台南市,鹽水區,3,4,0.57
129064,2022-03-04,台南市,鹽水區,1,1,0.14
