UID,個案研判日,縣市別,區域,新增確診人數,累計確診人數,七天移動平均新增確診人數
1146,2023-03-19,台南市,柳營區,7,7549,7.14
1476,2023-03-18,台南市,柳營區,8,7542,7.43
1829,2023-03-17,台南市,柳營區,8,7534,6.71
2177,2023-03-16,台南市,柳營區,4,7526,6.43
2531,2023-03-15,台南市,柳營區,11,7522,7.29
2882,2023-03-14,台南市,柳營區,6,7511,6.71
3239,2023-03-13,台南市,柳營區,6,7505,7.29
3591,2023-03-12,台南市,柳營區,9,7499,8.86
3945,2023-03-11,台南市,柳營區,3,7490,8.43
4295,2023-03-10,台南市,柳營區,6,7487,10.14
4653,2023-03-09,台南市,柳營區,10,7481,11.00
5009,2023-03-08,台南市,柳營區,7,7471,11.86
5363,2023-03-07,台南市,柳營區,10,7464,12.29
5728,2023-03-06,台南市,柳營區,17,7454,12.86
6081,2023-03-05,台南市,柳營區,6,7437,11.43
6424,2023-03-04,台南市,柳營區,15,7431,12.14
6781,2023-03-03,台南市,柳營區,12,7416,12.00
7143,2023-03-02,台南市,柳營區,16,7404,12.57
7508,2023-03-01,台南市,柳營區,10,7388,13.00
7879,2023-02-28,台南市,柳營區,14,7378,14.00
8241,2023-02-27,台南市,柳營區,7,7364,14.57
8586,2023-02-26,台南市,柳營區,11,7357,16.14
8947,2023-02-25,台南市,柳營區,14,7346,16.29
9313,2023-02-24,台南市,柳營區,16,7332,16.43
9678,2023-02-23,台南市,柳營區,19,7316,16.00
10050,2023-02-22,台南市,柳營區,17,7297,15.57
10423,2023-02-21,台南市,柳營區,18,7280,15.00
10795,2023-02-20,台南市,柳營區,18,7262,15.71
11163,2023-02-19,台南市,柳營區,12,7244,15.14
11529,2023-02-18,台南市,柳營區,15,7232,14.86
11897,2023-02-17,台南市,柳營區,13,7217,15.71
12270,2023-02-16,台南市,柳營區,16,7204,17.14
12646,2023-02-15,台南市,柳營區,13,7188,17.00
13021,2023-02-14,台南市,柳營區,23,7175,17.29
13392,2023-02-13,台南市,柳營區,14,7152,20.29
13764,2023-02-12,台南市,柳營區,10,7138,22.00
14128,2023-02-11,台南市,柳營區,21,7128,22.43
14498,2023-02-10,台南市,柳營區,23,7107,21.00
14870,2023-02-09,台南市,柳營區,15,7084,19.14
15252,2023-02-08,台南市,柳營區,15,7069,19.57
15630,2023-02-07,台南市,柳營區,44,7054,21.14
16010,2023-02-06,台南市,柳營區,26,7010,17.43
16384,2023-02-05,台南市,柳營區,13,6984,17.43
16759,2023-02-04,台南市,柳營區,11,6971,19.86
17138,2023-02-03,台南市,柳營區,10,6960,20.86
17525,2023-02-02,台南市,柳營區,18,6950,21.43
17905,2023-02-01,台南市,柳營區,26,6932,21.00
18287,2023-01-31,台南市,柳營區,18,6906,19.29
18672,2023-01-30,台南市,柳營區,26,6888,19.29
19057,2023-01-29,台南市,柳營區,30,6862,18.00
19435,2023-01-28,台南市,柳營區,18,6832,14.86
19811,2023-01-27,台南市,柳營區,14,6814,13.43
20190,2023-01-26,台南市,柳營區,15,6800,14.29
20561,2023-01-25,台南市,柳營區,14,6785,14.00
20930,2023-01-24,台南市,柳營區,18,6771,13.14
21298,2023-01-23,台南市,柳營區,17,6753,12.29
21669,2023-01-22,台南市,柳營區,8,6736,12.43
22037,2023-01-21,台南市,柳營區,8,6728,13.00
22407,2023-01-20,台南市,柳營區,20,6720,13.43
22775,2023-01-19,台南市,柳營區,13,6700,12.14
23147,2023-01-18,台南市,柳營區,8,6687,12.71
23513,2023-01-17,台南市,柳營區,12,6679,13.86
23882,2023-01-16,台南市,柳營區,18,6667,13.43
24256,2023-01-15,台南市,柳營區,12,6649,13.43
24622,2023-01-14,台南市,柳營區,11,6637,13.29
24991,2023-01-13,台南市,柳營區,11,6626,13.86
25363,2023-01-12,台南市,柳營區,17,6615,14.14
25734,2023-01-11,台南市,柳營區,16,6598,14.00
26112,2023-01-10,台南市,柳營區,9,6582,14.71
26486,2023-01-09,台南市,柳營區,18,6573,17.00
26855,2023-01-08,台南市,柳營區,11,6555,16.29
27217,2023-01-07,台南市,柳營區,15,6544,17.14
27591,2023-01-06,台南市,柳營區,13,6529,17.43
27970,2023-01-05,台南市,柳營區,16,6516,17.57
28350,2023-01-04,台南市,柳營區,21,6500,17.14
28732,2023-01-03,台南市,柳營區,25,6479,15.43
29110,2023-01-02,台南市,柳營區,13,6454,14.14
29481,2023-01-01,台南市,柳營區,17,6441,15.29
29841,2022-12-31,台南市,柳營區,17,6424,14.14
30208,2022-12-30,台南市,柳營區,14,6407,12.43
30581,2022-12-29,台南市,柳營區,13,6393,11.00
30954,2022-12-28,台南市,柳營區,9,6380,11.29
31327,2022-12-27,台南市,柳營區,16,6371,11.71
31701,2022-12-26,台南市,柳營區,21,6355,10.43
32062,2022-12-25,台南市,柳營區,9,6334,9.86
32424,2022-12-24,台南市,柳營區,5,6325,9.57
32783,2022-12-23,台南市,柳營區,4,6320,9.86
33149,2022-12-22,台南市,柳營區,15,6316,11.57
33515,2022-12-21,台南市,柳營區,12,6301,9.86
33883,2022-12-20,台南市,柳營區,7,6289,9.71
34249,2022-12-19,台南市,柳營區,17,6282,11.43
34608,2022-12-18,台南市,柳營區,7,6265,10.14
34964,2022-12-17,台南市,柳營區,7,6258,9.71
35331,2022-12-16,台南市,柳營區,16,6251,10.43
35692,2022-12-15,台南市,柳營區,3,6235,8.57
36057,2022-12-14,台南市,柳營區,11,6232,9.57
36423,2022-12-13,台南市,柳營區,19,6221,10.29
36801,2022-12-12,台南市,柳營區,8,6202,10.29
37158,2022-12-11,台南市,柳營區,4,6194,11.00
37521,2022-12-10,台南市,柳營區,12,6190,11.14
37887,2022-12-09,台南市,柳營區,3,6178,11.14
38258,2022-12-08,台南市,柳營區,10,6175,12.29
38632,2022-12-07,台南市,柳營區,16,6165,11.57
38997,2022-12-06,台南市,柳營區,19,6149,11.29
39373,2022-12-05,台南市,柳營區,13,6130,9.57
39747,2022-12-04,台南市,柳營區,5,6117,9.57
40114,2022-12-03,台南市,柳營區,12,6112,9.57
40482,2022-12-02,台南市,柳營區,11,6100,8.86
40851,2022-12-01,台南市,柳營區,5,6089,8.43
41224,2022-11-30,台南市,柳營區,14,6084,8.86
41599,2022-11-29,台南市,柳營區,7,6070,7.57
41977,2022-11-28,台南市,柳營區,13,6063,8.43
42350,2022-11-27,台南市,柳營區,5,6050,9.86
42705,2022-11-26,台南市,柳營區,7,6045,11.00
43070,2022-11-25,台南市,柳營區,8,6038,11.86
43440,2022-11-24,台南市,柳營區,8,6030,12.00
43807,2022-11-23,台南市,柳營區,5,6022,13.29
44181,2022-11-22,台南市,柳營區,13,6017,14.14
44560,2022-11-21,台南市,柳營區,23,6004,15.14
44935,2022-11-20,台南市,柳營區,13,5981,15.71
45303,2022-11-19,台南市,柳營區,13,5968,15.43
45672,2022-11-18,台南市,柳營區,9,5955,15.14
46046,2022-11-17,台南市,柳營區,17,5946,16.57
46422,2022-11-16,台南市,柳營區,11,5929,17.00
46804,2022-11-15,台南市,柳營區,20,5918,18.00
47182,2022-11-14,台南市,柳營區,27,5898,18.71
47559,2022-11-13,台南市,柳營區,11,5871,17.86
47932,2022-11-12,台南市,柳營區,11,5860,18.29
48310,2022-11-11,台南市,柳營區,19,5849,18.86
48690,2022-11-10,台南市,柳營區,20,5830,18.57
49073,2022-11-09,台南市,柳營區,18,5810,17.86
49460,2022-11-08,台南市,柳營區,25,5792,18.71
49845,2022-11-07,台南市,柳營區,21,5767,18.57
50221,2022-11-06,台南市,柳營區,14,5746,19.57
50592,2022-11-05,台南市,柳營區,15,5732,19.86
50976,2022-11-04,台南市,柳營區,17,5717,19.71
51359,2022-11-03,台南市,柳營區,15,5700,20.43
51739,2022-11-02,台南市,柳營區,24,5685,21.29
52126,2022-11-01,台南市,柳營區,24,5661,23.00
52509,2022-10-31,台南市,柳營區,28,5637,23.57
52890,2022-10-30,台南市,柳營區,16,5609,24.14
53269,2022-10-29,台南市,柳營區,14,5593,25.14
53653,2022-10-28,台南市,柳營區,22,5579,26.86
54039,2022-10-27,台南市,柳營區,21,5557,28.43
54424,2022-10-26,台南市,柳營區,36,5536,30.57
54810,2022-10-25,台南市,柳營區,28,5500,31.00
55201,2022-10-24,台南市,柳營區,32,5472,33.43
55585,2022-10-23,台南市,柳營區,23,5440,34.29
55967,2022-10-22,台南市,柳營區,26,5417,33.57
56353,2022-10-21,台南市,柳營區,33,5391,34.86
56739,2022-10-20,台南市,柳營區,36,5358,35.00
57126,2022-10-19,台南市,柳營區,39,5322,36.29
57514,2022-10-18,台南市,柳營區,45,5283,36.86
57904,2022-10-17,台南市,柳營區,38,5238,35.71
58292,2022-10-16,台南市,柳營區,18,5200,36.14
58678,2022-10-15,台南市,柳營區,35,5182,37.71
59064,2022-10-14,台南市,柳營區,34,5147,37.57
59453,2022-10-13,台南市,柳營區,45,5113,37.86
59844,2022-10-12,台南市,柳營區,43,5068,35.86
60234,2022-10-11,台南市,柳營區,37,5025,34.71
60624,2022-10-10,台南市,柳營區,41,4988,34.71
61007,2022-10-09,台南市,柳營區,29,4947,33.43
61396,2022-10-08,台南市,柳營區,34,4918,32.29
61785,2022-10-07,台南市,柳營區,36,4884,32.43
62172,2022-10-06,台南市,柳營區,31,4848,29.57
62563,2022-10-05,台南市,柳營區,35,4817,28.57
62950,2022-10-04,台南市,柳營區,37,4782,27.57
63339,2022-10-03,台南市,柳營區,32,4745,24.57
63728,2022-10-02,台南市,柳營區,21,4713,23.86
64110,2022-10-01,台南市,柳營區,35,4692,21.71
64496,2022-09-30,台南市,柳營區,16,4657,18.71
64881,2022-09-29,台南市,柳營區,24,4641,18.43
65270,2022-09-28,台南市,柳營區,28,4617,17.14
65657,2022-09-27,台南市,柳營區,16,4589,16.57
66043,2022-09-26,台南市,柳營區,27,4573,17.86
66430,2022-09-25,台南市,柳營區,6,4546,17.29
66814,2022-09-24,台南市,柳營區,14,4540,18.14
67200,2022-09-23,台南市,柳營區,14,4526,17.86
67587,2022-09-22,台南市,柳營區,15,4512,19.14
67976,2022-09-21,台南市,柳營區,24,4497,20.43
68365,2022-09-20,台南市,柳營區,25,4473,21.57
68755,2022-09-19,台南市,柳營區,23,4448,22.14
69145,2022-09-18,台南市,柳營區,12,4425,22.71
69528,2022-09-17,台南市,柳營區,12,4413,23.29
69915,2022-09-16,台南市,柳營區,23,4401,23.14
70300,2022-09-15,台南市,柳營區,24,4378,23.00
70687,2022-09-14,台南市,柳營區,32,4354,21.14
71073,2022-09-13,台南市,柳營區,29,4322,19.43
71462,2022-09-12,台南市,柳營區,27,4293,17.43
71849,2022-09-11,台南市,柳營區,16,4266,16.57
72231,2022-09-10,台南市,柳營區,11,4250,15.86
72613,2022-09-09,台南市,柳營區,22,4239,17.00
72997,2022-09-08,台南市,柳營區,11,4217,16.86
73383,2022-09-07,台南市,柳營區,20,4206,18.43
73768,2022-09-06,台南市,柳營區,15,4186,20.14
74154,2022-09-05,台南市,柳營區,21,4171,21.71
74538,2022-09-04,台南市,柳營區,11,4150,22.71
74922,2022-09-03,台南市,柳營區,19,4139,22.71
75310,2022-09-02,台南市,柳營區,21,4120,22.43
75696,2022-09-01,台南市,柳營區,22,4099,21.29
76085,2022-08-31,台南市,柳營區,32,4077,19.29
76472,2022-08-30,台南市,柳營區,26,4045,18.14
76860,2022-08-29,台南市,柳營區,28,4019,16.29
77247,2022-08-28,台南市,柳營區,11,3991,17.00
77632,2022-08-27,台南市,柳營區,17,3980,17.71
78018,2022-08-26,台南市,柳營區,13,3963,17.71
78402,2022-08-25,台南市,柳營區,8,3950,18.14
78787,2022-08-24,台南市,柳營區,24,3942,19.86
79174,2022-08-23,台南市,柳營區,13,3918,18.71
79559,2022-08-22,台南市,柳營區,33,3905,19.71
79943,2022-08-21,台南市,柳營區,16,3872,17.29
80323,2022-08-20,台南市,柳營區,17,3856,16.71
80707,2022-08-19,台南市,柳營區,16,3839,16.43
81093,2022-08-18,台南市,柳營區,20,3823,17.00
81482,2022-08-17,台南市,柳營區,16,3803,16.86
81867,2022-08-16,台南市,柳營區,20,3787,17.14
82254,2022-08-15,台南市,柳營區,16,3767,17.43
82637,2022-08-14,台南市,柳營區,12,3751,16.71
83014,2022-08-13,台南市,柳營區,15,3739,17.00
83396,2022-08-12,台南市,柳營區,20,3724,17.43
83780,2022-08-11,台南市,柳營區,19,3704,16.71
84167,2022-08-10,台南市,柳營區,18,3685,15.14
84550,2022-08-09,台南市,柳營區,22,3667,15.71
84936,2022-08-08,台南市,柳營區,11,3645,15.57
85315,2022-08-07,台南市,柳營區,14,3634,17.57
85690,2022-08-06,台南市,柳營區,18,3620,17.14
86074,2022-08-05,台南市,柳營區,15,3602,16.86
86460,2022-08-04,台南市,柳營區,8,3587,17.71
86845,2022-08-03,台南市,柳營區,22,3579,19.71
87227,2022-08-02,台南市,柳營區,21,3557,19.71
87614,2022-08-01,台南市,柳營區,25,3536,19.86
87997,2022-07-31,台南市,柳營區,11,3511,20.29
88374,2022-07-30,台南市,柳營區,16,3500,21.57
88755,2022-07-29,台南市,柳營區,21,3484,22.86
89141,2022-07-28,台南市,柳營區,22,3463,22.57
89528,2022-07-27,台南市,柳營區,22,3441,23.29
89918,2022-07-26,台南市,柳營區,22,3419,24.00
90305,2022-07-25,台南市,柳營區,28,3397,24.57
90685,2022-07-24,台南市,柳營區,20,3369,24.71
91065,2022-07-23,台南市,柳營區,25,3349,25.57
91451,2022-07-22,台南市,柳營區,19,3324,25.43
91837,2022-07-21,台南市,柳營區,27,3305,25.86
92219,2022-07-20,台南市,柳營區,27,3278,25.57
92608,2022-07-19,台南市,柳營區,26,3251,25.57
92997,2022-07-18,台南市,柳營區,29,3225,25.86
93383,2022-07-17,台南市,柳營區,26,3196,24.29
93762,2022-07-16,台南市,柳營區,24,3170,22.43
94150,2022-07-15,台南市,柳營區,22,3146,22.43
94537,2022-07-14,台南市,柳營區,25,3124,22.29
94926,2022-07-13,台南市,柳營區,27,3099,20.86
95313,2022-07-12,台南市,柳營區,28,3072,20.71
95702,2022-07-11,台南市,柳營區,18,3044,21.71
96088,2022-07-10,台南市,柳營區,13,3026,23.86
96474,2022-07-09,台南市,柳營區,24,3013,23.86
96861,2022-07-08,台南市,柳營區,21,2989,25.43
97252,2022-07-07,台南市,柳營區,15,2968,26.86
97642,2022-07-06,台南市,柳營區,26,2953,29.14
98031,2022-07-05,台南市,柳營區,35,2927,31.71
98420,2022-07-04,台南市,柳營區,33,2892,34.86
98810,2022-07-03,台南市,柳營區,13,2859,35.14
99192,2022-07-02,台南市,柳營區,35,2846,36.86
99583,2022-07-01,台南市,柳營區,31,2811,37.71
99975,2022-06-30,台南市,柳營區,31,2780,38.43
100366,2022-06-29,台南市,柳營區,44,2749,39.86
100756,2022-06-28,台南市,柳營區,57,2705,39.86
101147,2022-06-27,台南市,柳營區,35,2648,40.71
101534,2022-06-26,台南市,柳營區,25,2613,44.14
101921,2022-06-25,台南市,柳營區,41,2588,48.29
102309,2022-06-24,台南市,柳營區,36,2547,51.00
102701,2022-06-23,台南市,柳營區,41,2511,55.00
103094,2022-06-22,台南市,柳營區,44,2470,59.86
103483,2022-06-21,台南市,柳營區,63,2426,64.00
103875,2022-06-20,台南市,柳營區,59,2363,63.43
104265,2022-06-19,台南市,柳營區,54,2304,65.86
104656,2022-06-18,台南市,柳營區,60,2250,62.14
105047,2022-06-17,台南市,柳營區,64,2190,63.43
105437,2022-06-16,台南市,柳營區,75,2126,60.14
105827,2022-06-15,台南市,柳營區,73,2051,56.00
106217,2022-06-14,台南市,柳營區,59,1978,54.86
106609,2022-06-13,台南市,柳營區,76,1919,58.57
106999,2022-06-12,台南市,柳營區,28,1843,58.57
107386,2022-06-11,台南市,柳營區,69,1815,63.00
107778,2022-06-10,台南市,柳營區,41,1746,63.71
108167,2022-06-09,台南市,柳營區,46,1705,68.57
108556,2022-06-08,台南市,柳營區,65,1659,72.71
108946,2022-06-07,台南市,柳營區,85,1594,73.86
109338,2022-06-06,台南市,柳營區,76,1509,73.29
109728,2022-06-05,台南市,柳營區,59,1433,73.57
110117,2022-06-04,台南市,柳營區,74,1374,73.71
110507,2022-06-03,台南市,柳營區,75,1300,72.57
110898,2022-06-02,台南市,柳營區,75,1225,67.14
111288,2022-06-01,台南市,柳營區,73,1150,68.00
111680,2022-05-31,台南市,柳營區,81,1077,66.57
112071,2022-05-30,台南市,柳營區,78,996,65.14
112462,2022-05-29,台南市,柳營區,60,918,62.29
112852,2022-05-28,台南市,柳營區,66,858,62.57
113243,2022-05-27,台南市,柳營區,37,792,60.86
113633,2022-05-26,台南市,柳營區,81,755,64.00
114024,2022-05-25,台南市,柳營區,63,674,58.00
114414,2022-05-24,台南市,柳營區,71,611,55.86
114806,2022-05-23,台南市,柳營區,58,540,50.57
115197,2022-05-22,台南市,柳營區,62,482,46.71
115588,2022-05-21,台南市,柳營區,54,420,40.00
115973,2022-05-20,台南市,柳營區,59,366,35.43
116361,2022-05-19,台南市,柳營區,39,307,29.43
116749,2022-05-18,台南市,柳營區,48,268,25.57
117140,2022-05-17,台南市,柳營區,34,220,19.43
117528,2022-05-16,台南市,柳營區,31,186,16.00
117916,2022-05-15,台南市,柳營區,15,155,12.86
118300,2022-05-14,台南市,柳營區,22,140,11.71
118685,2022-05-13,台南市,柳營區,17,118,10.43
119073,2022-05-12,台南市,柳營區,12,101,8.57
119455,2022-05-11,台南市,柳營區,5,89,7.14
119842,2022-05-10,台南市,柳營區,10,84,7.43
120224,2022-05-09,台南市,柳營區,9,74,7.00
120604,2022-05-08,台南市,柳營區,7,65,6.29
120990,2022-05-07,台南市,柳營區,13,58,5.29
121368,2022-05-06,台南市,柳營區,4,45,4.14
121742,2022-05-05,台南市,柳營區,2,41,4.14
122110,2022-05-04,台南市,柳營區,7,39,4.14
122473,2022-05-03,台南市,柳營區,7,32,3.14
122828,2022-05-02,台南市,柳營區,4,25,2.14
123502,2022-04-30,台南市,柳營區,5,21,2.00
123827,2022-04-29,台南市,柳營區,4,16,1.29
124142,2022-04-28,台南市,柳營區,2,12,0.71
125021,2022-04-25,台南市,柳營區,1,10,0.71
125282,2022-04-24,台南市,柳營區,2,9,0.71
126004,2022-04-21,台南市,柳營區,1,7,0.71
126230,2022-04-20,台南市,柳營區,1,6,0.86
126617,2022-04-18,台南市,柳營區,1,5,0.71
126936,2022-04-16,台南市,柳營區,1,4,0.57
127107,2022-04-15,台南市,柳營區,1,3,0.43
127276,2022-04-14,台南市,柳營區,2,2,0.29
