UID,個案研判日,縣市別,區域,新增確診人數,累計確診人數,七天移動平均新增確診人數
1162,2023-03-19,台南市,山上區,3,2664,3.00
1495,2023-03-18,台南市,山上區,3,2661,2.71
1848,2023-03-17,台南市,山上區,3,2658,3.00
2194,2023-03-16,台南市,山上區,6,2655,2.71
2546,2023-03-15,台南市,山上區,3,2649,2.57
2904,2023-03-14,台南市,山上區,2,2646,2.29
3261,2023-03-13,台南市,山上區,1,2644,2.14
3610,2023-03-12,台南市,山上區,1,2643,2.29
3964,2023-03-11,台南市,山上區,5,2642,2.14
4317,2023-03-10,台南市,山上區,1,2637,2.29
4670,2023-03-09,台南市,山上區,5,2636,2.14
5029,2023-03-08,台南市,山上區,1,2631,1.71
5384,2023-03-07,台南市,山上區,1,2630,2.00
5749,2023-03-06,台南市,山上區,2,2629,1.86
6446,2023-03-04,台南市,山上區,6,2627,2.57
7163,2023-03-02,台南市,山上區,2,2621,2.71
7530,2023-03-01,台南市,山上區,3,2619,2.71
8259,2023-02-27,台南市,山上區,4,2616,3.14
8606,2023-02-26,台南市,山上區,3,2612,3.57
8970,2023-02-25,台南市,山上區,5,2609,3.86
9333,2023-02-24,台南市,山上區,2,2604,3.57
9700,2023-02-23,台南市,山上區,2,2602,3.86
10074,2023-02-22,台南市,山上區,3,2600,3.71
10445,2023-02-21,台南市,山上區,3,2597,3.86
10819,2023-02-20,台南市,山上區,7,2594,3.57
11181,2023-02-19,台南市,山上區,5,2587,3.00
11549,2023-02-18,台南市,山上區,3,2582,2.43
11921,2023-02-17,台南市,山上區,4,2579,2.14
12294,2023-02-16,台南市,山上區,1,2575,1.86
12668,2023-02-15,台南市,山上區,4,2574,2.43
13042,2023-02-14,台南市,山上區,1,2570,2.29
13417,2023-02-13,台南市,山上區,3,2569,2.29
13785,2023-02-12,台南市,山上區,1,2566,2.86
14152,2023-02-11,台南市,山上區,1,2565,3.57
14520,2023-02-10,台南市,山上區,2,2564,4.57
14894,2023-02-09,台南市,山上區,5,2562,4.86
15273,2023-02-08,台南市,山上區,3,2557,4.71
15654,2023-02-07,台南市,山上區,1,2554,5.14
16034,2023-02-06,台南市,山上區,7,2553,7.43
16406,2023-02-05,台南市,山上區,6,2546,8.57
16783,2023-02-04,台南市,山上區,8,2540,8.29
17163,2023-02-03,台南市,山上區,4,2532,8.14
17550,2023-02-02,台南市,山上區,4,2528,8.00
17929,2023-02-01,台南市,山上區,6,2524,8.14
18312,2023-01-31,台南市,山上區,17,2518,7.57
18697,2023-01-30,台南市,山上區,15,2501,5.57
19081,2023-01-29,台南市,山上區,4,2486,4.29
19459,2023-01-28,台南市,山上區,7,2482,3.86
19836,2023-01-27,台南市,山上區,3,2475,3.71
20213,2023-01-26,台南市,山上區,5,2472,4.86
20585,2023-01-25,台南市,山上區,2,2467,4.29
20954,2023-01-24,台南市,山上區,3,2465,4.43
21322,2023-01-23,台南市,山上區,6,2462,4.57
21692,2023-01-22,台南市,山上區,1,2456,4.14
22060,2023-01-21,台南市,山上區,6,2455,4.57
22429,2023-01-20,台南市,山上區,11,2449,4.00
22796,2023-01-19,台南市,山上區,1,2438,2.71
23168,2023-01-18,台南市,山上區,3,2437,3.00
23533,2023-01-17,台南市,山上區,4,2434,2.86
23906,2023-01-16,台南市,山上區,3,2430,3.14
24278,2023-01-15,台南市,山上區,4,2427,3.57
24644,2023-01-14,台南市,山上區,2,2423,3.29
25012,2023-01-13,台南市,山上區,2,2421,3.43
25386,2023-01-12,台南市,山上區,3,2419,3.57
25759,2023-01-11,台南市,山上區,2,2416,3.71
26134,2023-01-10,台南市,山上區,6,2414,3.86
26510,2023-01-09,台南市,山上區,6,2408,3.71
26876,2023-01-08,台南市,山上區,2,2402,4.14
27241,2023-01-07,台南市,山上區,3,2400,4.29
27613,2023-01-06,台南市,山上區,3,2397,4.43
27994,2023-01-05,台南市,山上區,4,2394,5.00
28374,2023-01-04,台南市,山上區,3,2390,5.14
28756,2023-01-03,台南市,山上區,5,2387,5.29
29131,2023-01-02,台南市,山上區,9,2382,5.86
29498,2023-01-01,台南市,山上區,3,2373,5.00
29864,2022-12-31,台南市,山上區,4,2370,5.29
30230,2022-12-30,台南市,山上區,7,2366,4.71
30603,2022-12-29,台南市,山上區,5,2359,4.29
30975,2022-12-28,台南市,山上區,4,2354,4.00
31350,2022-12-27,台南市,山上區,9,2350,3.71
31723,2022-12-26,台南市,山上區,3,2341,2.71
32082,2022-12-25,台南市,山上區,5,2338,2.43
32803,2022-12-23,台南市,山上區,4,2333,2.29
33170,2022-12-22,台南市,山上區,3,2329,1.71
33539,2022-12-21,台南市,山上區,2,2326,1.71
33905,2022-12-20,台南市,山上區,2,2324,2.14
34272,2022-12-19,台南市,山上區,1,2322,2.14
34627,2022-12-18,台南市,山上區,1,2321,2.14
34987,2022-12-17,台南市,山上區,3,2320,2.43
35715,2022-12-15,台南市,山上區,3,2317,2.86
36077,2022-12-14,台南市,山上區,5,2314,3.14
36446,2022-12-13,台南市,山上區,2,2309,2.57
36824,2022-12-12,台南市,山上區,1,2307,2.86
37175,2022-12-11,台南市,山上區,3,2306,3.29
37542,2022-12-10,台南市,山上區,3,2303,3.43
37910,2022-12-09,台南市,山上區,3,2300,3.57
38279,2022-12-08,台南市,山上區,5,2297,3.57
38653,2022-12-07,台南市,山上區,1,2292,4.29
39019,2022-12-06,台南市,山上區,4,2291,4.43
39396,2022-12-05,台南市,山上區,4,2287,4.86
39769,2022-12-04,台南市,山上區,4,2283,5.00
40138,2022-12-03,台南市,山上區,4,2279,5.29
40505,2022-12-02,台南市,山上區,3,2275,5.86
40872,2022-12-01,台南市,山上區,10,2272,6.14
41246,2022-11-30,台南市,山上區,2,2262,5.86
41621,2022-11-29,台南市,山上區,7,2260,6.14
42000,2022-11-28,台南市,山上區,5,2253,6.00
42371,2022-11-27,台南市,山上區,6,2248,7.14
42724,2022-11-26,台南市,山上區,8,2242,7.14
43092,2022-11-25,台南市,山上區,5,2234,7.43
43462,2022-11-24,台南市,山上區,8,2229,9.00
43830,2022-11-23,台南市,山上區,4,2221,9.00
44205,2022-11-22,台南市,山上區,6,2217,10.71
44583,2022-11-21,台南市,山上區,13,2211,12.00
44955,2022-11-20,台南市,山上區,6,2198,12.71
45324,2022-11-19,台南市,山上區,10,2192,13.14
45695,2022-11-18,台南市,山上區,16,2182,12.71
46067,2022-11-17,台南市,山上區,8,2166,11.71
46445,2022-11-16,台南市,山上區,16,2158,12.14
46826,2022-11-15,台南市,山上區,15,2142,12.71
47206,2022-11-14,台南市,山上區,18,2127,11.86
47581,2022-11-13,台南市,山上區,9,2109,11.86
47954,2022-11-12,台南市,山上區,7,2100,12.29
48334,2022-11-11,台南市,山上區,9,2093,12.71
48715,2022-11-10,台南市,山上區,11,2084,13.29
49098,2022-11-09,台南市,山上區,20,2073,14.43
49484,2022-11-08,台南市,山上區,9,2053,12.86
49868,2022-11-07,台南市,山上區,18,2044,12.71
50241,2022-11-06,台南市,山上區,12,2026,12.14
50615,2022-11-05,台南市,山上區,10,2014,10.71
50999,2022-11-04,台南市,山上區,13,2004,11.00
51382,2022-11-03,台南市,山上區,19,1991,9.71
51763,2022-11-02,台南市,山上區,9,1972,8.14
52151,2022-11-01,台南市,山上區,8,1963,8.00
52532,2022-10-31,台南市,山上區,14,1955,8.43
52914,2022-10-30,台南市,山上區,2,1941,8.14
53293,2022-10-29,台南市,山上區,12,1939,9.00
53677,2022-10-28,台南市,山上區,4,1927,8.86
54063,2022-10-27,台南市,山上區,8,1923,10.43
54447,2022-10-26,台南市,山上區,8,1915,10.71
54835,2022-10-25,台南市,山上區,11,1907,11.86
55225,2022-10-24,台南市,山上區,12,1896,11.29
55608,2022-10-23,台南市,山上區,8,1884,11.43
55990,2022-10-22,台南市,山上區,11,1876,11.29
56378,2022-10-21,台南市,山上區,15,1865,11.71
56764,2022-10-20,台南市,山上區,10,1850,11.00
57151,2022-10-19,台南市,山上區,16,1840,11.43
57539,2022-10-18,台南市,山上區,7,1824,10.29
57929,2022-10-17,台南市,山上區,13,1817,10.00
58317,2022-10-16,台南市,山上區,7,1804,9.71
58703,2022-10-15,台南市,山上區,14,1797,9.14
59089,2022-10-14,台南市,山上區,10,1783,8.71
59478,2022-10-13,台南市,山上區,13,1773,7.71
59869,2022-10-12,台南市,山上區,8,1760,7.00
60259,2022-10-11,台南市,山上區,5,1752,6.57
60649,2022-10-10,台南市,山上區,11,1747,6.86
61031,2022-10-09,台南市,山上區,3,1736,6.57
61420,2022-10-08,台南市,山上區,11,1733,6.71
61810,2022-10-07,台南市,山上區,3,1722,5.43
62197,2022-10-06,台南市,山上區,8,1719,5.57
62587,2022-10-05,台南市,山上區,5,1711,5.43
62974,2022-10-04,台南市,山上區,7,1706,6.00
63363,2022-10-03,台南市,山上區,9,1699,6.29
63752,2022-10-02,台南市,山上區,4,1690,7.00
64135,2022-10-01,台南市,山上區,2,1686,7.57
64520,2022-09-30,台南市,山上區,4,1684,8.43
64906,2022-09-29,台南市,山上區,7,1680,8.57
65294,2022-09-28,台南市,山上區,9,1673,8.57
65682,2022-09-27,台南市,山上區,9,1664,8.00
66068,2022-09-26,台南市,山上區,14,1655,7.71
66455,2022-09-25,台南市,山上區,8,1641,7.29
66838,2022-09-24,台南市,山上區,8,1633,6.29
67225,2022-09-23,台南市,山上區,5,1625,5.71
67612,2022-09-22,台南市,山上區,7,1620,5.57
68001,2022-09-21,台南市,山上區,5,1613,5.29
68389,2022-09-20,台南市,山上區,7,1608,5.29
68780,2022-09-19,台南市,山上區,11,1601,5.14
69167,2022-09-18,台南市,山上區,1,1590,4.57
69552,2022-09-17,台南市,山上區,4,1589,4.57
69939,2022-09-16,台南市,山上區,4,1585,4.43
70324,2022-09-15,台南市,山上區,5,1581,4.86
70709,2022-09-14,台南市,山上區,5,1576,4.71
71097,2022-09-13,台南市,山上區,6,1571,5.00
71487,2022-09-12,台南市,山上區,7,1565,4.86
71873,2022-09-11,台南市,山上區,1,1558,4.71
72255,2022-09-10,台南市,山上區,3,1557,5.00
72636,2022-09-09,台南市,山上區,7,1554,5.86
73021,2022-09-08,台南市,山上區,4,1547,5.00
73407,2022-09-07,台南市,山上區,7,1543,4.86
73791,2022-09-06,台南市,山上區,5,1536,4.86
74178,2022-09-05,台南市,山上區,6,1531,5.00
74563,2022-09-04,台南市,山上區,3,1525,4.86
74947,2022-09-03,台南市,山上區,9,1522,4.43
75334,2022-09-02,台南市,山上區,1,1513,3.43
75721,2022-09-01,台南市,山上區,3,1512,3.71
76108,2022-08-31,台南市,山上區,7,1509,3.43
76497,2022-08-30,台南市,山上區,6,1502,2.86
76885,2022-08-29,台南市,山上區,5,1496,3.14
77657,2022-08-27,台南市,山上區,2,1491,3.71
78043,2022-08-26,台南市,山上區,3,1489,3.86
78427,2022-08-25,台南市,山上區,1,1486,3.86
78812,2022-08-24,台南市,山上區,3,1485,4.14
79199,2022-08-23,台南市,山上區,8,1482,4.14
79584,2022-08-22,台南市,山上區,5,1474,3.43
79966,2022-08-21,台南市,山上區,4,1469,3.14
80346,2022-08-20,台南市,山上區,3,1465,3.00
80731,2022-08-19,台南市,山上區,3,1462,3.14
81118,2022-08-18,台南市,山上區,3,1459,3.00
81506,2022-08-17,台南市,山上區,3,1456,3.00
81892,2022-08-16,台南市,山上區,3,1453,2.71
82279,2022-08-15,台南市,山上區,3,1450,3.29
82660,2022-08-14,台南市,山上區,3,1447,3.14
83038,2022-08-13,台南市,山上區,4,1444,2.86
83420,2022-08-12,台南市,山上區,2,1440,2.71
83805,2022-08-11,台南市,山上區,3,1438,3.00
84192,2022-08-10,台南市,山上區,1,1435,3.00
84575,2022-08-09,台南市,山上區,7,1434,3.29
84961,2022-08-08,台南市,山上區,2,1427,2.71
85338,2022-08-07,台南市,山上區,1,1425,3.00
85714,2022-08-06,台南市,山上區,3,1424,2.86
86098,2022-08-05,台南市,山上區,4,1421,3.29
86484,2022-08-04,台南市,山上區,3,1417,3.29
86868,2022-08-03,台南市,山上區,3,1414,3.43
87252,2022-08-02,台南市,山上區,3,1411,3.57
87639,2022-08-01,台南市,山上區,4,1408,4.14
88396,2022-07-30,台南市,山上區,6,1404,4.71
88779,2022-07-29,台南市,山上區,4,1398,4.14
89164,2022-07-28,台南市,山上區,4,1394,4.00
89553,2022-07-27,台南市,山上區,4,1390,4.00
89941,2022-07-26,台南市,山上區,7,1386,4.29
90329,2022-07-25,台南市,山上區,3,1379,3.86
90707,2022-07-24,台南市,山上區,5,1376,4.00
91090,2022-07-23,台南市,山上區,2,1371,4.14
91474,2022-07-22,台南市,山上區,3,1369,8.43
91862,2022-07-21,台南市,山上區,4,1366,11.14
92244,2022-07-20,台南市,山上區,6,1362,19.29
92633,2022-07-19,台南市,山上區,4,1356,21.14
93022,2022-07-18,台南市,山上區,4,1352,25.14
93406,2022-07-17,台南市,山上區,6,1348,33.29
93787,2022-07-16,台南市,山上區,32,1342,33.29
94175,2022-07-15,台南市,山上區,22,1310,36.14
94561,2022-07-14,台南市,山上區,61,1288,33.71
94950,2022-07-13,台南市,山上區,19,1227,25.29
95338,2022-07-12,台南市,山上區,32,1208,23.14
95726,2022-07-11,台南市,山上區,61,1176,19.57
96111,2022-07-10,台南市,山上區,6,1115,13.00
96498,2022-07-09,台南市,山上區,52,1109,13.29
96886,2022-07-08,台南市,山上區,5,1057,8.14
97277,2022-07-07,台南市,山上區,2,1052,8.14
97666,2022-07-06,台南市,山上區,4,1050,9.14
98056,2022-07-05,台南市,山上區,7,1046,9.14
98445,2022-07-04,台南市,山上區,15,1039,9.71
98834,2022-07-03,台南市,山上區,8,1024,9.14
99216,2022-07-02,台南市,山上區,16,1016,9.14
99608,2022-07-01,台南市,山上區,5,1000,9.14
100000,2022-06-30,台南市,山上區,9,995,10.71
100391,2022-06-29,台南市,山上區,4,986,11.57
100781,2022-06-28,台南市,山上區,11,982,12.86
101172,2022-06-27,台南市,山上區,11,971,13.29
101557,2022-06-26,台南市,山上區,8,960,14.86
101944,2022-06-25,台南市,山上區,16,952,15.00
102334,2022-06-24,台南市,山上區,16,936,14.71
102726,2022-06-23,台南市,山上區,15,920,15.57
103119,2022-06-22,台南市,山上區,13,905,15.00
103508,2022-06-21,台南市,山上區,14,892,16.29
103900,2022-06-20,台南市,山上區,22,878,16.14
104290,2022-06-19,台南市,山上區,9,856,17.00
104681,2022-06-18,台南市,山上區,14,847,17.71
105072,2022-06-17,台南市,山上區,22,833,18.86
105462,2022-06-16,台南市,山上區,11,811,17.43
105852,2022-06-15,台南市,山上區,22,800,19.71
106242,2022-06-14,台南市,山上區,13,778,18.86
106634,2022-06-13,台南市,山上區,28,765,20.57
107024,2022-06-12,台南市,山上區,14,737,19.29
107411,2022-06-11,台南市,山上區,22,723,18.00
107803,2022-06-10,台南市,山上區,12,701,18.00
108192,2022-06-09,台南市,山上區,27,689,19.29
108581,2022-06-08,台南市,山上區,16,662,18.29
108971,2022-06-07,台南市,山上區,25,646,18.43
109363,2022-06-06,台南市,山上區,19,621,20.00
109753,2022-06-05,台南市,山上區,5,602,19.57
110142,2022-06-04,台南市,山上區,22,597,21.14
110532,2022-06-03,台南市,山上區,21,575,21.86
110923,2022-06-02,台南市,山上區,20,554,20.14
111313,2022-06-01,台南市,山上區,17,534,22.14
111705,2022-05-31,台南市,山上區,36,517,25.00
112096,2022-05-30,台南市,山上區,16,481,21.14
112487,2022-05-29,台南市,山上區,16,465,22.29
112877,2022-05-28,台南市,山上區,27,449,22.43
113268,2022-05-27,台南市,山上區,9,422,23.43
113658,2022-05-26,台南市,山上區,34,413,24.86
114049,2022-05-25,台南市,山上區,37,379,28.00
114439,2022-05-24,台南市,山上區,9,342,26.00
114831,2022-05-23,台南市,山上區,24,333,28.43
115222,2022-05-22,台南市,山上區,17,309,26.29
115613,2022-05-21,台南市,山上區,34,292,25.29
115998,2022-05-20,台南市,山上區,19,258,21.86
116386,2022-05-19,台南市,山上區,56,239,20.86
116774,2022-05-18,台南市,山上區,23,183,13.86
117165,2022-05-17,台南市,山上區,26,160,12.29
117553,2022-05-16,台南市,山上區,9,134,9.00
117941,2022-05-15,台南市,山上區,10,125,8.57
118325,2022-05-14,台南市,山上區,10,115,10.57
118710,2022-05-13,台南市,山上區,12,105,11.71
119098,2022-05-12,台南市,山上區,7,93,10.29
119480,2022-05-11,台南市,山上區,12,86,9.86
119867,2022-05-10,台南市,山上區,3,74,9.14
120249,2022-05-09,台南市,山上區,6,71,8.86
120629,2022-05-08,台南市,山上區,24,65,8.00
121014,2022-05-07,台南市,山上區,18,41,4.57
121392,2022-05-06,台南市,山上區,2,23,2.14
121765,2022-05-05,台南市,山上區,4,21,2.14
122129,2022-05-04,台南市,山上區,7,17,1.86
122493,2022-05-03,台南市,山上區,1,10,1.29
123524,2022-04-30,台南市,山上區,1,9,1.14
123845,2022-04-29,台南市,山上區,2,8,1.00
124160,2022-04-28,台南市,山上區,2,6,0.71
124462,2022-04-27,台南市,山上區,3,4,0.43
126433,2022-04-19,台南市,山上區,1,1,0.14
