UID,個案研判日,縣市別,區域,新增確診人數,累計確診人數,七天移動平均新增確診人數
212,2023-06-14,台南市,善化區,1,24550,0.14
319,2023-05-08,台南市,善化區,3,24549,0.43
563,2023-03-21,台南市,善化區,1,24546,20.00
794,2023-03-20,台南市,善化區,5,24545,22.71
1096,2023-03-19,台南市,善化區,22,24540,25.43
1429,2023-03-18,台南市,善化區,35,24518,24.57
1775,2023-03-17,台南市,善化區,23,24483,22.14
2127,2023-03-16,台南市,善化區,29,24460,20.14
2480,2023-03-15,台南市,善化區,25,24431,20.43
2830,2023-03-14,台南市,善化區,20,24406,21.00
3188,2023-03-13,台南市,善化區,24,24386,23.00
3542,2023-03-12,台南市,善化區,16,24362,25.00
3892,2023-03-11,台南市,善化區,18,24346,26.43
4242,2023-03-10,台南市,善化區,9,24328,28.71
4599,2023-03-09,台南市,善化區,31,24319,31.57
4955,2023-03-08,台南市,善化區,29,24288,33.43
5312,2023-03-07,台南市,善化區,34,24259,34.29
5674,2023-03-06,台南市,善化區,38,24225,33.71
6033,2023-03-05,台南市,善化區,26,24187,34.86
6374,2023-03-04,台南市,善化區,34,24161,34.57
6728,2023-03-03,台南市,善化區,29,24127,35.00
7089,2023-03-02,台南市,善化區,44,24098,35.43
7451,2023-03-01,台南市,善化區,35,24054,33.43
7823,2023-02-28,台南市,善化區,30,24019,33.57
8189,2023-02-27,台南市,善化區,46,23989,36.57
8540,2023-02-26,台南市,善化區,24,23943,38.29
8892,2023-02-25,台南市,善化區,37,23919,41.29
9261,2023-02-24,台南市,善化區,32,23882,41.43
9624,2023-02-23,台南市,善化區,30,23850,43.57
9994,2023-02-22,台南市,善化區,36,23820,47.14
10367,2023-02-21,台南市,善化區,51,23784,50.57
10739,2023-02-20,台南市,善化區,58,23733,51.14
11113,2023-02-19,台南市,善化區,45,23675,50.57
11475,2023-02-18,台南市,善化區,38,23630,51.71
11840,2023-02-17,台南市,善化區,47,23592,52.00
12216,2023-02-16,台南市,善化區,55,23545,53.43
12589,2023-02-15,台南市,善化區,60,23490,53.43
12964,2023-02-14,台南市,善化區,55,23430,50.57
13335,2023-02-13,台南市,善化區,54,23375,49.14
13712,2023-02-12,台南市,善化區,53,23321,52.29
14072,2023-02-11,台南市,善化區,40,23268,52.29
14441,2023-02-10,台南市,善化區,57,23228,54.14
14815,2023-02-09,台南市,善化區,55,23171,53.57
15195,2023-02-08,台南市,善化區,40,23116,55.14
15572,2023-02-07,台南市,善化區,45,23076,60.00
15952,2023-02-06,台南市,善化區,76,23031,64.71
16328,2023-02-05,台南市,善化區,53,22955,67.43
16702,2023-02-04,台南市,善化區,53,22902,68.57
17081,2023-02-03,台南市,善化區,53,22849,72.71
17467,2023-02-02,台南市,善化區,66,22796,72.71
17848,2023-02-01,台南市,善化區,74,22730,72.14
18228,2023-01-31,台南市,善化區,78,22656,66.71
18613,2023-01-30,台南市,善化區,95,22578,63.00
18999,2023-01-29,台南市,善化區,61,22483,53.71
19377,2023-01-28,台南市,善化區,82,22422,49.86
19753,2023-01-27,台南市,善化區,53,22340,46.57
20134,2023-01-26,台南市,善化區,62,22287,47.14
20505,2023-01-25,台南市,善化區,36,22225,46.43
20874,2023-01-24,台南市,善化區,52,22189,47.57
21246,2023-01-23,台南市,善化區,30,22137,50.00
21615,2023-01-22,台南市,善化區,34,22107,56.29
21982,2023-01-21,台南市,善化區,59,22073,58.43
22355,2023-01-20,台南市,善化區,57,22014,61.00
22720,2023-01-19,台南市,善化區,57,21957,61.86
23093,2023-01-18,台南市,善化區,44,21900,62.43
23459,2023-01-17,台南市,善化區,69,21856,65.57
23826,2023-01-16,台南市,善化區,74,21787,66.57
24204,2023-01-15,台南市,善化區,49,21713,65.57
24567,2023-01-14,台南市,善化區,77,21664,66.43
24934,2023-01-13,台南市,善化區,63,21587,63.00
25305,2023-01-12,台南市,善化區,61,21524,63.29
25679,2023-01-11,台南市,善化區,66,21463,66.43
26055,2023-01-10,台南市,善化區,76,21397,71.29
26428,2023-01-09,台南市,善化區,67,21321,81.14
26802,2023-01-08,台南市,善化區,55,21254,84.86
27163,2023-01-07,台南市,善化區,53,21199,84.86
27536,2023-01-06,台南市,善化區,65,21146,86.43
27913,2023-01-05,台南市,善化區,83,21081,87.00
28291,2023-01-04,台南市,善化區,100,20998,88.86
28673,2023-01-03,台南市,善化區,145,20898,87.29
29053,2023-01-02,台南市,善化區,93,20753,80.71
29425,2023-01-01,台南市,善化區,55,20660,81.29
29786,2022-12-31,台南市,善化區,64,20605,81.86
30153,2022-12-30,台南市,善化區,69,20541,79.00
30527,2022-12-29,台南市,善化區,96,20472,77.14
30899,2022-12-28,台南市,善化區,89,20376,72.00
31268,2022-12-27,台南市,善化區,99,20287,66.29
31643,2022-12-26,台南市,善化區,97,20188,57.57
32012,2022-12-25,台南市,善化區,59,20091,50.14
32370,2022-12-24,台南市,善化區,44,20032,45.00
32729,2022-12-23,台南市,善化區,56,19988,43.14
33096,2022-12-22,台南市,善化區,60,19932,38.86
33461,2022-12-21,台南市,善化區,49,19872,36.71
33828,2022-12-20,台南市,善化區,38,19823,34.29
34194,2022-12-19,台南市,善化區,45,19785,36.86
34562,2022-12-18,台南市,善化區,23,19740,39.86
34912,2022-12-17,台南市,善化區,31,19717,41.43
35274,2022-12-16,台南市,善化區,26,19686,42.14
35637,2022-12-15,台南市,善化區,45,19660,43.00
36007,2022-12-14,台南市,善化區,32,19615,42.57
36367,2022-12-13,台南市,善化區,56,19583,44.71
36745,2022-12-12,台南市,善化區,66,19527,42.43
37108,2022-12-11,台南市,善化區,34,19461,40.00
37467,2022-12-10,台南市,善化區,36,19427,39.29
37834,2022-12-09,台南市,善化區,32,19391,37.43
38200,2022-12-08,台南市,善化區,42,19359,37.43
38574,2022-12-07,台南市,善化區,47,19317,36.43
38941,2022-12-06,台南市,善化區,40,19270,35.29
39317,2022-12-05,台南市,善化區,49,19230,35.29
39694,2022-12-04,台南市,善化區,29,19181,34.29
40060,2022-12-03,台南市,善化區,23,19152,34.57
40429,2022-12-02,台南市,善化區,32,19129,36.29
40795,2022-12-01,台南市,善化區,35,19097,35.71
41168,2022-11-30,台南市,善化區,39,19062,35.14
41541,2022-11-29,台南市,善化區,40,19023,35.86
41920,2022-11-28,台南市,善化區,42,18983,36.43
42297,2022-11-27,台南市,善化區,31,18941,37.43
42653,2022-11-26,台南市,善化區,35,18910,39.14
43015,2022-11-25,台南市,善化區,28,18875,40.29
43384,2022-11-24,台南市,善化區,31,18847,43.14
43753,2022-11-23,台南市,善化區,44,18816,44.29
44126,2022-11-22,台南市,善化區,44,18772,46.57
44503,2022-11-21,台南市,善化區,49,18728,49.14
44882,2022-11-20,台南市,善化區,43,18679,51.86
45249,2022-11-19,台南市,善化區,43,18636,54.14
45620,2022-11-18,台南市,善化區,48,18593,56.43
45993,2022-11-17,台南市,善化區,39,18545,58.00
46367,2022-11-16,台南市,善化區,60,18506,63.43
46748,2022-11-15,台南市,善化區,62,18446,66.00
47126,2022-11-14,台南市,善化區,68,18384,68.29
47505,2022-11-13,台南市,善化區,59,18316,71.43
47877,2022-11-12,台南市,善化區,59,18257,73.43
48255,2022-11-11,台南市,善化區,59,18198,75.43
48632,2022-11-10,台南市,善化區,77,18139,78.14
49016,2022-11-09,台南市,善化區,78,18062,79.14
49403,2022-11-08,台南市,善化區,78,17984,85.00
49788,2022-11-07,台南市,善化區,90,17906,91.14
50167,2022-11-06,台南市,善化區,73,17816,97.86
50536,2022-11-05,台南市,善化區,73,17743,98.57
50917,2022-11-04,台南市,善化區,78,17670,106.86
51302,2022-11-03,台南市,善化區,84,17592,115.29
51681,2022-11-02,台南市,善化區,119,17508,120.00
52069,2022-11-01,台南市,善化區,121,17389,118.29
52451,2022-10-31,台南市,善化區,137,17268,124.14
52835,2022-10-30,台南市,善化區,78,17131,122.29
53211,2022-10-29,台南市,善化區,131,17053,124.86
53595,2022-10-28,台南市,善化區,137,16922,125.43
53982,2022-10-27,台南市,善化區,117,16785,126.00
54365,2022-10-26,台南市,善化區,107,16668,127.00
54751,2022-10-25,台南市,善化區,162,16561,130.86
55142,2022-10-24,台南市,善化區,124,16399,127.29
55529,2022-10-23,台南市,善化區,96,16275,133.86
55908,2022-10-22,台南市,善化區,135,16179,129.57
56294,2022-10-21,台南市,善化區,141,16044,128.86
56683,2022-10-20,台南市,善化區,124,15903,128.29
57068,2022-10-19,台南市,善化區,134,15779,129.29
57455,2022-10-18,台南市,善化區,137,15645,134.43
57845,2022-10-17,台南市,善化區,170,15508,139.86
58234,2022-10-16,台南市,善化區,66,15338,135.29
58619,2022-10-15,台南市,善化區,130,15272,137.86
59005,2022-10-14,台南市,善化區,137,15142,134.57
59394,2022-10-13,台南市,善化區,131,15005,128.71
59785,2022-10-12,台南市,善化區,170,14874,128.71
60175,2022-10-11,台南市,善化區,175,14704,117.57
60565,2022-10-10,台南市,善化區,138,14529,110.29
60949,2022-10-09,台南市,善化區,84,14391,104.43
61337,2022-10-08,台南市,善化區,107,14307,102.14
61726,2022-10-07,台南市,善化區,96,14200,95.29
62113,2022-10-06,台南市,善化區,131,14104,93.43
62504,2022-10-05,台南市,善化區,92,13973,87.14
62892,2022-10-04,台南市,善化區,124,13881,87.29
63280,2022-10-03,台南市,善化區,97,13757,86.43
63671,2022-10-02,台南市,善化區,68,13660,86.43
64051,2022-10-01,台南市,善化區,59,13592,86.43
64437,2022-09-30,台南市,善化區,83,13533,89.86
64823,2022-09-29,台南市,善化區,87,13450,89.86
65211,2022-09-28,台南市,善化區,93,13363,90.29
65598,2022-09-27,台南市,善化區,118,13270,89.00
65985,2022-09-26,台南市,善化區,97,13152,88.00
66372,2022-09-25,台南市,善化區,68,13055,89.57
66756,2022-09-24,台南市,善化區,83,12987,87.86
67141,2022-09-23,台南市,善化區,83,12904,90.00
67529,2022-09-22,台南市,善化區,90,12821,88.29
67917,2022-09-21,台南市,善化區,84,12731,90.14
68306,2022-09-20,台南市,善化區,111,12647,91.14
68696,2022-09-19,台南市,善化區,108,12536,87.71
69086,2022-09-18,台南市,善化區,56,12428,84.00
69469,2022-09-17,台南市,善化區,98,12372,84.29
69856,2022-09-16,台南市,善化區,71,12274,77.43
70241,2022-09-15,台南市,善化區,103,12203,78.57
70628,2022-09-14,台南市,善化區,91,12100,71.86
71014,2022-09-13,台南市,善化區,87,12009,71.00
71403,2022-09-12,台南市,善化區,82,11922,70.29
71791,2022-09-11,台南市,善化區,58,11840,71.43
72173,2022-09-10,台南市,善化區,50,11782,72.43
72556,2022-09-09,台南市,善化區,79,11732,77.43
72938,2022-09-08,台南市,善化區,56,11653,79.00
73325,2022-09-07,台南市,善化區,85,11597,82.43
73709,2022-09-06,台南市,善化區,82,11512,78.86
74095,2022-09-05,台南市,善化區,90,11430,78.57
74480,2022-09-04,台南市,善化區,65,11340,77.14
74863,2022-09-03,台南市,善化區,85,11275,73.14
75251,2022-09-02,台南市,善化區,90,11190,69.00
75637,2022-09-01,台南市,善化區,80,11100,64.00
76026,2022-08-31,台南市,善化區,60,11020,64.43
76413,2022-08-30,台南市,善化區,80,10960,64.00
76801,2022-08-29,台南市,善化區,80,10880,62.71
77188,2022-08-28,台南市,善化區,37,10800,59.29
77573,2022-08-27,台南市,善化區,56,10763,60.00
77959,2022-08-26,台南市,善化區,55,10707,58.43
78343,2022-08-25,台南市,善化區,83,10652,55.71
78728,2022-08-24,台南市,善化區,57,10569,49.71
79116,2022-08-23,台南市,善化區,71,10512,48.29
79500,2022-08-22,台南市,善化區,56,10441,45.14
79886,2022-08-21,台南市,善化區,42,10385,43.57
80265,2022-08-20,台南市,善化區,45,10343,42.71
80648,2022-08-19,台南市,善化區,36,10298,42.43
81034,2022-08-18,台南市,善化區,41,10262,46.00
81423,2022-08-17,台南市,善化區,47,10221,48.00
81808,2022-08-16,台南市,善化區,49,10174,49.29
82195,2022-08-15,台南市,善化區,45,10125,49.43
82579,2022-08-14,台南市,善化區,36,10080,49.29
82956,2022-08-13,台南市,善化區,43,10044,49.71
83337,2022-08-12,台南市,善化區,61,10001,49.57
83722,2022-08-11,台南市,善化區,55,9940,47.86
84109,2022-08-10,台南市,善化區,56,9885,46.00
84494,2022-08-09,台南市,善化區,50,9829,47.43
84877,2022-08-08,台南市,善化區,44,9779,48.29
85258,2022-08-07,台南市,善化區,39,9735,50.71
85632,2022-08-06,台南市,善化區,42,9696,50.00
86015,2022-08-05,台南市,善化區,49,9654,49.86
86401,2022-08-04,台南市,善化區,42,9605,47.43
86786,2022-08-03,台南市,善化區,66,9563,47.57
87168,2022-08-02,台南市,善化區,56,9497,43.86
87555,2022-08-01,台南市,善化區,61,9441,41.86
87940,2022-07-31,台南市,善化區,34,9380,39.43
88317,2022-07-30,台南市,善化區,41,9346,41.71
88696,2022-07-29,台南市,善化區,32,9305,42.14
89082,2022-07-28,台南市,善化區,43,9273,45.57
89469,2022-07-27,台南市,善化區,40,9230,47.29
89859,2022-07-26,台南市,善化區,42,9190,50.00
90246,2022-07-25,台南市,善化區,44,9148,52.57
90627,2022-07-24,台南市,善化區,50,9104,56.57
91007,2022-07-23,台南市,善化區,44,9054,56.43
91392,2022-07-22,台南市,善化區,56,9010,56.43
91778,2022-07-21,台南市,善化區,55,8954,56.57
92161,2022-07-20,台南市,善化區,59,8899,56.57
92549,2022-07-19,台南市,善化區,60,8840,59.14
92938,2022-07-18,台南市,善化區,72,8780,60.14
93324,2022-07-17,台南市,善化區,49,8708,59.57
93703,2022-07-16,台南市,善化區,44,8659,59.14
94091,2022-07-15,台南市,善化區,57,8615,63.29
94478,2022-07-14,台南市,善化區,55,8558,66.57
94867,2022-07-13,台南市,善化區,77,8503,68.00
95255,2022-07-12,台南市,善化區,67,8426,67.29
95643,2022-07-11,台南市,善化區,68,8359,75.57
96030,2022-07-10,台南市,善化區,46,8291,77.57
96415,2022-07-09,台南市,善化區,73,8245,80.14
96802,2022-07-08,台南市,善化區,80,8172,81.00
97193,2022-07-07,台南市,善化區,65,8092,81.57
97584,2022-07-06,台南市,善化區,72,8027,86.14
97972,2022-07-05,台南市,善化區,125,7955,88.29
98362,2022-07-04,台南市,善化區,82,7830,85.71
98751,2022-07-03,台南市,善化區,64,7748,92.43
99134,2022-07-02,台南市,善化區,79,7684,92.29
99524,2022-07-01,台南市,善化區,84,7605,92.86
99916,2022-06-30,台南市,善化區,97,7521,95.57
100307,2022-06-29,台南市,善化區,87,7424,99.29
100697,2022-06-28,台南市,善化區,107,7337,102.00
101088,2022-06-27,台南市,善化區,129,7230,105.00
101475,2022-06-26,台南市,善化區,63,7101,104.86
101862,2022-06-25,台南市,善化區,83,7038,108.86
102251,2022-06-24,台南市,善化區,103,6955,122.43
102642,2022-06-23,台南市,善化區,123,6852,125.86
103035,2022-06-22,台南市,善化區,106,6729,129.71
103424,2022-06-21,台南市,善化區,128,6623,139.43
103816,2022-06-20,台南市,善化區,128,6495,153.00
104206,2022-06-19,台南市,善化區,91,6367,156.43
104597,2022-06-18,台南市,善化區,178,6276,160.29
104988,2022-06-17,台南市,善化區,127,6098,166.86
105378,2022-06-16,台南市,善化區,150,5971,165.86
105768,2022-06-15,台南市,善化區,174,5821,170.43
106158,2022-06-14,台南市,善化區,223,5647,164.29
106550,2022-06-13,台南市,善化區,152,5424,158.43
106940,2022-06-12,台南市,善化區,118,5272,161.86
107327,2022-06-11,台南市,善化區,224,5154,160.43
107719,2022-06-10,台南市,善化區,120,4930,151.71
108108,2022-06-09,台南市,善化區,182,4810,155.57
108497,2022-06-08,台南市,善化區,131,4628,156.57
108887,2022-06-07,台南市,善化區,182,4497,163.00
109279,2022-06-06,台南市,善化區,176,4315,172.43
109669,2022-06-05,台南市,善化區,108,4139,172.00
110058,2022-06-04,台南市,善化區,163,4031,177.57
110448,2022-06-03,台南市,善化區,147,3868,182.57
110839,2022-06-02,台南市,善化區,189,3721,185.43
111229,2022-06-01,台南市,善化區,176,3532,194.00
111621,2022-05-31,台南市,善化區,248,3356,196.86
112012,2022-05-30,台南市,善化區,173,3108,187.43
112403,2022-05-29,台南市,善化區,147,2935,191.86
112794,2022-05-28,台南市,善化區,198,2788,192.57
113184,2022-05-27,台南市,善化區,167,2590,188.43
113574,2022-05-26,台南市,善化區,249,2423,183.14
113965,2022-05-25,台南市,善化區,196,2174,172.57
114355,2022-05-24,台南市,善化區,182,1978,168.71
114747,2022-05-23,台南市,善化區,204,1796,159.71
115138,2022-05-22,台南市,善化區,152,1592,143.29
115529,2022-05-21,台南市,善化區,169,1440,132.43
115914,2022-05-20,台南市,善化區,130,1271,117.29
116302,2022-05-19,台南市,善化區,175,1141,107.71
116690,2022-05-18,台南市,善化區,169,966,92.71
117081,2022-05-17,台南市,善化區,119,797,77.71
117470,2022-05-16,台南市,善化區,89,678,67.43
117858,2022-05-15,台南市,善化區,76,589,60.14
118242,2022-05-14,台南市,善化區,63,513,54.29
118627,2022-05-13,台南市,善化區,63,450,49.00
119014,2022-05-12,台南市,善化區,70,387,43.71
119398,2022-05-11,台南市,善化區,64,317,35.14
119783,2022-05-10,台南市,善化區,47,253,28.43
120165,2022-05-09,台南市,善化區,38,206,22.86
120546,2022-05-08,台南市,善化區,35,168,17.57
120931,2022-05-07,台南市,善化區,26,133,13.29
121309,2022-05-06,台南市,善化區,26,107,10.00
121686,2022-05-05,台南市,善化區,10,81,6.43
122054,2022-05-04,台南市,善化區,17,71,5.14
122418,2022-05-03,台南市,善化區,8,54,2.86
122773,2022-05-02,台南市,善化區,1,46,2.57
123118,2022-05-01,台南市,善化區,5,45,2.71
123453,2022-04-30,台南市,善化區,3,40,2.43
123780,2022-04-29,台南市,善化區,1,37,2.29
124094,2022-04-28,台南市,善化區,1,36,2.57
124401,2022-04-27,台南市,善化區,1,35,2.86
124698,2022-04-26,台南市,善化區,6,34,3.00
124982,2022-04-25,台南市,善化區,2,28,2.43
125250,2022-04-24,台南市,善化區,3,26,2.57
125489,2022-04-23,台南市,善化區,2,23,2.14
125738,2022-04-22,台南市,善化區,3,21,2.14
125977,2022-04-21,台南市,善化區,3,18,1.86
126208,2022-04-20,台南市,善化區,2,15,1.57
126408,2022-04-19,台南市,善化區,2,13,1.29
126598,2022-04-18,台南市,善化區,3,11,1.00
126918,2022-04-16,台南市,善化區,2,8,0.57
127090,2022-04-15,台南市,善化區,1,6,0.29
127260,2022-04-14,台南市,善化區,1,5,0.14
128185,2022-04-07,台南市,善化區,1,4,0.29
128297,2022-04-06,台南市,善化區,1,3,0.14
129587,2022-01-25,台南市,善化區,2,2,0.29
