UID,個案研判日,縣市別,區域,新增確診人數,累計確診人數,七天移動平均新增確診人數
582,2023-03-21,台南市,下營區,1,6664,3.57
840,2023-03-20,台南市,下營區,3,6663,5.14
1155,2023-03-19,台南市,下營區,4,6660,6.14
1488,2023-03-18,台南市,下營區,2,6656,6.14
1841,2023-03-17,台南市,下營區,7,6654,7.14
2188,2023-03-16,台南市,下營區,4,6647,7.29
2541,2023-03-15,台南市,下營區,4,6643,7.71
2895,2023-03-14,台南市,下營區,12,6639,7.43
3253,2023-03-13,台南市,下營區,10,6627,6.86
3603,2023-03-12,台南市,下營區,4,6617,6.29
3958,2023-03-11,台南市,下營區,9,6613,7.00
4308,2023-03-10,台南市,下營區,8,6604,7.43
4664,2023-03-09,台南市,下營區,7,6596,7.00
5022,2023-03-08,台南市,下營區,2,6589,8.57
5376,2023-03-07,台南市,下營區,8,6587,10.57
5740,2023-03-06,台南市,下營區,6,6579,11.00
6091,2023-03-05,台南市,下營區,9,6573,12.86
6438,2023-03-04,台南市,下營區,12,6564,13.00
6794,2023-03-03,台南市,下營區,5,6552,12.29
7156,2023-03-02,台南市,下營區,18,6547,13.00
7521,2023-03-01,台南市,下營區,16,6529,12.00
7891,2023-02-28,台南市,下營區,11,6513,11.43
8252,2023-02-27,台南市,下營區,19,6502,11.29
8598,2023-02-26,台南市,下營區,10,6483,11.00
8961,2023-02-25,台南市,下營區,7,6473,11.71
9325,2023-02-24,台南市,下營區,10,6466,11.43
9691,2023-02-23,台南市,下營區,11,6456,13.00
10063,2023-02-22,台南市,下營區,12,6445,13.57
10436,2023-02-21,台南市,下營區,10,6433,15.71
10809,2023-02-20,台南市,下營區,17,6423,17.00
11174,2023-02-19,台南市,下營區,15,6406,17.14
11541,2023-02-18,台南市,下營區,5,6391,17.57
11911,2023-02-17,台南市,下營區,21,6386,19.71
12284,2023-02-16,台南市,下營區,15,6365,18.86
12659,2023-02-15,台南市,下營區,27,6350,17.71
13034,2023-02-14,台南市,下營區,19,6323,15.43
13406,2023-02-13,台南市,下營區,18,6304,15.43
13777,2023-02-12,台南市,下營區,18,6286,16.14
14142,2023-02-11,台南市,下營區,20,6268,15.00
14511,2023-02-10,台南市,下營區,15,6248,14.29
14883,2023-02-09,台南市,下營區,7,6233,14.43
15265,2023-02-08,台南市,下營區,11,6226,17.00
15644,2023-02-07,台南市,下營區,19,6215,19.71
16024,2023-02-06,台南市,下營區,23,6196,19.43
16398,2023-02-05,台南市,下營區,10,6173,19.71
16772,2023-02-04,台南市,下營區,15,6163,20.57
17152,2023-02-03,台南市,下營區,16,6148,21.43
17539,2023-02-02,台南市,下營區,25,6132,22.57
17919,2023-02-01,台南市,下營區,30,6107,21.71
18301,2023-01-31,台南市,下營區,17,6077,20.57
18686,2023-01-30,台南市,下營區,25,6060,19.57
19071,2023-01-29,台南市,下營區,16,6035,17.71
19449,2023-01-28,台南市,下營區,21,6019,16.57
19825,2023-01-27,台南市,下營區,24,5998,16.14
20203,2023-01-26,台南市,下營區,19,5974,14.71
20574,2023-01-25,台南市,下營區,22,5955,14.57
20944,2023-01-24,台南市,下營區,10,5933,12.57
21312,2023-01-23,台南市,下營區,12,5923,13.71
21682,2023-01-22,台南市,下營區,8,5911,12.86
22050,2023-01-21,台南市,下營區,18,5903,13.57
22419,2023-01-20,台南市,下營區,14,5885,13.86
22787,2023-01-19,台南市,下營區,18,5871,13.71
23159,2023-01-18,台南市,下營區,8,5853,12.57
23525,2023-01-17,台南市,下營區,18,5845,12.71
23895,2023-01-16,台南市,下營區,6,5827,13.14
24269,2023-01-15,台南市,下營區,13,5821,15.57
24635,2023-01-14,台南市,下營區,20,5808,16.14
25003,2023-01-13,台南市,下營區,13,5788,15.43
25377,2023-01-12,台南市,下營區,10,5775,16.86
25748,2023-01-11,台南市,下營區,9,5765,16.71
26125,2023-01-10,台南市,下營區,21,5756,17.43
26500,2023-01-09,台南市,下營區,23,5735,17.29
26868,2023-01-08,台南市,下營區,17,5712,16.14
27231,2023-01-07,台南市,下營區,15,5695,14.43
27604,2023-01-06,台南市,下營區,23,5680,13.86
27984,2023-01-05,台南市,下營區,9,5657,12.29
28364,2023-01-04,台南市,下營區,14,5648,13.00
28745,2023-01-03,台南市,下營區,20,5634,15.57
29123,2023-01-02,台南市,下營區,15,5614,16.43
29491,2023-01-01,台南市,下營區,5,5599,15.57
29854,2022-12-31,台南市,下營區,11,5594,16.00
30220,2022-12-30,台南市,下營區,12,5583,15.57
30594,2022-12-29,台南市,下營區,14,5571,15.29
30967,2022-12-28,台南市,下營區,32,5557,15.57
31341,2022-12-27,台南市,下營區,26,5525,12.71
31714,2022-12-26,台南市,下營區,9,5499,10.86
32075,2022-12-25,台南市,下營區,8,5490,11.71
32435,2022-12-24,台南市,下營區,8,5482,11.43
32794,2022-12-23,台南市,下營區,10,5474,11.14
33161,2022-12-22,台南市,下營區,16,5464,10.57
33529,2022-12-21,台南市,下營區,12,5448,8.86
33896,2022-12-20,台南市,下營區,13,5436,8.00
34262,2022-12-19,台南市,下營區,15,5423,6.71
34619,2022-12-18,台南市,下營區,6,5408,6.14
34977,2022-12-17,台南市,下營區,6,5402,5.71
35343,2022-12-16,台南市,下營區,6,5396,5.57
35706,2022-12-15,台南市,下營區,4,5390,5.43
36070,2022-12-14,台南市,下營區,6,5386,5.86
36436,2022-12-13,台南市,下營區,4,5380,6.43
36814,2022-12-12,台南市,下營區,11,5376,6.86
37169,2022-12-11,台南市,下營區,3,5365,6.57
37533,2022-12-10,台南市,下營區,5,5362,7.14
37900,2022-12-09,台南市,下營區,5,5357,7.43
38271,2022-12-08,台南市,下營區,7,5352,7.86
38646,2022-12-07,台南市,下營區,10,5345,8.14
39011,2022-12-06,台南市,下營區,7,5335,7.57
39387,2022-12-05,台南市,下營區,9,5328,8.57
39759,2022-12-04,台南市,下營區,7,5319,10.14
40127,2022-12-03,台南市,下營區,7,5312,10.57
40495,2022-12-02,台南市,下營區,8,5305,11.00
40864,2022-12-01,台南市,下營區,9,5297,11.29
41238,2022-11-30,台南市,下營區,6,5288,11.00
41612,2022-11-29,台南市,下營區,14,5282,11.14
41991,2022-11-28,台南市,下營區,20,5268,12.14
42363,2022-11-27,台南市,下營區,10,5248,12.14
42718,2022-11-26,台南市,下營區,10,5238,13.00
43083,2022-11-25,台南市,下營區,10,5228,13.29
43453,2022-11-24,台南市,下營區,7,5218,14.86
43820,2022-11-23,台南市,下營區,7,5211,16.00
44195,2022-11-22,台南市,下營區,21,5204,18.29
44573,2022-11-21,台南市,下營區,20,5183,18.57
44947,2022-11-20,台南市,下營區,16,5163,17.57
45315,2022-11-19,台南市,下營區,12,5147,17.57
45686,2022-11-18,台南市,下營區,21,5135,17.86
46059,2022-11-17,台南市,下營區,15,5114,17.29
46435,2022-11-16,台南市,下營區,23,5099,17.29
46817,2022-11-15,台南市,下營區,23,5076,18.43
47196,2022-11-14,台南市,下營區,13,5053,18.00
47572,2022-11-13,台南市,下營區,16,5040,20.29
47944,2022-11-12,台南市,下營區,14,5024,19.71
48323,2022-11-11,台南市,下營區,17,5010,19.86
48704,2022-11-10,台南市,下營區,15,4993,20.14
49087,2022-11-09,台南市,下營區,31,4978,20.86
49473,2022-11-08,台南市,下營區,20,4947,19.57
49857,2022-11-07,台南市,下營區,29,4927,20.43
50233,2022-11-06,台南市,下營區,12,4898,19.29
50605,2022-11-05,台南市,下營區,15,4886,21.29
50990,2022-11-04,台南市,下營區,19,4871,21.43
51372,2022-11-03,台南市,下營區,20,4852,20.57
51752,2022-11-02,台南市,下營區,22,4832,21.29
52140,2022-11-01,台南市,下營區,26,4810,22.29
52522,2022-10-31,台南市,下營區,21,4784,22.29
52904,2022-10-30,台南市,下營區,26,4763,24.29
53283,2022-10-29,台南市,下營區,16,4737,25.00
53666,2022-10-28,台南市,下營區,13,4721,25.29
54052,2022-10-27,台南市,下營區,25,4708,27.29
54437,2022-10-26,台南市,下營區,29,4683,27.71
54824,2022-10-25,台南市,下營區,26,4654,28.86
55215,2022-10-24,台南市,下營區,35,4628,28.57
55598,2022-10-23,台南市,下營區,31,4593,28.29
55981,2022-10-22,台南市,下營區,18,4562,27.14
56367,2022-10-21,台南市,下營區,27,4544,27.43
56753,2022-10-20,台南市,下營區,28,4517,28.00
57140,2022-10-19,台南市,下營區,37,4489,30.71
57528,2022-10-18,台南市,下營區,24,4452,32.57
57918,2022-10-17,台南市,下營區,33,4428,34.57
58306,2022-10-16,台南市,下營區,23,4395,35.86
58692,2022-10-15,台南市,下營區,20,4372,36.57
59078,2022-10-14,台南市,下營區,31,4352,40.00
59467,2022-10-13,台南市,下營區,47,4321,39.86
59858,2022-10-12,台南市,下營區,50,4274,36.57
60248,2022-10-11,台南市,下營區,38,4224,34.29
60638,2022-10-10,台南市,下營區,42,4186,32.71
61021,2022-10-09,台南市,下營區,28,4144,32.14
61409,2022-10-08,台南市,下營區,44,4116,30.29
61799,2022-10-07,台南市,下營區,30,4072,27.14
62186,2022-10-06,台南市,下營區,24,4042,25.71
62577,2022-10-05,台南市,下營區,34,4018,25.43
62964,2022-10-04,台南市,下營區,27,3984,24.43
63353,2022-10-03,台南市,下營區,38,3957,23.57
63742,2022-10-02,台南市,下營區,15,3919,21.00
64124,2022-10-01,台南市,下營區,22,3904,21.14
64509,2022-09-30,台南市,下營區,20,3882,20.29
64895,2022-09-29,台南市,下營區,22,3862,19.57
65283,2022-09-28,台南市,下營區,27,3840,18.43
65671,2022-09-27,台南市,下營區,21,3813,17.14
66057,2022-09-26,台南市,下營區,20,3792,17.14
66444,2022-09-25,台南市,下營區,16,3772,18.43
66827,2022-09-24,台南市,下營區,16,3756,17.57
67214,2022-09-23,台南市,下營區,15,3740,18.43
67601,2022-09-22,台南市,下營區,14,3725,19.14
67990,2022-09-21,台南市,下營區,18,3711,20.71
68378,2022-09-20,台南市,下營區,21,3693,21.71
68769,2022-09-19,台南市,下營區,29,3672,22.86
69158,2022-09-18,台南市,下營區,10,3643,23.00
69541,2022-09-17,台南市,下營區,22,3633,22.86
69929,2022-09-16,台南市,下營區,20,3611,21.00
70313,2022-09-15,台南市,下營區,25,3591,20.43
70700,2022-09-14,台南市,下營區,25,3566,17.86
71086,2022-09-13,台南市,下營區,29,3541,16.43
71476,2022-09-12,台南市,下營區,30,3512,15.14
71863,2022-09-11,台南市,下營區,9,3482,13.71
72245,2022-09-10,台南市,下營區,9,3473,13.43
72627,2022-09-09,台南市,下營區,16,3464,13.43
73010,2022-09-08,台南市,下營區,7,3448,14.00
73397,2022-09-07,台南市,下營區,15,3441,15.00
73781,2022-09-06,台南市,下營區,20,3426,13.57
74168,2022-09-05,台南市,下營區,20,3406,12.29
74552,2022-09-04,台南市,下營區,7,3386,11.86
74936,2022-09-03,台南市,下營區,9,3379,12.57
75323,2022-09-02,台南市,下營區,20,3370,12.86
75710,2022-09-01,台南市,下營區,14,3350,12.14
76098,2022-08-31,台南市,下營區,5,3336,12.00
76486,2022-08-30,台南市,下營區,11,3331,12.71
76874,2022-08-29,台南市,下營區,17,3320,15.00
77261,2022-08-28,台南市,下營區,12,3303,14.86
77646,2022-08-27,台南市,下營區,11,3291,15.29
78032,2022-08-26,台南市,下營區,15,3280,15.14
78416,2022-08-25,台南市,下營區,13,3265,16.00
78801,2022-08-24,台南市,下營區,10,3252,15.43
79188,2022-08-23,台南市,下營區,27,3242,15.57
79573,2022-08-22,台南市,下營區,16,3215,14.57
79957,2022-08-21,台南市,下營區,15,3199,14.71
80337,2022-08-20,台南市,下營區,10,3184,14.43
80720,2022-08-19,台南市,下營區,21,3174,14.86
81107,2022-08-18,台南市,下營區,9,3153,14.29
81496,2022-08-17,台南市,下營區,11,3144,14.57
81881,2022-08-16,台南市,下營區,20,3133,15.29
82268,2022-08-15,台南市,下營區,17,3113,14.71
82650,2022-08-14,台南市,下營區,13,3096,14.71
83028,2022-08-13,台南市,下營區,13,3083,13.57
83410,2022-08-12,台南市,下營區,17,3070,13.14
83794,2022-08-11,台南市,下營區,11,3053,13.57
84181,2022-08-10,台南市,下營區,16,3042,14.71
84564,2022-08-09,台南市,下營區,16,3026,13.86
84950,2022-08-08,台南市,下營區,17,3010,13.71
85329,2022-08-07,台南市,下營區,5,2993,14.29
85704,2022-08-06,台南市,下營區,10,2988,14.71
86088,2022-08-05,台南市,下營區,20,2978,15.86
86474,2022-08-04,台南市,下營區,19,2958,15.14
86859,2022-08-03,台南市,下營區,10,2939,15.57
87241,2022-08-02,台南市,下營區,15,2929,17.43
87628,2022-08-01,台南市,下營區,21,2914,17.86
88011,2022-07-31,台南市,下營區,8,2893,18.71
88387,2022-07-30,台南市,下營區,18,2885,20.00
88769,2022-07-29,台南市,下營區,15,2867,19.86
89155,2022-07-28,台南市,下營區,22,2852,20.00
89542,2022-07-27,台南市,下營區,23,2830,20.29
89930,2022-07-26,台南市,下營區,18,2807,20.57
90318,2022-07-25,台南市,下營區,27,2789,20.43
90699,2022-07-24,台南市,下營區,17,2762,19.29
91079,2022-07-23,台南市,下營區,17,2745,19.14
91465,2022-07-22,台南市,下營區,16,2728,18.29
91851,2022-07-21,台南市,下營區,24,2712,18.29
92233,2022-07-20,台南市,下營區,25,2688,17.57
92622,2022-07-19,台南市,下營區,17,2663,16.00
93011,2022-07-18,台南市,下營區,19,2646,16.43
93397,2022-07-17,台南市,下營區,16,2627,15.57
93776,2022-07-16,台南市,下營區,11,2611,15.43
94164,2022-07-15,台南市,下營區,16,2600,15.57
94551,2022-07-14,台南市,下營區,19,2584,15.14
94940,2022-07-13,台南市,下營區,14,2565,14.43
95327,2022-07-12,台南市,下營區,20,2551,14.57
95716,2022-07-11,台南市,下營區,13,2531,13.29
96102,2022-07-10,台南市,下營區,15,2518,16.14
96488,2022-07-09,台南市,下營區,12,2503,16.86
96875,2022-07-08,台南市,下營區,13,2491,19.43
97266,2022-07-07,台南市,下營區,14,2478,21.86
97655,2022-07-06,台南市,下營區,15,2464,24.57
98045,2022-07-05,台南市,下營區,11,2449,28.86
98434,2022-07-04,台南市,下營區,33,2438,33.43
98824,2022-07-03,台南市,下營區,20,2405,35.00
99206,2022-07-02,台南市,下營區,30,2385,37.00
99597,2022-07-01,台南市,下營區,30,2355,37.43
99989,2022-06-30,台南市,下營區,33,2325,38.71
100380,2022-06-29,台南市,下營區,45,2292,38.86
100770,2022-06-28,台南市,下營區,43,2247,38.43
101161,2022-06-27,台南市,下營區,44,2204,40.00
101547,2022-06-26,台南市,下營區,34,2160,41.00
101934,2022-06-25,台南市,下營區,33,2126,41.14
102323,2022-06-24,台南市,下營區,39,2093,45.00
102715,2022-06-23,台南市,下營區,34,2054,49.00
103108,2022-06-22,台南市,下營區,42,2020,55.57
103497,2022-06-21,台南市,下營區,54,1978,58.29
103889,2022-06-20,台南市,下營區,51,1924,56.71
104279,2022-06-19,台南市,下營區,35,1873,60.71
104670,2022-06-18,台南市,下營區,60,1838,64.43
105061,2022-06-17,台南市,下營區,67,1778,66.71
105451,2022-06-16,台南市,下營區,80,1711,63.29
105841,2022-06-15,台南市,下營區,61,1631,59.57
106231,2022-06-14,台南市,下營區,43,1570,55.57
106623,2022-06-13,台南市,下營區,79,1527,56.43
107013,2022-06-12,台南市,下營區,61,1448,55.00
107400,2022-06-11,台南市,下營區,76,1387,54.86
107792,2022-06-10,台南市,下營區,43,1311,51.86
108181,2022-06-09,台南市,下營區,54,1268,53.00
108570,2022-06-08,台南市,下營區,33,1214,54.00
108960,2022-06-07,台南市,下營區,49,1181,58.57
109352,2022-06-06,台南市,下營區,69,1132,61.71
109742,2022-06-05,台南市,下營區,60,1063,60.86
110131,2022-06-04,台南市,下營區,55,1003,58.57
110521,2022-06-03,台南市,下營區,51,948,54.57
110912,2022-06-02,台南市,下營區,61,897,53.29
111302,2022-06-01,台南市,下營區,65,836,51.86
111694,2022-05-31,台南市,下營區,71,771,49.14
112085,2022-05-30,台南市,下營區,63,700,44.86
112476,2022-05-29,台南市,下營區,44,637,40.71
112866,2022-05-28,台南市,下營區,27,593,39.57
113257,2022-05-27,台南市,下營區,42,566,42.14
113647,2022-05-26,台南市,下營區,51,524,40.00
114038,2022-05-25,台南市,下營區,46,473,35.86
114428,2022-05-24,台南市,下營區,41,427,33.00
114820,2022-05-23,台南市,下營區,34,386,30.86
115211,2022-05-22,台南市,下營區,36,352,29.29
115602,2022-05-21,台南市,下營區,45,316,26.29
115987,2022-05-20,台南市,下營區,27,271,23.43
116375,2022-05-19,台南市,下營區,22,244,21.14
116763,2022-05-18,台南市,下營區,26,222,20.29
117154,2022-05-17,台南市,下營區,26,196,19.14
117542,2022-05-16,台南市,下營區,23,170,17.14
117930,2022-05-15,台南市,下營區,15,147,14.57
118314,2022-05-14,台南市,下營區,25,132,12.86
118699,2022-05-13,台南市,下營區,11,107,10.71
119087,2022-05-12,台南市,下營區,16,96,10.43
119469,2022-05-11,台南市,下營區,18,80,8.71
119856,2022-05-10,台南市,下營區,12,62,6.14
120238,2022-05-09,台南市,下營區,5,50,4.71
120618,2022-05-08,台南市,下營區,3,45,4.57
121004,2022-05-07,台南市,下營區,10,42,4.43
121382,2022-05-06,台南市,下營區,9,32,3.14
121755,2022-05-05,台南市,下營區,4,23,2.00
122484,2022-05-03,台南市,下營區,2,19,1.86
122839,2022-05-02,台南市,下營區,4,17,2.14
123178,2022-05-01,台南市,下營區,2,13,1.71
123514,2022-04-30,台南市,下營區,1,11,1.43
123838,2022-04-29,台南市,下營區,1,10,1.29
124151,2022-04-28,台南市,下營區,1,9,1.14
124456,2022-04-27,台南市,下營區,2,8,1.00
124751,2022-04-26,台南市,下營區,4,6,0.71
125030,2022-04-25,台南市,下營區,1,2,0.14
126785,2022-04-17,台南市,下營區,1,1,0.14
