UID,個案死亡日,縣市別,區域,新增死亡人數,累計死亡人數,七天移動平均新增死亡人數
66,2023-04-21,台南市,全區,1,1349,0.14
117,2023-04-09,台南市,全區,1,1348,0.43
131,2023-04-07,台南市,全區,1,1347,0.43
144,2023-04-06,台南市,全區,1,1346,0.43
205,2023-04-01,台南市,全區,1,1345,1.29
223,2023-03-31,台南市,全區,1,1344,1.29
250,2023-03-29,台南市,全區,2,1343,1.43
268,2023-03-28,台南市,全區,1,1341,1.14
286,2023-03-27,台南市,全區,3,1340,1.86
302,2023-03-26,台南市,全區,1,1337,1.86
321,2023-03-25,台南市,全區,1,1336,1.86
344,2023-03-24,台南市,全區,2,1335,2.00
433,2023-03-21,台南市,全區,6,1333,2.43
465,2023-03-20,台南市,全區,3,1327,2.00
503,2023-03-19,台南市,全區,1,1324,2.29
541,2023-03-18,台南市,全區,2,1323,3.00
584,2023-03-17,台南市,全區,2,1321,3.00
626,2023-03-16,台南市,全區,2,1319,3.00
668,2023-03-15,台南市,全區,1,1317,3.14
705,2023-03-14,台南市,全區,3,1316,3.43
751,2023-03-13,台南市,全區,5,1313,3.14
790,2023-03-12,台南市,全區,6,1308,2.57
838,2023-03-11,台南市,全區,2,1302,2.14
883,2023-03-10,台南市,全區,2,1300,2.86
930,2023-03-09,台南市,全區,3,1298,2.71
982,2023-03-08,台南市,全區,3,1295,3.14
1030,2023-03-07,台南市,全區,1,1292,3.14
1070,2023-03-06,台南市,全區,1,1291,3.71
1129,2023-03-05,台南市,全區,3,1290,4.29
1180,2023-03-04,台南市,全區,7,1287,4.71
1237,2023-03-03,台南市,全區,1,1280,3.86
1291,2023-03-02,台南市,全區,6,1279,4.43
1342,2023-03-01,台南市,全區,3,1273,4.43
1393,2023-02-28,台南市,全區,5,1270,4.71
1447,2023-02-27,台南市,全區,5,1265,4.57
1512,2023-02-26,台南市,全區,6,1260,4.43
1570,2023-02-25,台南市,全區,1,1254,3.86
1626,2023-02-24,台南市,全區,5,1253,4.00
1681,2023-02-23,台南市,全區,6,1248,3.86
1749,2023-02-22,台南市,全區,5,1242,3.57
1807,2023-02-21,台南市,全區,4,1237,3.57
1863,2023-02-20,台南市,全區,4,1233,3.71
1917,2023-02-19,台南市,全區,2,1229,4.29
1974,2023-02-18,台南市,全區,2,1227,4.43
2028,2023-02-17,台南市,全區,4,1225,4.57
2085,2023-02-16,台南市,全區,4,1221,4.57
2150,2023-02-15,台南市,全區,5,1217,4.14
2214,2023-02-14,台南市,全區,5,1212,4.14
2284,2023-02-13,台南市,全區,8,1207,4.43
2343,2023-02-12,台南市,全區,3,1199,4.00
2409,2023-02-11,台南市,全區,3,1196,4.00
2473,2023-02-10,台南市,全區,4,1193,3.57
2539,2023-02-09,台南市,全區,1,1189,3.29
2605,2023-02-08,台南市,全區,5,1188,3.71
2684,2023-02-07,台南市,全區,7,1183,3.43
2745,2023-02-06,台南市,全區,5,1176,2.57
2811,2023-02-05,台南市,全區,3,1171,2.57
2921,2023-02-03,台南市,全區,2,1168,2.57
2984,2023-02-02,台南市,全區,4,1166,2.29
3057,2023-02-01,台南市,全區,3,1162,2.14
3123,2023-01-31,台南市,全區,1,1159,2.29
3175,2023-01-30,台南市,全區,5,1158,2.29
3234,2023-01-29,台南市,全區,2,1153,2.14
3293,2023-01-28,台南市,全區,1,1151,2.43
3394,2023-01-26,台南市,全區,3,1150,2.71
3448,2023-01-25,台南市,全區,4,1147,2.86
3503,2023-01-24,台南市,全區,1,1143,2.86
3555,2023-01-23,台南市,全區,4,1142,2.86
3610,2023-01-22,台南市,全區,4,1138,2.57
3659,2023-01-21,台南市,全區,1,1134,2.43
3694,2023-01-20,台南市,全區,2,1133,2.57
3744,2023-01-19,台南市,全區,4,1131,2.86
3797,2023-01-18,台南市,全區,4,1127,2.86
3835,2023-01-17,台南市,全區,1,1123,2.57
3887,2023-01-16,台南市,全區,2,1122,2.86
3939,2023-01-15,台南市,全區,3,1120,3.00
4001,2023-01-14,台南市,全區,2,1117,2.57
4057,2023-01-13,台南市,全區,4,1115,2.71
4092,2023-01-12,台南市,全區,4,1111,2.71
4142,2023-01-11,台南市,全區,2,1107,2.43
4192,2023-01-10,台南市,全區,3,1105,2.57
4247,2023-01-09,台南市,全區,3,1102,2.71
4341,2023-01-07,台南市,全區,3,1099,3.29
4393,2023-01-06,台南市,全區,4,1096,3.29
4438,2023-01-05,台南市,全區,2,1092,3.29
4482,2023-01-04,台南市,全區,3,1090,3.43
4543,2023-01-03,台南市,全區,4,1087,3.14
4599,2023-01-02,台南市,全區,5,1083,2.86
4656,2023-01-01,台南市,全區,2,1078,2.43
4706,2022-12-31,台南市,全區,3,1076,2.29
4760,2022-12-30,台南市,全區,4,1073,2.29
4798,2022-12-29,台南市,全區,3,1069,2.43
4834,2022-12-28,台南市,全區,1,1066,2.14
4875,2022-12-27,台南市,全區,2,1065,2.14
4926,2022-12-26,台南市,全區,2,1063,1.86
4964,2022-12-25,台南市,全區,1,1061,1.86
4998,2022-12-24,台南市,全區,3,1060,2.43
5031,2022-12-23,台南市,全區,5,1057,2.29
5067,2022-12-22,台南市,全區,1,1052,1.71
5102,2022-12-21,台南市,全區,1,1051,1.57
5184,2022-12-19,台南市,全區,2,1050,2.29
5217,2022-12-18,台南市,全區,5,1048,2.14
5253,2022-12-17,台南市,全區,2,1043,1.43
5292,2022-12-16,台南市,全區,1,1041,1.57
5375,2022-12-14,台南市,全區,4,1040,1.86
5416,2022-12-13,台南市,全區,2,1036,1.57
5449,2022-12-12,台南市,全區,1,1034,1.43
5506,2022-12-10,台南市,全區,3,1033,1.71
5551,2022-12-09,台南市,全區,1,1030,1.71
5591,2022-12-08,台南市,全區,2,1029,1.86
5638,2022-12-07,台南市,全區,2,1027,2.43
5676,2022-12-06,台南市,全區,1,1025,2.29
5745,2022-12-04,台南市,全區,3,1024,2.86
5776,2022-12-03,台南市,全區,3,1021,2.86
5820,2022-12-02,台南市,全區,2,1018,2.86
5863,2022-12-01,台南市,全區,6,1016,3.00
5899,2022-11-30,台南市,全區,1,1010,2.86
5934,2022-11-29,台南市,全區,1,1009,3.43
5974,2022-11-28,台南市,全區,4,1008,3.43
6012,2022-11-27,台南市,全區,3,1004,3.14
6046,2022-11-26,台南市,全區,3,1001,2.71
6092,2022-11-25,台南市,全區,3,998,2.86
6137,2022-11-24,台南市,全區,5,995,2.86
6181,2022-11-23,台南市,全區,5,990,2.57
6224,2022-11-22,台南市,全區,1,985,2.29
6274,2022-11-21,台南市,全區,2,984,2.86
6377,2022-11-19,台南市,全區,4,982,3.57
6427,2022-11-18,台南市,全區,3,978,3.57
6474,2022-11-17,台南市,全區,3,975,3.71
6525,2022-11-16,台南市,全區,3,972,3.86
6565,2022-11-15,台南市,全區,5,969,4.14
6616,2022-11-14,台南市,全區,4,964,4.00
6671,2022-11-13,台南市,全區,3,960,3.86
6733,2022-11-12,台南市,全區,4,957,4.00
6793,2022-11-11,台南市,全區,4,953,4.14
6851,2022-11-10,台南市,全區,4,949,3.86
6921,2022-11-09,台南市,全區,5,945,3.57
6977,2022-11-08,台南市,全區,4,940,3.29
7033,2022-11-07,台南市,全區,3,936,3.57
7093,2022-11-06,台南市,全區,4,933,3.43
7147,2022-11-05,台南市,全區,5,929,3.57
7207,2022-11-04,台南市,全區,2,924,4.14
7267,2022-11-03,台南市,全區,2,922,4.43
7319,2022-11-02,台南市,全區,3,920,5.43
7384,2022-11-01,台南市,全區,6,917,5.29
7455,2022-10-31,台南市,全區,2,911,5.00
7515,2022-10-30,台南市,全區,5,909,5.14
7572,2022-10-29,台南市,全區,9,904,4.86
7644,2022-10-28,台南市,全區,4,895,3.86
7710,2022-10-27,台南市,全區,9,891,4.29
7783,2022-10-26,台南市,全區,2,882,4.00
7852,2022-10-25,台南市,全區,4,880,3.71
7925,2022-10-24,台南市,全區,3,876,4.00
7994,2022-10-23,台南市,全區,3,873,4.14
8068,2022-10-22,台南市,全區,2,870,4.71
8135,2022-10-21,台南市,全區,7,868,4.71
8214,2022-10-20,台南市,全區,7,861,4.29
8349,2022-10-18,台南市,全區,6,854,4.00
8427,2022-10-17,台南市,全區,4,848,3.57
8502,2022-10-16,台南市,全區,7,844,3.43
8563,2022-10-15,台南市,全區,2,837,2.86
8633,2022-10-14,台南市,全區,4,835,2.86
8710,2022-10-13,台南市,全區,2,831,2.71
8778,2022-10-12,台南市,全區,3,829,2.57
8848,2022-10-11,台南市,全區,3,826,3.00
8910,2022-10-10,台南市,全區,3,823,3.00
8988,2022-10-09,台南市,全區,3,820,3.43
9044,2022-10-08,台南市,全區,2,817,3.86
9102,2022-10-07,台南市,全區,3,815,3.71
9172,2022-10-06,台南市,全區,1,812,4.00
9233,2022-10-05,台南市,全區,6,811,4.14
9316,2022-10-04,台南市,全區,3,805,3.71
9382,2022-10-03,台南市,全區,6,802,3.86
9456,2022-10-02,台南市,全區,6,796,3.71
9519,2022-10-01,台南市,全區,1,790,3.14
9577,2022-09-30,台南市,全區,5,789,3.43
9637,2022-09-29,台南市,全區,2,784,2.86
9704,2022-09-28,台南市,全區,3,782,2.71
9752,2022-09-27,台南市,全區,4,779,2.86
9818,2022-09-26,台南市,全區,5,775,2.43
9876,2022-09-25,台南市,全區,2,770,2.00
9935,2022-09-24,台南市,全區,3,768,2.00
9987,2022-09-23,台南市,全區,1,765,2.00
10054,2022-09-22,台南市,全區,1,764,2.29
10115,2022-09-21,台南市,全區,4,763,2.43
10168,2022-09-20,台南市,全區,1,759,2.29
10212,2022-09-19,台南市,全區,2,758,2.57
10262,2022-09-18,台南市,全區,2,756,2.71
10314,2022-09-17,台南市,全區,3,754,2.71
10374,2022-09-16,台南市,全區,3,751,2.29
10432,2022-09-15,台南市,全區,2,748,2.43
10490,2022-09-14,台南市,全區,3,746,2.43
10542,2022-09-13,台南市,全區,3,743,2.14
10596,2022-09-12,台南市,全區,3,740,2.14
10649,2022-09-11,台南市,全區,2,737,2.00
10750,2022-09-09,台南市,全區,4,735,2.29
10794,2022-09-08,台南市,全區,2,731,1.86
10842,2022-09-07,台南市,全區,1,729,1.71
10876,2022-09-06,台南市,全區,3,728,2.14
10918,2022-09-05,台南市,全區,2,725,1.86
10965,2022-09-04,台南市,全區,3,723,2.00
11013,2022-09-03,台南市,全區,1,720,1.71
11055,2022-09-02,台南市,全區,1,719,1.57
11090,2022-09-01,台南市,全區,1,718,1.43
11121,2022-08-31,台南市,全區,4,717,1.57
11169,2022-08-30,台南市,全區,1,713,1.29
11219,2022-08-29,台南市,全區,3,712,1.57
11258,2022-08-28,台南市,全區,1,709,1.43
11371,2022-08-25,台南市,全區,2,708,2.14
11411,2022-08-24,台南市,全區,2,706,2.14
11443,2022-08-23,台南市,全區,3,704,2.00
11483,2022-08-22,台南市,全區,2,701,1.71
11526,2022-08-21,台南市,全區,2,699,1.86
11558,2022-08-20,台南市,全區,1,697,1.86
11594,2022-08-19,台南市,全區,3,696,1.71
11628,2022-08-18,台南市,全區,2,693,1.43
11661,2022-08-17,台南市,全區,1,691,1.57
11691,2022-08-16,台南市,全區,1,690,1.71
11729,2022-08-15,台南市,全區,3,689,1.71
11773,2022-08-14,台南市,全區,2,686,1.71
11847,2022-08-12,台南市,全區,1,684,2.00
11884,2022-08-11,台南市,全區,3,683,2.14
11921,2022-08-10,台南市,全區,2,680,2.14
11959,2022-08-09,台南市,全區,1,678,2.14
12000,2022-08-08,台南市,全區,3,677,2.57
12052,2022-08-07,台南市,全區,2,674,2.43
12086,2022-08-06,台南市,全區,2,672,2.71
12130,2022-08-05,台南市,全區,2,670,2.57
12166,2022-08-04,台南市,全區,3,668,2.86
12213,2022-08-03,台南市,全區,2,665,3.29
12258,2022-08-02,台南市,全區,4,663,3.57
12314,2022-08-01,台南市,全區,2,659,3.86
12362,2022-07-31,台南市,全區,4,657,3.71
12414,2022-07-30,台南市,全區,1,653,4.00
12461,2022-07-29,台南市,全區,4,652,4.43
12521,2022-07-28,台南市,全區,6,648,5.00
12572,2022-07-27,台南市,全區,4,642,4.86
12629,2022-07-26,台南市,全區,6,638,5.29
12692,2022-07-25,台南市,全區,1,632,5.71
12745,2022-07-24,台南市,全區,6,631,6.00
12802,2022-07-23,台南市,全區,4,625,6.43
12856,2022-07-22,台南市,全區,8,621,7.00
12909,2022-07-21,台南市,全區,5,613,7.00
12970,2022-07-20,台南市,全區,7,608,7.29
13031,2022-07-19,台南市,全區,9,601,7.71
13100,2022-07-18,台南市,全區,3,592,7.29
13155,2022-07-17,台南市,全區,9,589,7.71
13225,2022-07-16,台南市,全區,8,580,7.29
13297,2022-07-15,台南市,全區,8,572,6.86
13366,2022-07-14,台南市,全區,7,564,6.86
13431,2022-07-13,台南市,全區,10,557,7.71
13507,2022-07-12,台南市,全區,6,547,7.71
13580,2022-07-11,台南市,全區,6,541,8.43
13648,2022-07-10,台南市,全區,6,535,8.86
13715,2022-07-09,台南市,全區,5,529,9.00
13785,2022-07-08,台南市,全區,8,524,10.00
13854,2022-07-07,台南市,全區,13,516,10.43
13939,2022-07-06,台南市,全區,10,503,10.57
14026,2022-07-05,台南市,全區,11,493,11.57
14113,2022-07-04,台南市,全區,9,482,11.71
14218,2022-07-03,台南市,全區,7,473,12.71
14298,2022-07-02,台南市,全區,12,466,12.86
14386,2022-07-01,台南市,全區,11,454,12.86
14477,2022-06-30,台南市,全區,14,443,12.00
14585,2022-06-29,台南市,全區,17,429,11.29
14676,2022-06-28,台南市,全區,12,412,10.29
14772,2022-06-27,台南市,全區,16,400,10.71
14884,2022-06-26,台南市,全區,8,384,10.14
14979,2022-06-25,台南市,全區,12,376,10.14
15068,2022-06-24,台南市,全區,5,364,9.86
15165,2022-06-23,台南市,全區,9,359,11.14
15285,2022-06-22,台南市,全區,10,350,11.43
15392,2022-06-21,台南市,全區,15,340,12.00
15510,2022-06-20,台南市,全區,12,325,11.29
15614,2022-06-19,台南市,全區,8,313,12.29
15733,2022-06-18,台南市,全區,10,305,12.43
15858,2022-06-17,台南市,全區,14,295,13.14
15993,2022-06-16,台南市,全區,11,281,12.71
16112,2022-06-15,台南市,全區,14,270,13.14
16244,2022-06-14,台南市,全區,10,256,12.86
16373,2022-06-13,台南市,全區,19,246,12.14
16497,2022-06-12,台南市,全區,9,227,11.14
16616,2022-06-11,台南市,全區,15,218,11.29
16748,2022-06-10,台南市,全區,11,203,11.43
16856,2022-06-09,台南市,全區,14,192,12.43
16981,2022-06-08,台南市,全區,12,178,11.14
17111,2022-06-07,台南市,全區,5,166,10.86
17241,2022-06-06,台南市,全區,12,161,11.00
17362,2022-06-05,台南市,全區,10,149,10.43
17471,2022-06-04,台南市,全區,16,139,10.29
17598,2022-06-03,台南市,全區,18,123,9.43
17717,2022-06-02,台南市,全區,5,105,7.86
17829,2022-06-01,台南市,全區,10,100,8.14
17961,2022-05-31,台南市,全區,6,90,7.14
18087,2022-05-30,台南市,全區,8,84,7.00
18214,2022-05-29,台南市,全區,9,76,6.43
18318,2022-05-28,台南市,全區,10,67,6.00
18419,2022-05-27,台南市,全區,7,57,5.43
18518,2022-05-26,台南市,全區,7,50,4.57
18617,2022-05-25,台南市,全區,3,43,4.14
18710,2022-05-24,台南市,全區,5,40,4.00
18803,2022-05-23,台南市,全區,4,35,3.57
18893,2022-05-22,台南市,全區,6,31,3.29
18982,2022-05-21,台南市,全區,6,25,2.86
19063,2022-05-20,台南市,全區,1,19,2.00
19135,2022-05-19,台南市,全區,4,18,2.14
19205,2022-05-18,台南市,全區,2,14,1.71
19273,2022-05-17,台南市,全區,2,12,1.43
19333,2022-05-16,台南市,全區,2,10,1.14
19389,2022-05-15,台南市,全區,3,8,0.86
19495,2022-05-13,台南市,全區,2,5,0.57
19538,2022-05-12,台南市,全區,1,3,0.29
19681,2022-05-08,台南市,全區,1,2,0.14
19991,2021-07-31,台南市,全區,1,1,0.14
