UID,個案研判日,縣市別,區域,新增確診人數,累計確診人數,七天移動平均新增確診人數
1189,2023-03-19,台南市,龍崎區,1,557,1.57
1528,2023-03-18,台南市,龍崎區,2,556,1.43
1878,2023-03-17,台南市,龍崎區,2,554,1.29
2229,2023-03-16,台南市,龍崎區,1,552,1.57
2582,2023-03-15,台南市,龍崎區,2,551,1.57
2939,2023-03-14,台南市,龍崎區,2,549,1.57
3296,2023-03-13,台南市,龍崎區,1,547,1.29
3997,2023-03-11,台南市,龍崎區,1,546,1.29
4349,2023-03-10,台南市,龍崎區,4,545,1.14
4705,2023-03-09,台南市,龍崎區,1,541,0.57
5061,2023-03-08,台南市,龍崎區,2,540,0.43
5785,2023-03-06,台南市,龍崎區,1,538,0.43
7568,2023-03-01,台南市,龍崎區,1,537,1.43
7933,2023-02-28,台南市,龍崎區,1,536,1.71
8293,2023-02-27,台南市,龍崎區,1,535,1.71
9009,2023-02-25,台南市,龍崎區,2,534,2.00
9368,2023-02-24,台南市,龍崎區,3,532,1.86
9737,2023-02-23,台南市,龍崎區,2,529,1.71
10112,2023-02-22,台南市,龍崎區,3,527,1.43
10483,2023-02-21,台南市,龍崎區,1,524,1.71
10858,2023-02-20,台南市,龍崎區,3,523,2.00
11587,2023-02-18,台南市,龍崎區,1,520,1.71
11958,2023-02-17,台南市,龍崎區,2,519,1.57
12705,2023-02-15,台南市,龍崎區,5,517,2.00
13080,2023-02-14,台南市,龍崎區,3,512,1.29
13456,2023-02-13,台南市,龍崎區,1,509,1.00
14558,2023-02-10,台南市,龍崎區,1,508,2.00
14933,2023-02-09,台南市,龍崎區,4,507,2.00
15693,2023-02-07,台南市,龍崎區,1,503,1.57
16073,2023-02-06,台南市,龍崎區,6,502,1.86
16443,2023-02-05,台南市,龍崎區,1,496,1.86
16821,2023-02-04,台南市,龍崎區,1,495,1.71
17205,2023-02-03,台南市,龍崎區,1,494,1.86
17588,2023-02-02,台南市,龍崎區,1,493,1.86
18350,2023-01-31,台南市,龍崎區,3,492,1.86
18738,2023-01-30,台南市,龍崎區,6,489,1.71
19498,2023-01-28,台南市,龍崎區,2,483,1.00
19874,2023-01-27,台南市,龍崎區,1,481,0.71
20251,2023-01-26,台南市,龍崎區,1,480,0.57
20991,2023-01-24,台南市,龍崎區,2,479,0.57
21726,2023-01-22,台南市,龍崎區,1,477,0.43
23206,2023-01-18,台南市,龍崎區,1,476,0.57
23570,2023-01-17,台南市,龍崎區,1,475,0.57
24681,2023-01-14,台南市,龍崎區,1,474,1.14
25048,2023-01-13,台南市,龍崎區,1,473,1.14
25798,2023-01-11,台南市,龍崎區,1,472,1.14
26171,2023-01-10,台南市,龍崎區,2,471,1.14
26549,2023-01-09,台南市,龍崎區,1,469,0.86
26915,2023-01-08,台南市,龍崎區,2,468,1.00
27280,2023-01-07,台南市,龍崎區,1,466,0.71
27651,2023-01-06,台南市,龍崎區,1,465,0.71
28413,2023-01-04,台南市,龍崎區,1,464,0.71
29169,2023-01-02,台南市,龍崎區,2,463,0.71
29899,2022-12-31,台南市,龍崎區,1,461,0.57
30270,2022-12-30,台南市,龍崎區,1,460,0.43
31390,2022-12-27,台南市,龍崎區,1,459,0.29
31762,2022-12-26,台南市,龍崎區,1,458,0.29
33940,2022-12-20,台南市,龍崎區,1,457,1.43
34662,2022-12-18,台南市,龍崎區,1,456,1.86
35023,2022-12-17,台南市,龍崎區,2,455,1.71
35386,2022-12-16,台南市,龍崎區,2,453,1.43
35754,2022-12-15,台南市,龍崎區,2,451,1.14
36113,2022-12-14,台南市,龍崎區,2,449,1.00
36486,2022-12-13,台南市,龍崎區,1,447,0.71
36861,2022-12-12,台南市,龍崎區,3,446,0.57
38316,2022-12-08,台南市,龍崎區,1,443,0.86
39436,2022-12-05,台南市,龍崎區,1,442,1.14
39805,2022-12-04,台南市,龍崎區,2,441,1.00
40175,2022-12-03,台南市,龍崎區,1,439,0.71
40545,2022-12-02,台南市,龍崎區,1,438,0.57
40911,2022-12-01,台南市,龍崎區,2,437,0.57
41285,2022-11-30,台南市,龍崎區,1,435,0.29
43131,2022-11-25,台南市,龍崎區,1,434,0.86
43869,2022-11-23,台南市,龍崎區,2,433,1.00
44242,2022-11-22,台南市,龍崎區,1,431,0.86
44623,2022-11-21,台南市,龍崎區,2,430,1.00
45733,2022-11-18,台南市,龍崎區,1,428,1.00
46106,2022-11-17,台南市,龍崎區,1,427,1.00
46486,2022-11-16,台南市,龍崎區,1,426,1.00
46867,2022-11-15,台南市,龍崎區,2,425,1.00
47620,2022-11-13,台南市,龍崎區,1,423,1.14
47993,2022-11-12,台南市,龍崎區,1,422,1.00
48375,2022-11-11,台南市,龍崎區,1,421,1.00
48756,2022-11-10,台南市,龍崎區,1,420,1.00
49140,2022-11-09,台南市,龍崎區,1,419,1.00
49525,2022-11-08,台南市,龍崎區,2,418,1.29
49909,2022-11-07,台南市,龍崎區,1,416,1.00
50653,2022-11-05,台南市,龍崎區,1,415,1.29
51039,2022-11-04,台南市,龍崎區,1,414,1.14
51422,2022-11-03,台南市,龍崎區,1,413,1.86
51804,2022-11-02,台南市,龍崎區,3,412,2.00
52573,2022-10-31,台南市,龍崎區,2,409,2.00
52953,2022-10-30,台南市,龍崎區,1,407,2.29
53719,2022-10-28,台南市,龍崎區,6,406,2.57
54104,2022-10-27,台南市,龍崎區,2,400,2.14
54877,2022-10-25,台南市,龍崎區,3,398,2.00
55267,2022-10-24,台南市,龍崎區,4,395,1.86
55646,2022-10-23,台南市,龍崎區,2,391,1.86
56032,2022-10-22,台南市,龍崎區,1,389,1.57
56420,2022-10-21,台南市,龍崎區,3,388,2.29
56806,2022-10-20,台南市,龍崎區,1,385,1.86
57581,2022-10-18,台南市,龍崎區,2,384,2.57
57971,2022-10-17,台南市,龍崎區,4,382,2.57
58743,2022-10-15,台南市,龍崎區,6,378,2.14
59520,2022-10-13,台南市,龍崎區,5,372,1.71
59910,2022-10-12,台南市,龍崎區,1,367,1.14
60301,2022-10-11,台南市,龍崎區,2,366,1.29
61072,2022-10-09,台南市,龍崎區,1,364,1.14
61461,2022-10-08,台南市,龍崎區,2,363,1.00
61850,2022-10-07,台南市,龍崎區,1,361,1.14
62239,2022-10-06,台南市,龍崎區,1,360,1.29
62628,2022-10-05,台南市,龍崎區,2,359,1.57
63404,2022-10-03,台南市,龍崎區,1,357,1.29
64175,2022-10-01,台南市,龍崎區,3,356,2.14
64561,2022-09-30,台南市,龍崎區,2,353,1.86
64947,2022-09-29,台南市,龍崎區,3,351,1.86
66110,2022-09-26,台南市,龍崎區,7,348,2.14
66879,2022-09-24,台南市,龍崎區,1,341,1.71
67266,2022-09-23,台南市,龍崎區,2,340,1.86
67654,2022-09-22,台南市,龍崎區,4,338,1.57
68431,2022-09-20,台南市,龍崎區,1,334,1.71
68822,2022-09-19,台南市,龍崎區,4,333,1.71
69591,2022-09-17,台南市,龍崎區,2,329,2.43
70365,2022-09-15,台南市,龍崎區,4,327,2.43
70750,2022-09-14,台南市,龍崎區,1,323,2.14
71138,2022-09-13,台南市,龍崎區,1,322,2.00
71528,2022-09-12,台南市,龍崎區,9,321,2.00
72676,2022-09-09,台南市,龍崎區,2,312,1.00
73061,2022-09-08,台南市,龍崎區,2,310,0.86
73832,2022-09-06,台南市,龍崎區,1,308,0.71
74219,2022-09-05,台南市,龍崎區,1,307,0.57
74602,2022-09-04,台南市,龍崎區,1,306,0.71
75374,2022-09-02,台南市,龍崎區,1,305,0.57
76150,2022-08-31,台南市,龍崎區,1,304,0.86
76927,2022-08-29,台南市,龍崎區,2,303,1.14
78082,2022-08-26,台南市,龍崎區,2,301,0.86
78469,2022-08-25,台南市,龍崎區,1,299,0.57
78853,2022-08-24,台南市,龍崎區,3,298,0.57
81160,2022-08-18,台南市,龍崎區,1,295,0.29
83460,2022-08-12,台南市,龍崎區,1,294,0.43
83846,2022-08-11,台南市,龍崎區,1,293,0.43
84616,2022-08-09,台南市,龍崎區,1,292,0.43
86137,2022-08-05,台南市,龍崎區,1,291,0.57
86909,2022-08-03,台南市,龍崎區,1,290,1.29
87291,2022-08-02,台南市,龍崎區,1,289,1.29
87680,2022-08-01,台南市,龍崎區,1,288,1.29
88818,2022-07-29,台南市,龍崎區,4,287,1.29
89205,2022-07-28,台南市,龍崎區,2,283,1.00
89594,2022-07-27,台南市,龍崎區,1,281,0.71
89982,2022-07-26,台南市,龍崎區,1,280,0.57
90747,2022-07-24,台南市,龍崎區,1,279,1.43
91516,2022-07-22,台南市,龍崎區,2,278,1.43
92672,2022-07-19,台南市,龍崎區,3,276,2.00
93063,2022-07-18,台南市,龍崎區,4,273,1.86
93827,2022-07-16,台南市,龍崎區,1,269,1.71
94216,2022-07-15,台南市,龍崎區,2,268,1.71
94602,2022-07-14,台南市,龍崎區,2,266,1.71
94991,2022-07-13,台南市,龍崎區,2,264,1.86
95379,2022-07-12,台南市,龍崎區,2,262,2.14
95768,2022-07-11,台南市,龍崎區,2,260,2.71
96152,2022-07-10,台南市,龍崎區,1,258,3.14
96539,2022-07-09,台南市,龍崎區,1,257,3.00
96927,2022-07-08,台南市,龍崎區,2,256,4.00
97318,2022-07-07,台南市,龍崎區,3,254,4.71
97708,2022-07-06,台南市,龍崎區,4,251,5.29
98097,2022-07-05,台南市,龍崎區,6,247,4.86
98485,2022-07-04,台南市,龍崎區,5,241,4.43
99258,2022-07-02,台南市,龍崎區,8,236,4.86
99650,2022-07-01,台南市,龍崎區,7,228,4.57
100042,2022-06-30,台南市,龍崎區,7,221,4.14
100431,2022-06-29,台南市,龍崎區,1,214,3.86
100822,2022-06-28,台南市,龍崎區,3,213,4.14
101212,2022-06-27,台南市,龍崎區,6,210,4.14
101597,2022-06-26,台南市,龍崎區,2,204,4.43
101986,2022-06-25,台南市,龍崎區,6,202,5.14
102376,2022-06-24,台南市,龍崎區,4,196,5.00
102768,2022-06-23,台南市,龍崎區,5,192,5.43
103159,2022-06-22,台南市,龍崎區,3,187,5.71
103550,2022-06-21,台南市,龍崎區,3,184,5.57
103942,2022-06-20,台南市,龍崎區,8,181,6.14
104331,2022-06-19,台南市,龍崎區,7,173,5.29
104723,2022-06-18,台南市,龍崎區,5,166,4.71
105114,2022-06-17,台南市,龍崎區,7,161,4.43
105504,2022-06-16,台南市,龍崎區,7,154,4.57
105894,2022-06-15,台南市,龍崎區,2,147,4.00
106284,2022-06-14,台南市,龍崎區,7,145,4.86
106676,2022-06-13,台南市,龍崎區,2,138,5.29
107064,2022-06-12,台南市,龍崎區,3,136,6.00
107453,2022-06-11,台南市,龍崎區,3,133,6.14
107844,2022-06-10,台南市,龍崎區,8,130,6.43
108233,2022-06-09,台南市,龍崎區,3,122,5.57
108622,2022-06-08,台南市,龍崎區,8,119,6.71
109013,2022-06-07,台南市,龍崎區,10,111,6.29
109404,2022-06-06,台南市,龍崎區,7,101,5.00
109794,2022-06-05,台南市,龍崎區,4,94,4.71
110182,2022-06-04,台南市,龍崎區,5,90,5.14
110574,2022-06-03,台南市,龍崎區,2,85,5.29
110965,2022-06-02,台南市,龍崎區,11,83,5.86
111355,2022-06-01,台南市,龍崎區,5,72,5.00
111747,2022-05-31,台南市,龍崎區,1,67,4.71
112137,2022-05-30,台南市,龍崎區,5,66,5.00
112529,2022-05-29,台南市,龍崎區,7,61,4.57
112918,2022-05-28,台南市,龍崎區,6,54,3.71
113310,2022-05-27,台南市,龍崎區,6,48,2.86
113700,2022-05-26,台南市,龍崎區,5,42,2.00
114090,2022-05-25,台南市,龍崎區,3,37,1.29
114481,2022-05-24,台南市,龍崎區,3,34,1.14
114873,2022-05-23,台南市,龍崎區,2,31,1.43
115263,2022-05-22,台南市,龍崎區,1,29,1.29
116816,2022-05-18,台南市,龍崎區,2,28,2.71
117206,2022-05-17,台南市,龍崎區,5,26,2.71
117593,2022-05-16,台南市,龍崎區,1,21,2.00
117980,2022-05-15,台南市,龍崎區,1,20,1.86
118364,2022-05-14,台南市,龍崎區,9,19,2.14
118751,2022-05-13,台南市,龍崎區,1,10,1.00
119519,2022-05-11,台南市,龍崎區,2,9,0.86
120668,2022-05-08,台南市,龍崎區,3,7,0.86
121052,2022-05-07,台南市,龍崎區,1,4,0.43
122528,2022-05-03,台南市,龍崎區,1,3,0.43
122878,2022-05-02,台南市,龍崎區,1,2,0.29
124482,2022-04-27,台南市,龍崎區,1,1,0.14
