UID,個案研判日,縣市別,區域,新增確診人數,累計確診人數,七天移動平均新增確診人數
211,2023-06-14,台南市,中西區,1,26740,0.14
318,2023-05-08,台南市,中西區,1,26739,0.14
562,2023-03-21,台南市,中西區,1,26738,16.71
793,2023-03-20,台南市,中西區,10,26737,20.43
1095,2023-03-19,台南市,中西區,16,26727,22.86
1428,2023-03-18,台南市,中西區,28,26711,24.00
1774,2023-03-17,台南市,中西區,14,26683,22.86
2126,2023-03-16,台南市,中西區,20,26669,24.14
2479,2023-03-15,台南市,中西區,28,26649,24.29
2829,2023-03-14,台南市,中西區,27,26621,24.71
3187,2023-03-13,台南市,中西區,27,26594,25.57
3541,2023-03-12,台南市,中西區,24,26567,25.57
3891,2023-03-11,台南市,中西區,20,26543,23.57
4241,2023-03-10,台南市,中西區,23,26523,24.71
4598,2023-03-09,台南市,中西區,21,26500,27.71
4954,2023-03-08,台南市,中西區,31,26479,31.86
5311,2023-03-07,台南市,中西區,33,26448,34.29
5673,2023-03-06,台南市,中西區,27,26415,33.86
6032,2023-03-05,台南市,中西區,10,26388,34.86
6373,2023-03-04,台南市,中西區,28,26378,35.57
6727,2023-03-03,台南市,中西區,44,26350,36.29
7088,2023-03-02,台南市,中西區,50,26306,34.57
7450,2023-03-01,台南市,中西區,48,26256,32.43
7822,2023-02-28,台南市,中西區,30,26208,33.14
8188,2023-02-27,台南市,中西區,34,26178,34.57
8539,2023-02-26,台南市,中西區,15,26144,37.71
8891,2023-02-25,台南市,中西區,33,26129,41.71
9260,2023-02-24,台南市,中西區,32,26096,43.29
9623,2023-02-23,台南市,中西區,35,26064,46.29
9993,2023-02-22,台南市,中西區,53,26029,49.86
10366,2023-02-21,台南市,中西區,40,25976,48.57
10738,2023-02-20,台南市,中西區,56,25936,50.14
11112,2023-02-19,台南市,中西區,43,25880,50.43
11474,2023-02-18,台南市,中西區,44,25837,48.71
11839,2023-02-17,台南市,中西區,53,25793,51.29
12215,2023-02-16,台南市,中西區,60,25740,50.00
12588,2023-02-15,台南市,中西區,44,25680,51.71
12963,2023-02-14,台南市,中西區,51,25636,54.14
13334,2023-02-13,台南市,中西區,58,25585,54.86
13711,2023-02-12,台南市,中西區,31,25527,55.57
14071,2023-02-11,台南市,中西區,62,25496,58.57
14440,2023-02-10,台南市,中西區,44,25434,58.00
14814,2023-02-09,台南市,中西區,72,25390,63.57
15194,2023-02-08,台南市,中西區,61,25318,64.71
15571,2023-02-07,台南市,中西區,56,25257,66.43
15951,2023-02-06,台南市,中西區,63,25201,72.14
16327,2023-02-05,台南市,中西區,52,25138,80.29
16701,2023-02-04,台南市,中西區,58,25086,80.00
17080,2023-02-03,台南市,中西區,83,25028,85.00
17466,2023-02-02,台南市,中西區,80,24945,85.00
17847,2023-02-01,台南市,中西區,73,24865,83.29
18227,2023-01-31,台南市,中西區,96,24792,84.57
18612,2023-01-30,台南市,中西區,120,24696,79.29
18998,2023-01-29,台南市,中西區,50,24576,67.57
19376,2023-01-28,台南市,中西區,93,24526,65.57
19752,2023-01-27,台南市,中西區,83,24433,62.71
20133,2023-01-26,台南市,中西區,68,24350,63.86
20504,2023-01-25,台南市,中西區,82,24282,63.14
20873,2023-01-24,台南市,中西區,59,24200,58.71
21245,2023-01-23,台南市,中西區,38,24141,63.00
21614,2023-01-22,台南市,中西區,36,24103,66.86
21981,2023-01-21,台南市,中西區,73,24067,67.71
22354,2023-01-20,台南市,中西區,91,23994,67.86
22719,2023-01-19,台南市,中西區,63,23903,63.57
23092,2023-01-18,台南市,中西區,51,23840,64.43
23458,2023-01-17,台南市,中西區,89,23789,65.14
23825,2023-01-16,台南市,中西區,65,23700,63.86
24203,2023-01-15,台南市,中西區,42,23635,64.29
24566,2023-01-14,台南市,中西區,74,23593,65.43
24933,2023-01-13,台南市,中西區,61,23519,65.14
25304,2023-01-12,台南市,中西區,69,23458,65.14
25678,2023-01-11,台南市,中西區,56,23389,65.43
26054,2023-01-10,台南市,中西區,80,23333,72.71
26427,2023-01-09,台南市,中西區,68,23253,76.14
26801,2023-01-08,台南市,中西區,50,23185,82.00
27162,2023-01-07,台南市,中西區,72,23135,80.71
27535,2023-01-06,台南市,中西區,61,23063,82.71
27912,2023-01-05,台南市,中西區,71,23002,85.00
28290,2023-01-04,台南市,中西區,107,22931,85.00
28672,2023-01-03,台南市,中西區,104,22824,78.29
29052,2023-01-02,台南市,中西區,109,22720,75.57
29424,2023-01-01,台南市,中西區,41,22611,69.86
29785,2022-12-31,台南市,中西區,86,22570,71.43
30152,2022-12-30,台南市,中西區,77,22484,66.29
30526,2022-12-29,台南市,中西區,71,22407,63.00
30898,2022-12-28,台南市,中西區,60,22336,58.57
31267,2022-12-27,台南市,中西區,85,22276,57.71
31642,2022-12-26,台南市,中西區,69,22191,53.86
32011,2022-12-25,台南市,中西區,52,22122,53.14
32369,2022-12-24,台南市,中西區,50,22070,48.71
32728,2022-12-23,台南市,中西區,54,22020,48.29
33095,2022-12-22,台南市,中西區,40,21966,47.00
33460,2022-12-21,台南市,中西區,54,21926,46.29
33827,2022-12-20,台南市,中西區,58,21872,44.43
34193,2022-12-19,台南市,中西區,64,21814,43.29
34561,2022-12-18,台南市,中西區,21,21750,41.86
34911,2022-12-17,台南市,中西區,47,21729,43.14
35273,2022-12-16,台南市,中西區,45,21682,41.71
35636,2022-12-15,台南市,中西區,35,21637,41.14
36006,2022-12-14,台南市,中西區,41,21602,41.43
36366,2022-12-13,台南市,中西區,50,21561,41.71
36744,2022-12-12,台南市,中西區,54,21511,41.00
37107,2022-12-11,台南市,中西區,30,21457,39.29
37466,2022-12-10,台南市,中西區,37,21427,38.57
37833,2022-12-09,台南市,中西區,41,21390,40.57
38199,2022-12-08,台南市,中西區,37,21349,41.57
38573,2022-12-07,台南市,中西區,43,21312,42.00
38940,2022-12-06,台南市,中西區,45,21269,42.14
39316,2022-12-05,台南市,中西區,42,21224,44.00
39693,2022-12-04,台南市,中西區,25,21182,46.86
40059,2022-12-03,台南市,中西區,51,21157,48.14
40428,2022-12-02,台南市,中西區,48,21106,47.14
40794,2022-12-01,台南市,中西區,40,21058,47.14
41167,2022-11-30,台南市,中西區,44,21018,50.00
41540,2022-11-29,台南市,中西區,58,20974,50.71
41919,2022-11-28,台南市,中西區,62,20916,53.14
42296,2022-11-27,台南市,中西區,34,20854,54.71
42652,2022-11-26,台南市,中西區,44,20820,56.29
43014,2022-11-25,台南市,中西區,48,20776,58.57
43383,2022-11-24,台南市,中西區,60,20728,62.00
43752,2022-11-23,台南市,中西區,49,20668,64.00
44125,2022-11-22,台南市,中西區,75,20619,68.14
44502,2022-11-21,台南市,中西區,73,20544,69.00
44881,2022-11-20,台南市,中西區,45,20471,68.14
45248,2022-11-19,台南市,中西區,60,20426,70.29
45619,2022-11-18,台南市,中西區,72,20366,71.86
45992,2022-11-17,台南市,中西區,74,20294,72.71
46366,2022-11-16,台南市,中西區,78,20220,72.29
46747,2022-11-15,台南市,中西區,81,20142,72.29
47125,2022-11-14,台南市,中西區,67,20061,73.29
47504,2022-11-13,台南市,中西區,60,19994,74.29
47876,2022-11-12,台南市,中西區,71,19934,74.00
48254,2022-11-11,台南市,中西區,78,19863,74.86
48631,2022-11-10,台南市,中西區,71,19785,75.43
49015,2022-11-09,台南市,中西區,78,19714,77.57
49402,2022-11-08,台南市,中西區,88,19636,83.71
49787,2022-11-07,台南市,中西區,74,19548,84.86
50166,2022-11-06,台南市,中西區,58,19474,90.14
50535,2022-11-05,台南市,中西區,77,19416,92.29
50916,2022-11-04,台南市,中西區,82,19339,96.00
51301,2022-11-03,台南市,中西區,86,19257,97.86
51680,2022-11-02,台南市,中西區,121,19171,100.14
52068,2022-11-01,台南市,中西區,96,19050,96.43
52450,2022-10-31,台南市,中西區,111,18954,102.71
52834,2022-10-30,台南市,中西區,73,18843,106.43
53210,2022-10-29,台南市,中西區,103,18770,106.00
53594,2022-10-28,台南市,中西區,95,18667,104.86
53981,2022-10-27,台南市,中西區,102,18572,105.29
54364,2022-10-26,台南市,中西區,95,18470,104.00
54750,2022-10-25,台南市,中西區,140,18375,106.14
55141,2022-10-24,台南市,中西區,137,18235,103.86
55528,2022-10-23,台南市,中西區,70,18098,101.00
55907,2022-10-22,台南市,中西區,95,18028,101.57
56293,2022-10-21,台南市,中西區,98,17933,106.00
56682,2022-10-20,台南市,中西區,93,17835,107.86
57067,2022-10-19,台南市,中西區,110,17742,108.86
57454,2022-10-18,台南市,中西區,124,17632,113.57
57844,2022-10-17,台南市,中西區,117,17508,115.14
58233,2022-10-16,台南市,中西區,74,17391,111.71
58618,2022-10-15,台南市,中西區,126,17317,114.00
59004,2022-10-14,台南市,中西區,111,17191,111.57
59393,2022-10-13,台南市,中西區,100,17080,113.86
59784,2022-10-12,台南市,中西區,143,16980,117.00
60174,2022-10-11,台南市,中西區,135,16837,114.14
60564,2022-10-10,台南市,中西區,93,16702,113.71
60948,2022-10-09,台南市,中西區,90,16609,117.43
61336,2022-10-08,台南市,中西區,109,16519,118.86
61725,2022-10-07,台南市,中西區,127,16410,118.00
62112,2022-10-06,台南市,中西區,122,16283,114.43
62503,2022-10-05,台南市,中西區,123,16161,111.00
62891,2022-10-04,台南市,中西區,132,16038,107.14
63279,2022-10-03,台南市,中西區,119,15906,101.57
63670,2022-10-02,台南市,中西區,100,15787,100.43
64050,2022-10-01,台南市,中西區,103,15687,94.14
64436,2022-09-30,台南市,中西區,102,15584,93.29
64822,2022-09-29,台南市,中西區,98,15482,89.57
65210,2022-09-28,台南市,中西區,96,15384,86.86
65597,2022-09-27,台南市,中西區,93,15288,86.00
65984,2022-09-26,台南市,中西區,111,15195,85.14
66371,2022-09-25,台南市,中西區,56,15084,79.71
66755,2022-09-24,台南市,中西區,97,15028,81.14
67140,2022-09-23,台南市,中西區,76,14931,77.57
67528,2022-09-22,台南市,中西區,79,14855,78.43
67916,2022-09-21,台南市,中西區,90,14776,79.00
68305,2022-09-20,台南市,中西區,87,14686,77.43
68695,2022-09-19,台南市,中西區,73,14599,80.14
69085,2022-09-18,台南市,中西區,66,14526,84.86
69468,2022-09-17,台南市,中西區,72,14460,84.86
69855,2022-09-16,台南市,中西區,82,14388,83.86
70240,2022-09-15,台南市,中西區,83,14306,83.00
70627,2022-09-14,台南市,中西區,79,14223,78.71
71013,2022-09-13,台南市,中西區,106,14144,77.00
71402,2022-09-12,台南市,中西區,106,14038,73.86
71790,2022-09-11,台南市,中西區,66,13932,67.86
72172,2022-09-10,台南市,中西區,65,13866,64.14
72555,2022-09-09,台南市,中西區,76,13801,65.43
72937,2022-09-08,台南市,中西區,53,13725,64.14
73324,2022-09-07,台南市,中西區,67,13672,66.29
73708,2022-09-06,台南市,中西區,84,13605,64.29
74094,2022-09-05,台南市,中西區,64,13521,65.71
74479,2022-09-04,台南市,中西區,40,13457,63.57
74862,2022-09-03,台南市,中西區,74,13417,64.14
75250,2022-09-02,台南市,中西區,67,13343,61.71
75636,2022-09-01,台南市,中西區,68,13276,58.57
76025,2022-08-31,台南市,中西區,53,13208,57.57
76412,2022-08-30,台南市,中西區,94,13155,59.57
76800,2022-08-29,台南市,中西區,49,13061,52.57
77187,2022-08-28,台南市,中西區,44,13012,52.00
77572,2022-08-27,台南市,中西區,57,12968,50.43
77958,2022-08-26,台南市,中西區,45,12911,51.71
78342,2022-08-25,台南市,中西區,61,12866,52.00
78727,2022-08-24,台南市,中西區,67,12805,49.14
79115,2022-08-23,台南市,中西區,45,12738,44.00
79499,2022-08-22,台南市,中西區,45,12693,45.14
79885,2022-08-21,台南市,中西區,33,12648,45.86
80264,2022-08-20,台南市,中西區,66,12615,47.14
80647,2022-08-19,台南市,中西區,47,12549,44.29
81033,2022-08-18,台南市,中西區,41,12502,46.43
81422,2022-08-17,台南市,中西區,31,12461,49.43
81807,2022-08-16,台南市,中西區,53,12430,54.43
82194,2022-08-15,台南市,中西區,50,12377,57.29
82578,2022-08-14,台南市,中西區,42,12327,59.43
82955,2022-08-13,台南市,中西區,46,12285,60.43
83336,2022-08-12,台南市,中西區,62,12239,63.57
83721,2022-08-11,台南市,中西區,62,12177,63.14
84108,2022-08-10,台南市,中西區,66,12115,63.29
84493,2022-08-09,台南市,中西區,73,12049,62.71
84876,2022-08-08,台南市,中西區,65,11976,62.43
85257,2022-08-07,台南市,中西區,49,11911,63.43
85631,2022-08-06,台南市,中西區,68,11862,64.43
86014,2022-08-05,台南市,中西區,59,11794,61.71
86400,2022-08-04,台南市,中西區,63,11735,61.29
86785,2022-08-03,台南市,中西區,62,11672,61.43
87167,2022-08-02,台南市,中西區,71,11610,63.00
87554,2022-08-01,台南市,中西區,72,11539,62.71
87939,2022-07-31,台南市,中西區,56,11467,63.29
88316,2022-07-30,台南市,中西區,49,11411,62.57
88695,2022-07-29,台南市,中西區,56,11362,64.29
89081,2022-07-28,台南市,中西區,64,11306,64.43
89468,2022-07-27,台南市,中西區,73,11242,64.29
89858,2022-07-26,台南市,中西區,69,11169,64.14
90245,2022-07-25,台南市,中西區,76,11100,66.14
90626,2022-07-24,台南市,中西區,51,11024,64.43
91006,2022-07-23,台南市,中西區,61,10973,62.71
91391,2022-07-22,台南市,中西區,57,10912,62.43
91777,2022-07-21,台南市,中西區,63,10855,65.14
92160,2022-07-20,台南市,中西區,72,10792,64.86
92548,2022-07-19,台南市,中西區,83,10720,66.43
92937,2022-07-18,台南市,中西區,64,10637,64.71
93323,2022-07-17,台南市,中西區,39,10573,70.29
93702,2022-07-16,台南市,中西區,59,10534,72.14
94090,2022-07-15,台南市,中西區,76,10475,76.00
94477,2022-07-14,台南市,中西區,61,10399,76.57
94866,2022-07-13,台南市,中西區,83,10338,79.29
95254,2022-07-12,台南市,中西區,71,10255,79.71
95642,2022-07-11,台南市,中西區,103,10184,83.29
96029,2022-07-10,台南市,中西區,52,10081,83.29
96414,2022-07-09,台南市,中西區,86,10029,84.14
96801,2022-07-08,台南市,中西區,80,9943,84.00
97192,2022-07-07,台南市,中西區,80,9863,87.00
97583,2022-07-06,台南市,中西區,86,9783,89.14
97971,2022-07-05,台南市,中西區,96,9697,93.86
98361,2022-07-04,台南市,中西區,103,9601,98.57
98750,2022-07-03,台南市,中西區,58,9498,105.00
99133,2022-07-02,台南市,中西區,85,9440,107.29
99523,2022-07-01,台南市,中西區,101,9355,114.14
99915,2022-06-30,台南市,中西區,95,9254,116.29
100306,2022-06-29,台南市,中西區,119,9159,125.86
100696,2022-06-28,台南市,中西區,129,9040,129.71
101087,2022-06-27,台南市,中西區,148,8911,132.71
101474,2022-06-26,台南市,中西區,74,8763,137.86
101861,2022-06-25,台南市,中西區,133,8689,140.00
102250,2022-06-24,台南市,中西區,116,8556,150.29
102641,2022-06-23,台南市,中西區,162,8440,163.00
103034,2022-06-22,台南市,中西區,146,8278,167.71
103423,2022-06-21,台南市,中西區,150,8132,179.71
103815,2022-06-20,台南市,中西區,184,7982,200.71
104205,2022-06-19,台南市,中西區,89,7798,207.86
104596,2022-06-18,台南市,中西區,205,7709,215.00
104987,2022-06-17,台南市,中西區,205,7504,220.86
105377,2022-06-16,台南市,中西區,195,7299,215.14
105767,2022-06-15,台南市,中西區,230,7104,223.43
106157,2022-06-14,台南市,中西區,297,6874,218.71
106549,2022-06-13,台南市,中西區,234,6577,212.57
106939,2022-06-12,台南市,中西區,139,6343,221.00
107326,2022-06-11,台南市,中西區,246,6204,224.86
107718,2022-06-10,台南市,中西區,165,5958,220.71
108107,2022-06-09,台南市,中西區,253,5793,229.43
108496,2022-06-08,台南市,中西區,197,5540,227.00
108886,2022-06-07,台南市,中西區,254,5343,228.29
109278,2022-06-06,台南市,中西區,293,5089,225.43
109668,2022-06-05,台南市,中西區,166,4796,214.29
110057,2022-06-04,台南市,中西區,217,4630,207.71
110447,2022-06-03,台南市,中西區,226,4413,201.71
110838,2022-06-02,台南市,中西區,236,4187,200.43
111228,2022-06-01,台南市,中西區,206,3951,203.00
111620,2022-05-31,台南市,中西區,234,3745,197.29
112011,2022-05-30,台南市,中西區,215,3511,187.29
112402,2022-05-29,台南市,中西區,120,3296,179.86
112793,2022-05-28,台南市,中西區,175,3176,183.29
113183,2022-05-27,台南市,中西區,217,3001,180.43
113573,2022-05-26,台南市,中西區,254,2784,170.71
113964,2022-05-25,台南市,中西區,166,2530,157.29
114354,2022-05-24,台南市,中西區,164,2364,155.00
114746,2022-05-23,台南市,中西區,163,2200,151.71
115137,2022-05-22,台南市,中西區,144,2037,141.00
115528,2022-05-21,台南市,中西區,155,1893,133.43
115913,2022-05-20,台南市,中西區,149,1738,126.43
116301,2022-05-19,台南市,中西區,160,1589,117.71
116689,2022-05-18,台南市,中西區,150,1429,107.71
117080,2022-05-17,台南市,中西區,141,1279,99.43
117469,2022-05-16,台南市,中西區,88,1138,91.29
117857,2022-05-15,台南市,中西區,91,1050,88.14
118241,2022-05-14,台南市,中西區,106,959,84.71
118626,2022-05-13,台南市,中西區,88,853,77.29
119013,2022-05-12,台南市,中西區,90,765,73.14
119397,2022-05-11,台南市,中西區,92,675,66.57
119782,2022-05-10,台南市,中西區,84,583,56.86
120164,2022-05-09,台南市,中西區,66,499,51.57
120545,2022-05-08,台南市,中西區,67,433,45.29
120930,2022-05-07,台南市,中西區,54,366,38.71
121308,2022-05-06,台南市,中西區,59,312,34.00
121685,2022-05-05,台南市,中西區,44,253,27.57
122053,2022-05-04,台南市,中西區,24,209,23.43
122417,2022-05-03,台南市,中西區,47,185,21.86
122772,2022-05-02,台南市,中西區,22,138,16.86
123117,2022-05-01,台南市,中西區,21,116,14.29
123452,2022-04-30,台南市,中西區,21,95,11.29
123779,2022-04-29,台南市,中西區,14,74,8.29
124093,2022-04-28,台南市,中西區,15,60,6.43
124400,2022-04-27,台南市,中西區,13,45,4.43
124697,2022-04-26,台南市,中西區,12,32,2.86
124981,2022-04-25,台南市,中西區,4,20,1.43
125737,2022-04-22,台南市,中西區,1,16,1.14
125976,2022-04-21,台南市,中西區,1,15,1.29
126207,2022-04-20,台南市,中西區,2,14,1.14
126407,2022-04-19,台南市,中西區,2,12,1.29
126597,2022-04-18,台南市,中西區,1,10,1.00
126766,2022-04-17,台南市,中西區,1,9,1.00
127089,2022-04-15,台南市,中西區,2,8,1.00
127415,2022-04-13,台南市,中西區,3,6,0.71
127707,2022-04-11,台南市,中西區,1,3,0.29
127838,2022-04-10,台南市,中西區,1,2,0.14
129607,2022-01-24,台南市,中西區,1,1,0.14
