UID,個案研判日,縣市別,區域,新增確診人數,累計確診人數,七天移動平均新增確診人數
710,2023-03-20,台南市,麻豆區,7,15527,16.86
1002,2023-03-19,台南市,麻豆區,12,15520,18.43
1331,2023-03-18,台南市,麻豆區,22,15508,18.71
1670,2023-03-17,台南市,麻豆區,20,15486,17.86
2023,2023-03-16,台南市,麻豆區,26,15466,17.14
2375,2023-03-15,台南市,麻豆區,15,15440,16.57
2726,2023-03-14,台南市,麻豆區,16,15425,18.71
3083,2023-03-13,台南市,麻豆區,18,15409,18.71
3441,2023-03-12,台南市,麻豆區,14,15391,19.71
3788,2023-03-11,台南市,麻豆區,16,15377,19.14
4140,2023-03-10,台南市,麻豆區,15,15361,20.29
4496,2023-03-09,台南市,麻豆區,22,15346,20.29
4855,2023-03-08,台南市,麻豆區,30,15324,20.43
5208,2023-03-07,台南市,麻豆區,16,15294,18.29
5568,2023-03-06,台南市,麻豆區,25,15278,21.29
5932,2023-03-05,台南市,麻豆區,10,15253,21.14
6271,2023-03-04,台南市,麻豆區,24,15243,21.43
6624,2023-03-03,台南市,麻豆區,15,15219,22.86
6983,2023-03-02,台南市,麻豆區,23,15204,25.14
7347,2023-03-01,台南市,麻豆區,15,15181,26.43
7718,2023-02-28,台南市,麻豆區,37,15166,28.86
8081,2023-02-27,台南市,麻豆區,24,15129,26.57
8440,2023-02-26,台南市,麻豆區,12,15105,28.57
8784,2023-02-25,台南市,麻豆區,34,15093,30.43
9154,2023-02-24,台南市,麻豆區,31,15059,31.43
9515,2023-02-23,台南市,麻豆區,32,15028,31.86
9886,2023-02-22,台南市,麻豆區,32,14996,29.86
10260,2023-02-21,台南市,麻豆區,21,14964,28.86
10630,2023-02-20,台南市,麻豆區,38,14943,29.71
11009,2023-02-19,台南市,麻豆區,25,14905,29.29
11368,2023-02-18,台南市,麻豆區,41,14880,28.14
11734,2023-02-17,台南市,麻豆區,34,14839,26.00
12107,2023-02-16,台南市,麻豆區,18,14805,25.14
12482,2023-02-15,台南市,麻豆區,25,14787,25.86
12855,2023-02-14,台南市,麻豆區,27,14762,26.71
13227,2023-02-13,台南市,麻豆區,35,14735,27.71
13605,2023-02-12,台南市,麻豆區,17,14700,28.14
13963,2023-02-11,台南市,麻豆區,26,14683,29.43
14335,2023-02-10,台南市,麻豆區,28,14657,30.57
14708,2023-02-09,台南市,麻豆區,23,14629,31.43
15085,2023-02-08,台南市,麻豆區,31,14606,33.14
15464,2023-02-07,台南市,麻豆區,34,14575,34.71
15843,2023-02-06,台南市,麻豆區,38,14541,36.57
16224,2023-02-05,台南市,麻豆區,26,14503,39.00
16593,2023-02-04,台南市,麻豆區,34,14477,40.00
16972,2023-02-03,台南市,麻豆區,34,14443,42.86
17358,2023-02-02,台南市,麻豆區,35,14409,44.29
17741,2023-02-01,台南市,麻豆區,42,14374,46.00
18118,2023-01-31,台南市,麻豆區,47,14332,44.00
18503,2023-01-30,台南市,麻豆區,55,14285,40.57
18892,2023-01-29,台南市,麻豆區,33,14230,36.71
19268,2023-01-28,台南市,麻豆區,54,14197,34.71
19647,2023-01-27,台南市,麻豆區,44,14143,31.29
20025,2023-01-26,台南市,麻豆區,47,14099,31.14
20402,2023-01-25,台南市,麻豆區,28,14052,29.86
20767,2023-01-24,台南市,麻豆區,23,14024,29.86
21142,2023-01-23,台南市,麻豆區,28,14001,31.00
21509,2023-01-22,台南市,麻豆區,19,13973,32.71
21873,2023-01-21,台南市,麻豆區,30,13954,34.57
22245,2023-01-20,台南市,麻豆區,43,13924,34.14
22612,2023-01-19,台南市,麻豆區,38,13881,32.57
22983,2023-01-18,台南市,麻豆區,28,13843,30.57
23353,2023-01-17,台南市,麻豆區,31,13815,33.71
23719,2023-01-16,台南市,麻豆區,40,13784,34.29
24095,2023-01-15,台南市,麻豆區,32,13744,37.00
24461,2023-01-14,台南市,麻豆區,27,13712,36.14
24830,2023-01-13,台南市,麻豆區,32,13685,37.71
25198,2023-01-12,台南市,麻豆區,24,13653,39.71
25573,2023-01-11,台南市,麻豆區,50,13629,40.86
25949,2023-01-10,台南市,麻豆區,35,13579,38.71
26321,2023-01-09,台南市,麻豆區,59,13544,38.43
26698,2023-01-08,台南市,麻豆區,26,13485,38.00
27056,2023-01-07,台南市,麻豆區,38,13459,36.29
27428,2023-01-06,台南市,麻豆區,46,13421,35.29
27804,2023-01-05,台南市,麻豆區,32,13375,33.00
28184,2023-01-04,台南市,麻豆區,35,13343,34.00
28565,2023-01-03,台南市,麻豆區,33,13308,34.57
28946,2023-01-02,台南市,麻豆區,56,13275,33.71
29318,2023-01-01,台南市,麻豆區,14,13219,33.29
29680,2022-12-31,台南市,麻豆區,31,13205,34.29
30046,2022-12-30,台南市,麻豆區,30,13174,32.00
30418,2022-12-29,台南市,麻豆區,39,13144,31.29
30790,2022-12-28,台南市,麻豆區,39,13105,29.29
31161,2022-12-27,台南市,麻豆區,27,13066,27.00
31537,2022-12-26,台南市,麻豆區,53,13039,27.14
31909,2022-12-25,台南市,麻豆區,21,12986,24.86
32264,2022-12-24,台南市,麻豆區,15,12965,23.57
32624,2022-12-23,台南市,麻豆區,25,12950,24.86
32988,2022-12-22,台南市,麻豆區,25,12925,23.57
33355,2022-12-21,台南市,麻豆區,23,12900,23.86
33725,2022-12-20,台南市,麻豆區,28,12877,24.00
34088,2022-12-19,台南市,麻豆區,37,12849,24.14
34458,2022-12-18,台南市,麻豆區,12,12812,24.00
34807,2022-12-17,台南市,麻豆區,24,12800,24.71
35167,2022-12-16,台南市,麻豆區,16,12776,24.57
35532,2022-12-15,台南市,麻豆區,27,12760,25.14
35903,2022-12-14,台南市,麻豆區,24,12733,24.14
36261,2022-12-13,台南市,麻豆區,29,12709,23.43
36636,2022-12-12,台南市,麻豆區,36,12680,23.57
37006,2022-12-11,台南市,麻豆區,17,12644,22.14
37359,2022-12-10,台南市,麻豆區,23,12627,21.86
37728,2022-12-09,台南市,麻豆區,20,12604,21.71
38093,2022-12-08,台南市,麻豆區,20,12584,21.57
38466,2022-12-07,台南市,麻豆區,19,12564,22.86
38837,2022-12-06,台南市,麻豆區,30,12545,26.00
39209,2022-12-05,台南市,麻豆區,26,12515,25.29
39587,2022-12-04,台南市,麻豆區,15,12489,26.14
39952,2022-12-03,台南市,麻豆區,22,12474,27.29
40322,2022-12-02,台南市,麻豆區,19,12452,28.71
40691,2022-12-01,台南市,麻豆區,29,12433,31.00
41060,2022-11-30,台南市,麻豆區,41,12404,32.00
41432,2022-11-29,台南市,麻豆區,25,12363,30.29
41812,2022-11-28,台南市,麻豆區,32,12338,31.43
42189,2022-11-27,台南市,麻豆區,23,12306,32.57
42550,2022-11-26,台南市,麻豆區,32,12283,32.29
42906,2022-11-25,台南市,麻豆區,35,12251,32.14
43278,2022-11-24,台南市,麻豆區,36,12216,32.71
43648,2022-11-23,台南市,麻豆區,29,12180,32.43
44019,2022-11-22,台南市,麻豆區,33,12151,32.43
44393,2022-11-21,台南市,麻豆區,40,12118,35.14
44774,2022-11-20,台南市,麻豆區,21,12078,33.71
45139,2022-11-19,台南市,麻豆區,31,12057,34.43
45513,2022-11-18,台南市,麻豆區,39,12026,35.00
45885,2022-11-17,台南市,麻豆區,34,11987,34.86
46258,2022-11-16,台南市,麻豆區,29,11953,35.86
46638,2022-11-15,台南市,麻豆區,52,11924,38.71
47019,2022-11-14,台南市,麻豆區,30,11872,38.57
47400,2022-11-13,台南市,麻豆區,26,11842,40.57
47770,2022-11-12,台南市,麻豆區,35,11816,41.71
48146,2022-11-11,台南市,麻豆區,38,11781,44.14
48526,2022-11-10,台南市,麻豆區,41,11743,46.86
48908,2022-11-09,台南市,麻豆區,49,11702,47.29
49292,2022-11-08,台南市,麻豆區,51,11653,47.86
49677,2022-11-07,台南市,麻豆區,44,11602,46.43
50062,2022-11-06,台南市,麻豆區,34,11558,48.43
50431,2022-11-05,台南市,麻豆區,52,11524,50.86
50806,2022-11-04,台南市,麻豆區,57,11472,51.86
51192,2022-11-03,台南市,麻豆區,44,11415,52.43
51572,2022-11-02,台南市,麻豆區,53,11371,54.86
51958,2022-11-01,台南市,麻豆區,41,11318,58.29
52343,2022-10-31,台南市,麻豆區,58,11277,62.86
52726,2022-10-30,台南市,麻豆區,51,11219,67.43
53105,2022-10-29,台南市,麻豆區,59,11168,67.29
53484,2022-10-28,台南市,麻豆區,61,11109,67.86
53871,2022-10-27,台南市,麻豆區,61,11048,68.57
54258,2022-10-26,台南市,麻豆區,77,10987,70.43
54642,2022-10-25,台南市,麻豆區,73,10910,70.71
55031,2022-10-24,台南市,麻豆區,90,10837,71.00
55421,2022-10-23,台南市,麻豆區,50,10747,70.57
55798,2022-10-22,台南市,麻豆區,63,10697,70.71
56183,2022-10-21,台南市,麻豆區,66,10634,73.43
56573,2022-10-20,台南市,麻豆區,74,10568,75.71
56958,2022-10-19,台南市,麻豆區,79,10494,76.43
57345,2022-10-18,台南市,麻豆區,75,10415,82.43
57735,2022-10-17,台南市,麻豆區,87,10340,86.71
58125,2022-10-16,台南市,麻豆區,51,10253,87.57
58509,2022-10-15,台南市,麻豆區,82,10202,89.00
58894,2022-10-14,台南市,麻豆區,82,10120,88.14
59284,2022-10-13,台南市,麻豆區,79,10038,87.71
59675,2022-10-12,台南市,麻豆區,121,9959,88.71
60064,2022-10-11,台南市,麻豆區,105,9838,84.29
60456,2022-10-10,台南市,麻豆區,93,9733,82.43
60840,2022-10-09,台南市,麻豆區,61,9640,78.14
61227,2022-10-08,台南市,麻豆區,76,9579,78.43
61616,2022-10-07,台南市,麻豆區,79,9503,76.14
62003,2022-10-06,台南市,麻豆區,86,9424,74.29
62394,2022-10-05,台南市,麻豆區,90,9338,72.29
62781,2022-10-04,台南市,麻豆區,92,9248,69.43
63169,2022-10-03,台南市,麻豆區,63,9156,67.57
63560,2022-10-02,台南市,麻豆區,63,9093,67.14
63942,2022-10-01,台南市,麻豆區,60,9030,64.86
64328,2022-09-30,台南市,麻豆區,66,8970,65.57
64712,2022-09-29,台南市,麻豆區,72,8904,64.00
65100,2022-09-28,台南市,麻豆區,70,8832,62.29
65488,2022-09-27,台南市,麻豆區,79,8762,62.57
65875,2022-09-26,台南市,麻豆區,60,8683,61.29
66264,2022-09-25,台南市,麻豆區,47,8623,60.43
66647,2022-09-24,台南市,麻豆區,65,8576,58.14
67030,2022-09-23,台南市,麻豆區,55,8511,57.71
67419,2022-09-22,台南市,麻豆區,60,8456,59.57
67806,2022-09-21,台南市,麻豆區,72,8396,58.43
68195,2022-09-20,台南市,麻豆區,70,8324,56.14
68585,2022-09-19,台南市,麻豆區,54,8254,56.43
68976,2022-09-18,台南市,麻豆區,31,8200,58.71
69358,2022-09-17,台南市,麻豆區,62,8169,57.43
69746,2022-09-16,台南市,麻豆區,68,8107,55.71
70131,2022-09-15,台南市,麻豆區,52,8039,51.57
70518,2022-09-14,台南市,麻豆區,56,7987,51.57
70903,2022-09-13,台南市,麻豆區,72,7931,49.71
71292,2022-09-12,台南市,麻豆區,70,7859,46.71
71682,2022-09-11,台南市,麻豆區,22,7789,43.29
72064,2022-09-10,台南市,麻豆區,50,7767,44.43
72446,2022-09-09,台南市,麻豆區,39,7717,42.43
72828,2022-09-08,台南市,麻豆區,52,7678,43.43
73215,2022-09-07,台南市,麻豆區,43,7626,42.00
73599,2022-09-06,台南市,麻豆區,51,7583,41.00
73985,2022-09-05,台南市,麻豆區,46,7532,40.57
74372,2022-09-04,台南市,麻豆區,30,7486,39.14
74754,2022-09-03,台南市,麻豆區,36,7456,37.71
75141,2022-09-02,台南市,麻豆區,46,7420,37.43
75527,2022-09-01,台南市,麻豆區,42,7374,34.14
75916,2022-08-31,台南市,麻豆區,36,7332,31.43
76303,2022-08-30,台南市,麻豆區,48,7296,31.14
76691,2022-08-29,台南市,麻豆區,36,7248,28.43
77081,2022-08-28,台南市,麻豆區,20,7212,28.00
77462,2022-08-27,台南市,麻豆區,34,7192,27.57
77849,2022-08-26,台南市,麻豆區,23,7158,25.00
78234,2022-08-25,台南市,麻豆區,23,7135,25.43
78620,2022-08-24,台南市,麻豆區,34,7112,26.00
79007,2022-08-23,台南市,麻豆區,29,7078,25.71
79390,2022-08-22,台南市,麻豆區,33,7049,26.57
79780,2022-08-21,台南市,麻豆區,17,7016,27.00
80155,2022-08-20,台南市,麻豆區,16,6999,26.43
80540,2022-08-19,台南市,麻豆區,26,6983,27.14
80924,2022-08-18,台南市,麻豆區,27,6957,27.43
81313,2022-08-17,台南市,麻豆區,32,6930,28.14
81698,2022-08-16,台南市,麻豆區,35,6898,28.86
82085,2022-08-15,台南市,麻豆區,36,6863,28.00
82472,2022-08-14,台南市,麻豆區,13,6827,29.29
82849,2022-08-13,台南市,麻豆區,21,6814,29.86
83228,2022-08-12,台南市,麻豆區,28,6793,33.86
83614,2022-08-11,台南市,麻豆區,32,6765,34.29
84000,2022-08-10,台南市,麻豆區,37,6733,35.00
84386,2022-08-09,台南市,麻豆區,29,6696,35.00
84768,2022-08-08,台南市,麻豆區,45,6667,34.86
85153,2022-08-07,台南市,麻豆區,17,6622,35.57
85526,2022-08-06,台南市,麻豆區,49,6605,37.71
85905,2022-08-05,台南市,麻豆區,31,6556,34.57
86292,2022-08-04,台南市,麻豆區,37,6525,34.29
86677,2022-08-03,台南市,麻豆區,37,6488,35.43
87060,2022-08-02,台南市,麻豆區,28,6451,35.29
87445,2022-08-01,台南市,麻豆區,50,6423,36.14
87833,2022-07-31,台南市,麻豆區,32,6373,33.29
88209,2022-07-30,台南市,麻豆區,27,6341,32.71
88588,2022-07-29,台南市,麻豆區,29,6314,33.43
88972,2022-07-28,台南市,麻豆區,45,6285,35.00
89358,2022-07-27,台南市,麻豆區,36,6240,32.43
89749,2022-07-26,台南市,麻豆區,34,6204,32.57
90136,2022-07-25,台南市,麻豆區,30,6170,33.71
90520,2022-07-24,台南市,麻豆區,28,6140,34.57
90897,2022-07-23,台南市,麻豆區,32,6112,34.71
91282,2022-07-22,台南市,麻豆區,40,6080,34.86
91668,2022-07-21,台南市,麻豆區,27,6040,33.43
92052,2022-07-20,台南市,麻豆區,37,6013,34.57
92439,2022-07-19,台南市,麻豆區,42,5976,34.00
92827,2022-07-18,台南市,麻豆區,36,5934,35.00
93216,2022-07-17,台南市,麻豆區,29,5898,37.00
93594,2022-07-16,台南市,麻豆區,33,5869,36.14
93981,2022-07-15,台南市,麻豆區,30,5836,38.00
94368,2022-07-14,台南市,麻豆區,35,5806,41.00
94756,2022-07-13,台南市,麻豆區,33,5771,42.86
95145,2022-07-12,台南市,麻豆區,49,5738,48.71
95533,2022-07-11,台南市,麻豆區,50,5689,47.43
95921,2022-07-10,台南市,麻豆區,23,5639,51.14
96304,2022-07-09,台南市,麻豆區,46,5616,52.14
96691,2022-07-08,台南市,麻豆區,51,5570,54.29
97082,2022-07-07,台南市,麻豆區,48,5519,55.00
97473,2022-07-06,台南市,麻豆區,74,5471,57.29
97862,2022-07-05,台南市,麻豆區,40,5397,58.29
98251,2022-07-04,台南市,麻豆區,76,5357,63.14
98640,2022-07-03,台南市,麻豆區,30,5281,65.29
99025,2022-07-02,台南市,麻豆區,61,5251,65.71
99413,2022-07-01,台南市,麻豆區,56,5190,67.29
99805,2022-06-30,台南市,麻豆區,64,5134,70.43
100196,2022-06-29,台南市,麻豆區,81,5070,72.71
100586,2022-06-28,台南市,麻豆區,74,4989,74.43
100977,2022-06-27,台南市,麻豆區,91,4915,75.43
101366,2022-06-26,台南市,麻豆區,33,4824,78.14
101751,2022-06-25,台南市,麻豆區,72,4791,81.86
102141,2022-06-24,台南市,麻豆區,78,4719,83.43
102532,2022-06-23,台南市,麻豆區,80,4641,89.29
102924,2022-06-22,台南市,麻豆區,93,4561,92.00
103314,2022-06-21,台南市,麻豆區,81,4468,97.29
103705,2022-06-20,台南市,麻豆區,110,4387,100.57
104096,2022-06-19,台南市,麻豆區,59,4277,104.71
104486,2022-06-18,台南市,麻豆區,83,4218,105.71
104877,2022-06-17,台南市,麻豆區,119,4135,114.00
105268,2022-06-16,台南市,麻豆區,99,4016,110.57
105658,2022-06-15,台南市,麻豆區,130,3917,114.29
106048,2022-06-14,台南市,麻豆區,104,3787,112.86
106439,2022-06-13,台南市,麻豆區,139,3683,119.14
106830,2022-06-12,台南市,麻豆區,66,3544,121.00
107217,2022-06-11,台南市,麻豆區,141,3478,124.29
107608,2022-06-10,台南市,麻豆區,95,3337,123.57
107997,2022-06-09,台南市,麻豆區,125,3242,126.00
108388,2022-06-08,台南市,麻豆區,120,3117,128.57
108776,2022-06-07,台南市,麻豆區,148,2997,135.43
109168,2022-06-06,台南市,麻豆區,152,2849,135.86
109559,2022-06-05,台南市,麻豆區,89,2697,135.86
109948,2022-06-04,台南市,麻豆區,136,2608,133.00
110337,2022-06-03,台南市,麻豆區,112,2472,131.00
110729,2022-06-02,台南市,麻豆區,143,2360,131.57
111119,2022-06-01,台南市,麻豆區,168,2217,133.57
111510,2022-05-31,台南市,麻豆區,151,2049,126.86
111902,2022-05-30,台南市,麻豆區,152,1898,119.14
112292,2022-05-29,台南市,麻豆區,69,1746,115.71
112683,2022-05-28,台南市,麻豆區,122,1677,116.14
113073,2022-05-27,台南市,麻豆區,116,1555,114.00
113464,2022-05-26,台南市,麻豆區,157,1439,108.43
113855,2022-05-25,台南市,麻豆區,121,1282,97.43
114245,2022-05-24,台南市,麻豆區,97,1161,91.14
114636,2022-05-23,台南市,麻豆區,128,1064,87.57
115027,2022-05-22,台南市,麻豆區,72,936,75.86
115418,2022-05-21,台南市,麻豆區,107,864,71.86
115805,2022-05-20,台南市,麻豆區,77,757,61.14
116191,2022-05-19,台南市,麻豆區,80,680,56.14
116580,2022-05-18,台南市,麻豆區,77,600,49.86
116970,2022-05-17,台南市,麻豆區,72,523,47.00
117360,2022-05-16,台南市,麻豆區,46,451,41.43
117748,2022-05-15,台南市,麻豆區,44,405,37.86
118134,2022-05-14,台南市,麻豆區,32,361,35.57
118517,2022-05-13,台南市,麻豆區,42,329,34.00
118904,2022-05-12,台南市,麻豆區,36,287,30.86
119288,2022-05-11,台南市,麻豆區,57,251,28.00
119673,2022-05-10,台南市,麻豆區,33,194,21.43
120058,2022-05-09,台南市,麻豆區,21,161,17.57
120437,2022-05-08,台南市,麻豆區,28,140,16.00
120822,2022-05-07,台南市,麻豆區,21,112,13.14
121200,2022-05-06,台南市,麻豆區,20,91,10.71
121578,2022-05-05,台南市,麻豆區,16,71,8.14
121950,2022-05-04,台南市,麻豆區,11,55,6.14
122311,2022-05-03,台南市,麻豆區,6,44,4.71
122670,2022-05-02,台南市,麻豆區,10,38,4.00
123020,2022-05-01,台南市,麻豆區,8,28,2.71
123355,2022-04-30,台南市,麻豆區,4,20,1.86
123685,2022-04-29,台南市,麻豆區,2,16,1.29
124002,2022-04-28,台南市,麻豆區,2,14,1.00
124318,2022-04-27,台南市,麻豆區,1,12,0.86
124612,2022-04-26,台南市,麻豆區,1,11,0.71
124901,2022-04-25,台南市,麻豆區,1,10,0.57
125178,2022-04-24,台南市,麻豆區,2,9,0.43
125913,2022-04-21,台南市,麻豆區,1,7,0.29
126725,2022-04-17,台南市,麻豆區,1,6,0.14
128164,2022-04-07,台南市,麻豆區,1,5,0.14
133502,2021-05-25,台南市,麻豆區,3,4,0.57
133670,2021-05-23,台南市,麻豆區,1,1,0.14
