UID,個案研判日,縣市別,區域,新增確診人數,累計確診人數,七天移動平均新增確診人數
696,2023-03-20,台南市,佳里區,2,20010,12.00
987,2023-03-19,台南市,佳里區,7,20008,14.29
1316,2023-03-18,台南市,佳里區,13,20001,16.57
1655,2023-03-17,台南市,佳里區,12,19988,18.14
2008,2023-03-16,台南市,佳里區,12,19976,18.43
2360,2023-03-15,台南市,佳里區,15,19964,19.14
2711,2023-03-14,台南市,佳里區,23,19949,20.00
3069,2023-03-13,台南市,佳里區,18,19926,19.29
3427,2023-03-12,台南市,佳里區,23,19908,20.57
3773,2023-03-11,台南市,佳里區,24,19885,19.29
4125,2023-03-10,台南市,佳里區,14,19861,19.57
4481,2023-03-09,台南市,佳里區,17,19847,21.71
4840,2023-03-08,台南市,佳里區,21,19830,25.00
5193,2023-03-07,台南市,佳里區,18,19809,26.71
5553,2023-03-06,台南市,佳里區,27,19791,27.71
5917,2023-03-05,台南市,佳里區,14,19764,26.00
6256,2023-03-04,台南市,佳里區,26,19750,27.86
6609,2023-03-03,台南市,佳里區,29,19724,28.57
6968,2023-03-02,台南市,佳里區,40,19695,28.43
7332,2023-03-01,台南市,佳里區,33,19655,27.00
7703,2023-02-28,台南市,佳里區,25,19622,26.86
8066,2023-02-27,台南市,佳里區,15,19597,29.43
8425,2023-02-26,台南市,佳里區,27,19582,32.71
8769,2023-02-25,台南市,佳里區,31,19555,33.71
9139,2023-02-24,台南市,佳里區,28,19524,35.86
9500,2023-02-23,台南市,佳里區,30,19496,38.29
9871,2023-02-22,台南市,佳里區,32,19466,39.00
10245,2023-02-21,台南市,佳里區,43,19434,40.00
10615,2023-02-20,台南市,佳里區,38,19391,39.00
10994,2023-02-19,台南市,佳里區,34,19353,39.86
11353,2023-02-18,台南市,佳里區,46,19319,37.57
11719,2023-02-17,台南市,佳里區,45,19273,37.57
12092,2023-02-16,台南市,佳里區,35,19228,37.57
12467,2023-02-15,台南市,佳里區,39,19193,37.00
12840,2023-02-14,台南市,佳里區,36,19154,37.86
13212,2023-02-13,台南市,佳里區,44,19118,36.86
13590,2023-02-12,台南市,佳里區,18,19074,37.57
13948,2023-02-11,台南市,佳里區,46,19056,38.29
14320,2023-02-10,台南市,佳里區,45,19010,39.86
14693,2023-02-09,台南市,佳里區,31,18965,40.71
15070,2023-02-08,台南市,佳里區,45,18934,43.43
15449,2023-02-07,台南市,佳里區,29,18889,46.14
15828,2023-02-06,台南市,佳里區,49,18860,50.43
16209,2023-02-05,台南市,佳里區,23,18811,55.14
16578,2023-02-04,台南市,佳里區,57,18788,57.14
16957,2023-02-03,台南市,佳里區,51,18731,56.57
17343,2023-02-02,台南市,佳里區,50,18680,56.86
17726,2023-02-01,台南市,佳里區,64,18630,60.86
18103,2023-01-31,台南市,佳里區,59,18566,54.71
18488,2023-01-30,台南市,佳里區,82,18507,51.57
18877,2023-01-29,台南市,佳里區,37,18425,43.43
19253,2023-01-28,台南市,佳里區,53,18388,40.00
19632,2023-01-27,台南市,佳里區,53,18335,36.86
20010,2023-01-26,台南市,佳里區,78,18282,35.00
20387,2023-01-25,台南市,佳里區,21,18204,28.57
20752,2023-01-24,台南市,佳里區,37,18183,30.71
21127,2023-01-23,台南市,佳里區,25,18146,31.29
21494,2023-01-22,台南市,佳里區,13,18121,32.71
21858,2023-01-21,台南市,佳里區,31,18108,35.29
22230,2023-01-20,台南市,佳里區,40,18077,36.29
22597,2023-01-19,台南市,佳里區,33,18037,37.57
22968,2023-01-18,台南市,佳里區,36,18004,38.14
23339,2023-01-17,台南市,佳里區,41,17968,38.57
23704,2023-01-16,台南市,佳里區,35,17927,41.14
24080,2023-01-15,台南市,佳里區,31,17892,43.43
24446,2023-01-14,台南市,佳里區,38,17861,43.29
24815,2023-01-13,台南市,佳里區,49,17823,44.71
25183,2023-01-12,台南市,佳里區,37,17774,46.86
25558,2023-01-11,台南市,佳里區,39,17737,50.29
25934,2023-01-10,台南市,佳里區,59,17698,52.57
26306,2023-01-09,台南市,佳里區,51,17639,56.29
26684,2023-01-08,台南市,佳里區,30,17588,57.29
27041,2023-01-07,台南市,佳里區,48,17558,57.86
27413,2023-01-06,台南市,佳里區,64,17510,58.57
27789,2023-01-05,台南市,佳里區,61,17446,57.14
28169,2023-01-04,台南市,佳里區,55,17385,55.57
28550,2023-01-03,台南市,佳里區,85,17330,57.71
28931,2023-01-02,台南市,佳里區,58,17245,54.00
29303,2023-01-01,台南市,佳里區,34,17187,56.57
29665,2022-12-31,台南市,佳里區,53,17153,56.57
30031,2022-12-30,台南市,佳里區,54,17100,56.00
30403,2022-12-29,台南市,佳里區,50,17046,53.14
30775,2022-12-28,台南市,佳里區,70,16996,52.86
31146,2022-12-27,台南市,佳里區,59,16926,47.43
31523,2022-12-26,台南市,佳里區,76,16867,44.71
31895,2022-12-25,台南市,佳里區,34,16791,38.29
32249,2022-12-24,台南市,佳里區,49,16757,37.71
32609,2022-12-23,台南市,佳里區,34,16708,34.71
32973,2022-12-22,台南市,佳里區,48,16674,36.14
33340,2022-12-21,台南市,佳里區,32,16626,35.14
33710,2022-12-20,台南市,佳里區,40,16594,35.00
34073,2022-12-19,台南市,佳里區,31,16554,36.00
34444,2022-12-18,台南市,佳里區,30,16523,39.57
34792,2022-12-17,台南市,佳里區,28,16493,38.14
35152,2022-12-16,台南市,佳里區,44,16465,39.29
35517,2022-12-15,台南市,佳里區,41,16421,36.71
35888,2022-12-14,台南市,佳里區,31,16380,37.14
36247,2022-12-13,台南市,佳里區,47,16349,39.71
36621,2022-12-12,台南市,佳里區,56,16302,39.14
36992,2022-12-11,台南市,佳里區,20,16246,40.29
37344,2022-12-10,台南市,佳里區,36,16226,41.00
37713,2022-12-09,台南市,佳里區,26,16190,42.14
38078,2022-12-08,台南市,佳里區,44,16164,43.29
38451,2022-12-07,台南市,佳里區,49,16120,42.86
38822,2022-12-06,台南市,佳里區,43,16071,44.57
39194,2022-12-05,台南市,佳里區,64,16028,46.86
39572,2022-12-04,台南市,佳里區,25,15964,46.43
39937,2022-12-03,台南市,佳里區,44,15939,47.29
40307,2022-12-02,台南市,佳里區,34,15895,45.57
40676,2022-12-01,台南市,佳里區,41,15861,47.86
41046,2022-11-30,台南市,佳里區,61,15820,46.71
41417,2022-11-29,台南市,佳里區,59,15759,44.43
41797,2022-11-28,台南市,佳里區,61,15700,43.29
42174,2022-11-27,台南市,佳里區,31,15639,46.00
42535,2022-11-26,台南市,佳里區,32,15608,47.29
42891,2022-11-25,台南市,佳里區,50,15576,52.43
43263,2022-11-24,台南市,佳里區,33,15526,56.00
43633,2022-11-23,台南市,佳里區,45,15493,60.29
44004,2022-11-22,台南市,佳里區,51,15448,66.29
44378,2022-11-21,台南市,佳里區,80,15397,69.14
44760,2022-11-20,台南市,佳里區,40,15317,69.14
45124,2022-11-19,台南市,佳里區,68,15277,70.86
45498,2022-11-18,台南市,佳里區,75,15209,68.00
45870,2022-11-17,台南市,佳里區,63,15134,63.43
46243,2022-11-16,台南市,佳里區,87,15071,61.43
46623,2022-11-15,台南市,佳里區,71,14984,56.86
47004,2022-11-14,台南市,佳里區,80,14913,54.86
47385,2022-11-13,台南市,佳里區,52,14833,50.86
47755,2022-11-12,台南市,佳里區,48,14781,48.86
48131,2022-11-11,台南市,佳里區,43,14733,51.71
48511,2022-11-10,台南市,佳里區,49,14690,54.14
48893,2022-11-09,台南市,佳里區,55,14641,55.29
49277,2022-11-08,台南市,佳里區,57,14586,58.14
49662,2022-11-07,台南市,佳里區,52,14529,60.00
50047,2022-11-06,台南市,佳里區,38,14477,64.86
50416,2022-11-05,台南市,佳里區,68,14439,68.43
50791,2022-11-04,台南市,佳里區,60,14371,71.29
51177,2022-11-03,台南市,佳里區,57,14311,71.00
51557,2022-11-02,台南市,佳里區,75,14254,77.43
51943,2022-11-01,台南市,佳里區,70,14179,79.29
52328,2022-10-31,台南市,佳里區,86,14109,81.14
52711,2022-10-30,台南市,佳里區,63,14023,81.71
53090,2022-10-29,台南市,佳里區,88,13960,81.86
53469,2022-10-28,台南市,佳里區,58,13872,81.14
53856,2022-10-27,台南市,佳里區,102,13814,83.57
54243,2022-10-26,台南市,佳里區,88,13712,80.00
54627,2022-10-25,台南市,佳里區,83,13624,80.00
55016,2022-10-24,台南市,佳里區,90,13541,80.00
55406,2022-10-23,台南市,佳里區,64,13451,82.43
55783,2022-10-22,台南市,佳里區,83,13387,82.43
56168,2022-10-21,台南市,佳里區,75,13304,83.57
56558,2022-10-20,台南市,佳里區,77,13229,84.29
56943,2022-10-19,台南市,佳里區,88,13152,87.00
57330,2022-10-18,台南市,佳里區,83,13064,90.86
57720,2022-10-17,台南市,佳里區,107,12981,92.29
58110,2022-10-16,台南市,佳里區,64,12874,87.14
58494,2022-10-15,台南市,佳里區,91,12810,86.29
58879,2022-10-14,台南市,佳里區,80,12719,87.43
59269,2022-10-13,台南市,佳里區,96,12639,84.43
59660,2022-10-12,台南市,佳里區,115,12543,84.71
60049,2022-10-11,台南市,佳里區,93,12428,80.14
60441,2022-10-10,台南市,佳里區,71,12335,80.43
60825,2022-10-09,台南市,佳里區,58,12264,83.86
61212,2022-10-08,台南市,佳里區,99,12206,85.43
61601,2022-10-07,台南市,佳里區,59,12107,80.86
61988,2022-10-06,台南市,佳里區,98,12048,81.00
62379,2022-10-05,台南市,佳里區,83,11950,77.00
62766,2022-10-04,台南市,佳里區,95,11867,74.57
63154,2022-10-03,台南市,佳里區,95,11772,72.00
63545,2022-10-02,台南市,佳里區,69,11677,69.29
63927,2022-10-01,台南市,佳里區,67,11608,66.43
64313,2022-09-30,台南市,佳里區,60,11541,66.71
64697,2022-09-29,台南市,佳里區,70,11481,65.57
65085,2022-09-28,台南市,佳里區,66,11411,63.71
65473,2022-09-27,台南市,佳里區,77,11345,63.29
65860,2022-09-26,台南市,佳里區,76,11268,60.14
66249,2022-09-25,台南市,佳里區,49,11192,56.43
66632,2022-09-24,台南市,佳里區,69,11143,53.86
67015,2022-09-23,台南市,佳里區,52,11074,51.43
67404,2022-09-22,台南市,佳里區,57,11022,51.86
67791,2022-09-21,台南市,佳里區,63,10965,52.57
68180,2022-09-20,台南市,佳里區,55,10902,53.71
68570,2022-09-19,台南市,佳里區,50,10847,56.00
68961,2022-09-18,台南市,佳里區,31,10797,59.29
69343,2022-09-17,台南市,佳里區,52,10766,62.29
69731,2022-09-16,台南市,佳里區,55,10714,61.14
70116,2022-09-15,台南市,佳里區,62,10659,58.29
70503,2022-09-14,台南市,佳里區,71,10597,57.00
70888,2022-09-13,台南市,佳里區,71,10526,54.00
71277,2022-09-12,台南市,佳里區,73,10455,51.43
71667,2022-09-11,台南市,佳里區,52,10382,52.00
72049,2022-09-10,台南市,佳里區,44,10330,49.71
72431,2022-09-09,台南市,佳里區,35,10286,50.43
72813,2022-09-08,台南市,佳里區,53,10251,52.14
73200,2022-09-07,台南市,佳里區,50,10198,53.71
73584,2022-09-06,台南市,佳里區,53,10148,54.71
73970,2022-09-05,台南市,佳里區,77,10095,57.29
74357,2022-09-04,台南市,佳里區,36,10018,54.29
74739,2022-09-03,台南市,佳里區,49,9982,53.57
75126,2022-09-02,台南市,佳里區,47,9933,54.29
75512,2022-09-01,台南市,佳里區,64,9886,55.14
75901,2022-08-31,台南市,佳里區,57,9822,51.57
76288,2022-08-30,台南市,佳里區,71,9765,51.14
76676,2022-08-29,台南市,佳里區,56,9694,48.29
77066,2022-08-28,台南市,佳里區,31,9638,46.86
77447,2022-08-27,台南市,佳里區,54,9607,47.86
77834,2022-08-26,台南市,佳里區,53,9553,43.71
78219,2022-08-25,台南市,佳里區,39,9500,42.43
78605,2022-08-24,台南市,佳里區,54,9461,40.57
78992,2022-08-23,台南市,佳里區,51,9407,38.71
79375,2022-08-22,台南市,佳里區,46,9356,37.57
79765,2022-08-21,台南市,佳里區,38,9310,39.14
80140,2022-08-20,台南市,佳里區,25,9272,38.43
80525,2022-08-19,台南市,佳里區,44,9247,40.29
80909,2022-08-18,台南市,佳里區,26,9203,38.57
81298,2022-08-17,台南市,佳里區,41,9177,40.86
81683,2022-08-16,台南市,佳里區,43,9136,41.57
82070,2022-08-15,台南市,佳里區,57,9093,43.71
82457,2022-08-14,台南市,佳里區,33,9036,43.29
82834,2022-08-13,台南市,佳里區,38,9003,45.14
83213,2022-08-12,台南市,佳里區,32,8965,47.57
83599,2022-08-11,台南市,佳里區,42,8933,49.00
83985,2022-08-10,台南市,佳里區,46,8891,51.00
84371,2022-08-09,台南市,佳里區,58,8845,52.71
84753,2022-08-08,台南市,佳里區,54,8787,51.14
85138,2022-08-07,台南市,佳里區,46,8733,51.14
85511,2022-08-06,台南市,佳里區,55,8687,50.86
85890,2022-08-05,台南市,佳里區,42,8632,47.57
86277,2022-08-04,台南市,佳里區,56,8590,46.43
86662,2022-08-03,台南市,佳里區,58,8534,44.71
87045,2022-08-02,台南市,佳里區,47,8476,46.43
87430,2022-08-01,台南市,佳里區,54,8429,44.86
87818,2022-07-31,台南市,佳里區,44,8375,45.86
88194,2022-07-30,台南市,佳里區,32,8331,44.71
88573,2022-07-29,台南市,佳里區,34,8299,49.86
88957,2022-07-28,台南市,佳里區,44,8265,49.57
89343,2022-07-27,台南市,佳里區,70,8221,50.29
89734,2022-07-26,台南市,佳里區,36,8151,45.00
90121,2022-07-25,台南市,佳里區,61,8115,47.43
90505,2022-07-24,台南市,佳里區,36,8054,47.14
90882,2022-07-23,台南市,佳里區,68,8018,47.57
91267,2022-07-22,台南市,佳里區,32,7950,46.86
91653,2022-07-21,台南市,佳里區,49,7918,49.43
92037,2022-07-20,台南市,佳里區,33,7869,49.29
92424,2022-07-19,台南市,佳里區,53,7836,52.57
92812,2022-07-18,台南市,佳里區,59,7783,51.86
93201,2022-07-17,台南市,佳里區,39,7724,51.43
93579,2022-07-16,台南市,佳里區,63,7685,52.00
93966,2022-07-15,台南市,佳里區,50,7622,50.43
94353,2022-07-14,台南市,佳里區,48,7572,51.57
94741,2022-07-13,台南市,佳里區,56,7524,55.00
95130,2022-07-12,台南市,佳里區,48,7468,57.43
95518,2022-07-11,台南市,佳里區,56,7420,63.57
95906,2022-07-10,台南市,佳里區,43,7364,70.71
96289,2022-07-09,台南市,佳里區,52,7321,74.71
96676,2022-07-08,台南市,佳里區,58,7269,79.86
97067,2022-07-07,台南市,佳里區,72,7211,83.71
97458,2022-07-06,台南市,佳里區,73,7139,84.71
97847,2022-07-05,台南市,佳里區,91,7066,87.29
98236,2022-07-04,台南市,佳里區,106,6975,91.29
98625,2022-07-03,台南市,佳里區,71,6869,92.14
99010,2022-07-02,台南市,佳里區,88,6798,97.14
99398,2022-07-01,台南市,佳里區,85,6710,98.29
99790,2022-06-30,台南市,佳里區,79,6625,99.00
100181,2022-06-29,台南市,佳里區,91,6546,104.43
100571,2022-06-28,台南市,佳里區,119,6455,108.00
100962,2022-06-27,台南市,佳里區,112,6336,110.14
101351,2022-06-26,台南市,佳里區,106,6224,109.86
101736,2022-06-25,台南市,佳里區,96,6118,110.14
102126,2022-06-24,台南市,佳里區,90,6022,114.57
102517,2022-06-23,台南市,佳里區,117,5932,121.71
102909,2022-06-22,台南市,佳里區,116,5815,123.57
103299,2022-06-21,台南市,佳里區,134,5699,130.00
103690,2022-06-20,台南市,佳里區,110,5565,139.29
104081,2022-06-19,台南市,佳里區,108,5455,145.14
104471,2022-06-18,台南市,佳里區,127,5347,145.57
104862,2022-06-17,台南市,佳里區,140,5220,158.71
105253,2022-06-16,台南市,佳里區,130,5080,155.57
105643,2022-06-15,台南市,佳里區,161,4950,156.86
106033,2022-06-14,台南市,佳里區,199,4789,156.00
106424,2022-06-13,台南市,佳里區,151,4590,160.86
106815,2022-06-12,台南市,佳里區,111,4439,163.71
107202,2022-06-11,台南市,佳里區,219,4328,171.14
107593,2022-06-10,台南市,佳里區,118,4109,158.14
107982,2022-06-09,台南市,佳里區,139,3991,157.71
108373,2022-06-08,台南市,佳里區,155,3852,163.43
108761,2022-06-07,台南市,佳里區,233,3697,166.43
109153,2022-06-06,台南市,佳里區,171,3464,160.71
109544,2022-06-05,台南市,佳里區,163,3293,158.43
109933,2022-06-04,台南市,佳里區,128,3130,150.71
110322,2022-06-03,台南市,佳里區,115,3002,153.71
110714,2022-06-02,台南市,佳里區,179,2887,162.29
111104,2022-06-01,台南市,佳里區,176,2708,173.71
111495,2022-05-31,台南市,佳里區,193,2532,173.71
111887,2022-05-30,台南市,佳里區,155,2339,170.29
112277,2022-05-29,台南市,佳里區,109,2184,169.00
112668,2022-05-28,台南市,佳里區,149,2075,172.14
113058,2022-05-27,台南市,佳里區,175,1926,161.57
113449,2022-05-26,台南市,佳里區,259,1751,147.86
113840,2022-05-25,台南市,佳里區,176,1492,125.71
114230,2022-05-24,台南市,佳里區,169,1316,118.14
114621,2022-05-23,台南市,佳里區,146,1147,109.43
115012,2022-05-22,台南市,佳里區,131,1001,94.14
115403,2022-05-21,台南市,佳里區,75,870,81.71
115790,2022-05-20,台南市,佳里區,79,795,76.29
116176,2022-05-19,台南市,佳里區,104,716,68.71
116565,2022-05-18,台南市,佳里區,123,612,58.43
116955,2022-05-17,台南市,佳里區,108,489,46.43
117345,2022-05-16,台南市,佳里區,39,381,36.14
117733,2022-05-15,台南市,佳里區,44,342,31.43
118119,2022-05-14,台南市,佳里區,37,298,28.29
118502,2022-05-13,台南市,佳里區,26,261,24.57
118889,2022-05-12,台南市,佳里區,32,235,24.00
119273,2022-05-11,台南市,佳里區,39,203,19.86
119658,2022-05-10,台南市,佳里區,36,164,16.00
120043,2022-05-09,台南市,佳里區,6,128,13.00
120422,2022-05-08,台南市,佳里區,22,122,12.43
120807,2022-05-07,台南市,佳里區,11,100,10.14
121185,2022-05-06,台南市,佳里區,22,89,8.57
121563,2022-05-05,台南市,佳里區,3,67,5.57
121935,2022-05-04,台南市,佳里區,12,64,5.43
122296,2022-05-03,台南市,佳里區,15,52,3.86
122655,2022-05-02,台南市,佳里區,2,37,2.14
123005,2022-05-01,台南市,佳里區,6,35,2.71
123671,2022-04-29,台南市,佳里區,1,29,2.71
123989,2022-04-28,台南市,佳里區,2,28,2.71
124305,2022-04-27,台南市,佳里區,1,26,2.71
124601,2022-04-26,台南市,佳里區,3,25,2.57
124889,2022-04-25,台南市,佳里區,6,22,2.29
125166,2022-04-24,台南市,佳里區,4,16,1.43
125408,2022-04-23,台南市,佳里區,2,12,0.86
125656,2022-04-22,台南市,佳里區,1,10,0.57
125902,2022-04-21,台南市,佳里區,2,9,0.43
126343,2022-04-19,台南市,佳里區,1,7,0.14
127523,2022-04-12,台南市,佳里區,1,6,0.14
129030,2022-03-08,台南市,佳里區,1,5,0.14
131937,2021-06-15,台南市,佳里區,2,4,0.29
132587,2021-06-05,台南市,佳里區,1,2,0.14
133755,2021-05-22,台南市,佳里區,1,1,0.14
