UID,個案研判日,縣市別,區域,新增確診人數,累計確診人數,七天移動平均新增確診人數
176,2023-06-14,台南市,東區,3,72014,0.43
270,2023-06-07,台南市,東區,1,72011,0.14
541,2023-03-21,台南市,東區,3,72010,52.14
735,2023-03-20,台南市,東區,21,72007,61.43
1031,2023-03-19,台南市,東區,47,71986,71.00
1361,2023-03-18,台南市,東區,66,71939,70.43
1700,2023-03-17,台南市,東區,83,71873,69.29
2054,2023-03-16,台南市,東區,65,71790,69.57
2407,2023-03-15,台南市,東區,80,71725,74.00
2756,2023-03-14,台南市,東區,68,71645,75.29
3114,2023-03-13,台南市,東區,88,71577,77.14
3471,2023-03-12,台南市,東區,43,71489,80.71
3820,2023-03-11,台南市,東區,58,71446,80.57
4171,2023-03-10,台南市,東區,85,71388,87.29
4526,2023-03-09,台南市,東區,96,71303,91.29
4885,2023-03-08,台南市,東區,89,71207,95.14
5239,2023-03-07,台南市,東區,81,71118,101.29
5600,2023-03-06,台南市,東區,113,71037,102.71
5961,2023-03-05,台南市,東區,42,70924,99.57
6300,2023-03-04,台南市,東區,105,70882,102.86
6654,2023-03-03,台南市,東區,113,70777,103.43
7014,2023-03-02,台南市,東區,123,70664,101.00
7377,2023-03-01,台南市,東區,132,70541,99.43
7749,2023-02-28,台南市,東區,91,70409,99.29
8113,2023-02-27,台南市,東區,91,70318,105.29
8470,2023-02-26,台南市,東區,65,70227,116.57
8815,2023-02-25,台南市,東區,109,70162,119.00
9186,2023-02-24,台南市,東區,96,70053,121.00
9547,2023-02-23,台南市,東區,112,69957,123.14
9917,2023-02-22,台南市,東區,131,69845,121.14
10292,2023-02-21,台南市,東區,133,69714,121.43
10662,2023-02-20,台南市,東區,170,69581,121.29
11039,2023-02-19,台南市,東區,82,69411,120.71
11400,2023-02-18,台南市,東區,123,69329,126.14
11766,2023-02-17,台南市,東區,111,69206,129.86
12139,2023-02-16,台南市,東區,98,69095,132.71
12513,2023-02-15,台南市,東區,133,68997,142.00
12887,2023-02-14,台南市,東區,132,68864,148.43
13259,2023-02-13,台南市,東區,166,68732,158.57
13637,2023-02-12,台南市,東區,120,68566,164.86
13994,2023-02-11,台南市,東區,149,68446,167.86
14367,2023-02-10,台南市,東區,131,68297,174.57
14740,2023-02-09,台南市,東區,163,68166,182.86
15117,2023-02-08,台南市,東區,178,68003,190.29
15496,2023-02-07,台南市,東區,203,67825,193.29
15875,2023-02-06,台南市,東區,210,67622,209.00
16255,2023-02-05,台南市,東區,141,67412,221.86
16625,2023-02-04,台南市,東區,196,67271,222.71
17004,2023-02-03,台南市,東區,189,67075,225.57
17390,2023-02-02,台南市,東區,215,66886,233.57
17773,2023-02-01,台南市,東區,199,66671,233.14
18150,2023-01-31,台南市,東區,313,66472,229.00
18535,2023-01-30,台南市,東區,300,66159,203.00
18922,2023-01-29,台南市,東區,147,65859,180.71
19300,2023-01-28,台南市,東區,216,65712,175.43
19678,2023-01-27,台南市,東區,245,65496,167.71
20057,2023-01-26,台南市,東區,212,65251,160.57
20433,2023-01-25,台南市,東區,170,65039,154.14
20799,2023-01-24,台南市,東區,131,64869,153.29
21171,2023-01-23,台南市,東區,144,64738,159.71
21540,2023-01-22,台南市,東區,110,64594,169.71
21904,2023-01-21,台南市,東區,162,64484,174.43
22277,2023-01-20,台南市,東區,195,64322,175.57
22643,2023-01-19,台南市,東區,167,64127,169.57
23015,2023-01-18,台南市,東區,164,63960,168.14
23385,2023-01-17,台南市,東區,176,63796,170.29
23751,2023-01-16,台南市,東區,214,63620,178.14
24127,2023-01-15,台南市,東區,143,63406,176.71
24492,2023-01-14,台南市,東區,170,63263,177.71
24861,2023-01-13,台南市,東區,153,63093,187.14
25230,2023-01-12,台南市,東區,157,62940,192.43
25604,2023-01-11,台南市,東區,179,62783,198.43
25979,2023-01-10,台南市,東區,231,62604,215.14
26352,2023-01-09,台南市,東區,204,62373,225.86
26729,2023-01-08,台南市,東區,150,62169,231.43
27088,2023-01-07,台南市,東區,236,62019,231.57
27459,2023-01-06,台南市,東區,190,61783,228.71
27836,2023-01-05,台南市,東區,199,61593,234.86
28215,2023-01-04,台南市,東區,296,61394,240.57
28596,2023-01-03,台南市,東區,306,61098,232.71
28977,2023-01-02,台南市,東區,243,60792,223.86
29349,2023-01-01,台南市,東區,151,60549,224.14
29711,2022-12-31,台南市,東區,216,60398,218.86
30076,2022-12-30,台南市,東區,233,60182,214.86
30450,2022-12-29,台南市,東區,239,59949,205.14
30822,2022-12-28,台南市,東區,241,59710,198.43
31192,2022-12-27,台南市,東區,244,59469,192.00
31569,2022-12-26,台南市,東區,245,59225,178.57
31939,2022-12-25,台南市,東區,114,58980,164.86
32295,2022-12-24,台南市,東區,188,58866,157.14
32654,2022-12-23,台南市,東區,165,58678,147.29
33019,2022-12-22,台南市,東區,192,58513,145.57
33385,2022-12-21,台南市,東區,196,58321,137.29
33756,2022-12-20,台南市,東區,150,58125,127.86
34120,2022-12-19,台南市,東區,149,57975,127.86
34489,2022-12-18,台南市,東區,60,57826,131.00
34838,2022-12-17,台南市,東區,119,57766,136.43
35199,2022-12-16,台南市,東區,153,57647,137.29
35563,2022-12-15,台南市,東區,134,57494,132.43
35933,2022-12-14,台南市,東區,130,57360,129.43
36291,2022-12-13,台南市,東區,150,57230,126.29
36668,2022-12-12,台南市,東區,171,57080,120.43
37036,2022-12-11,台南市,東區,98,56909,115.86
37390,2022-12-10,台南市,東區,125,56811,114.14
37759,2022-12-09,台南市,東區,119,56686,112.14
38124,2022-12-08,台南市,東區,113,56567,108.71
38497,2022-12-07,台南市,東區,108,56454,108.86
38869,2022-12-06,台南市,東區,109,56346,108.43
39241,2022-12-05,台南市,東區,139,56237,110.29
39618,2022-12-04,台南市,東區,86,56098,115.71
39983,2022-12-03,台南市,東區,111,56012,116.29
40354,2022-12-02,台南市,東區,95,55901,117.14
40721,2022-12-01,台南市,東區,114,55806,119.43
41092,2022-11-30,台南市,東區,105,55692,122.57
41464,2022-11-29,台南市,東區,122,55587,130.86
41844,2022-11-28,台南市,東區,177,55465,141.00
42221,2022-11-27,台南市,東區,90,55288,138.14
42581,2022-11-26,台南市,東區,117,55198,139.29
42938,2022-11-25,台南市,東區,111,55081,143.57
43309,2022-11-24,台南市,東區,136,54970,150.43
43679,2022-11-23,台南市,東區,163,54834,156.57
44050,2022-11-22,台南市,東區,193,54671,159.71
44425,2022-11-21,台南市,東區,157,54478,164.43
44805,2022-11-20,台南市,東區,98,54321,166.86
45170,2022-11-19,台南市,東區,147,54223,179.00
45545,2022-11-18,台南市,東區,159,54076,180.14
45916,2022-11-17,台南市,東區,179,53917,186.43
46289,2022-11-16,台南市,東區,185,53738,191.14
46670,2022-11-15,台南市,東區,226,53553,194.00
47049,2022-11-14,台南市,東區,174,53327,203.00
47430,2022-11-13,台南市,東區,183,53153,213.14
47802,2022-11-12,台南市,東區,155,52970,208.00
48177,2022-11-11,台南市,東區,203,52815,223.29
48557,2022-11-10,台南市,東區,212,52612,229.00
48939,2022-11-09,台南市,東區,205,52400,234.71
49324,2022-11-08,台南市,東區,289,52195,243.57
49709,2022-11-07,台南市,東區,245,51906,242.71
50093,2022-11-06,台南市,東區,147,51661,258.57
50462,2022-11-05,台南市,東區,262,51514,262.14
50838,2022-11-04,台南市,東區,243,51252,266.00
51224,2022-11-03,台南市,東區,252,51009,264.29
51604,2022-11-02,台南市,東區,267,50757,275.43
51990,2022-11-01,台南市,東區,283,50490,277.00
52375,2022-10-31,台南市,東區,356,50207,286.00
52758,2022-10-30,台南市,東區,172,49851,292.57
53136,2022-10-29,台南市,東區,289,49679,297.29
53516,2022-10-28,台南市,東區,231,49390,295.86
53903,2022-10-27,台南市,東區,330,49159,300.14
54289,2022-10-26,台南市,東區,278,48829,294.86
54674,2022-10-25,台南市,東區,346,48551,299.71
55063,2022-10-24,台南市,東區,402,48205,299.86
55452,2022-10-23,台南市,東區,205,47803,296.29
55830,2022-10-22,台南市,東區,279,47598,295.71
56215,2022-10-21,台南市,東區,261,47319,303.00
56605,2022-10-20,台南市,東區,293,47058,309.14
56990,2022-10-19,台南市,東區,312,46765,320.00
57377,2022-10-18,台南市,東區,347,46453,332.29
57767,2022-10-17,台南市,東區,377,46106,346.43
58157,2022-10-16,台南市,東區,201,45729,333.71
58541,2022-10-15,台南市,東區,330,45528,338.00
58926,2022-10-14,台南市,東區,304,45198,337.57
59316,2022-10-13,台南市,東區,369,44894,332.86
59707,2022-10-12,台南市,東區,398,44525,332.57
60096,2022-10-11,台南市,東區,446,44127,321.00
60488,2022-10-10,台南市,東區,288,43681,306.29
60872,2022-10-09,台南市,東區,231,43393,320.14
61259,2022-10-08,台南市,東區,327,43162,313.14
61648,2022-10-07,台南市,東區,271,42835,310.14
62035,2022-10-06,台南市,東區,367,42564,310.00
62426,2022-10-05,台南市,東區,317,42197,298.29
62813,2022-10-04,台南市,東區,343,41880,299.57
63201,2022-10-03,台南市,東區,385,41537,295.29
63592,2022-10-02,台南市,東區,182,41152,289.71
63974,2022-10-01,台南市,東區,306,40970,288.14
64360,2022-09-30,台南市,東區,270,40664,276.29
64744,2022-09-29,台南市,東區,285,40394,268.57
65132,2022-09-28,台南市,東區,326,40109,260.00
65520,2022-09-27,台南市,東區,313,39783,245.43
65907,2022-09-26,台南市,東區,346,39470,235.57
66296,2022-09-25,台南市,東區,171,39124,226.29
66679,2022-09-24,台南市,東區,223,38953,219.86
67062,2022-09-23,台南市,東區,216,38730,218.86
67451,2022-09-22,台南市,東區,225,38514,220.57
67838,2022-09-21,台南市,東區,224,38289,224.14
68227,2022-09-20,台南市,東區,244,38065,228.14
68617,2022-09-19,台南市,東區,281,37821,231.86
69008,2022-09-18,台南市,東區,126,37540,243.14
69390,2022-09-17,台南市,東區,216,37414,246.43
69778,2022-09-16,台南市,東區,228,37198,242.14
70163,2022-09-15,台南市,東區,250,36970,238.57
70550,2022-09-14,台南市,東區,252,36720,230.57
70935,2022-09-13,台南市,東區,270,36468,226.29
71324,2022-09-12,台南市,東區,360,36198,223.71
71714,2022-09-11,台南市,東區,149,35838,206.00
72096,2022-09-10,台南市,東區,186,35689,204.00
72478,2022-09-09,台南市,東區,203,35503,209.14
72860,2022-09-08,台南市,東區,194,35300,209.57
73247,2022-09-07,台南市,東區,222,35106,211.57
73631,2022-09-06,台南市,東區,252,34884,213.57
74017,2022-09-05,台南市,東區,236,34632,208.71
74404,2022-09-04,台南市,東區,135,34396,208.57
74786,2022-09-03,台南市,東區,222,34261,205.86
75173,2022-09-02,台南市,東區,206,34039,198.29
75559,2022-09-01,台南市,東區,208,33833,193.57
75948,2022-08-31,台南市,東區,236,33625,189.29
76335,2022-08-30,台南市,東區,218,33389,180.71
76723,2022-08-29,台南市,東區,235,33171,172.57
77112,2022-08-28,台南市,東區,116,32936,163.43
77494,2022-08-27,台南市,東區,169,32820,161.86
77881,2022-08-26,台南市,東區,173,32651,157.29
78266,2022-08-25,台南市,東區,178,32478,154.00
78652,2022-08-24,台南市,東區,176,32300,148.43
79039,2022-08-23,台南市,東區,161,32124,145.71
79422,2022-08-22,台南市,東區,171,31963,146.57
79811,2022-08-21,台南市,東區,105,31792,148.71
80187,2022-08-20,台南市,東區,137,31687,144.29
80572,2022-08-19,台南市,東區,150,31550,149.43
80956,2022-08-18,台南市,東區,139,31400,148.00
81345,2022-08-17,台南市,東區,157,31261,146.29
81730,2022-08-16,台南市,東區,167,31104,147.00
82117,2022-08-15,台南市,東區,186,30937,144.14
82504,2022-08-14,台南市,東區,74,30751,146.14
82881,2022-08-13,台南市,東區,173,30677,149.86
83260,2022-08-12,台南市,東區,140,30504,145.14
83646,2022-08-11,台南市,東區,127,30364,144.86
84032,2022-08-10,台南市,東區,162,30237,147.00
84418,2022-08-09,台南市,東區,147,30075,149.43
84800,2022-08-08,台南市,東區,200,29928,152.29
85184,2022-08-07,台南市,東區,100,29728,150.43
85557,2022-08-06,台南市,東區,140,29628,151.43
85937,2022-08-05,台南市,東區,138,29488,152.14
86324,2022-08-04,台南市,東區,142,29350,157.57
86709,2022-08-03,台南市,東區,179,29208,165.43
87092,2022-08-02,台南市,東區,167,29029,165.71
87477,2022-08-01,台南市,東區,187,28862,172.14
87864,2022-07-31,台南市,東區,107,28675,176.43
88240,2022-07-30,台南市,東區,145,28568,180.14
88619,2022-07-29,台南市,東區,176,28423,184.43
89004,2022-07-28,台南市,東區,197,28247,179.71
89390,2022-07-27,台南市,東區,181,28050,181.71
89781,2022-07-26,台南市,東區,212,27869,180.86
90168,2022-07-25,台南市,東區,217,27657,174.71
90551,2022-07-24,台南市,東區,133,27440,167.00
90929,2022-07-23,台南市,東區,175,27307,165.00
91314,2022-07-22,台南市,東區,143,27132,160.71
91700,2022-07-21,台南市,東區,211,26989,163.86
92084,2022-07-20,台南市,東區,175,26778,158.86
92471,2022-07-19,台南市,東區,169,26603,160.57
92859,2022-07-18,台南市,東區,163,26434,164.43
93247,2022-07-17,台南市,東區,119,26271,181.00
93626,2022-07-16,台南市,東區,145,26152,184.29
94012,2022-07-15,台南市,東區,165,26007,194.14
94400,2022-07-14,台南市,東區,176,25842,202.14
94788,2022-07-13,台南市,東區,187,25666,214.43
95177,2022-07-12,台南市,東區,196,25479,214.14
95565,2022-07-11,台南市,東區,279,25283,221.29
95953,2022-07-10,台南市,東區,142,25004,221.00
96336,2022-07-09,台南市,東區,214,24862,223.29
96723,2022-07-08,台南市,東區,221,24648,231.57
97114,2022-07-07,台南市,東區,262,24427,237.57
97505,2022-07-06,台南市,東區,185,24165,238.00
97894,2022-07-05,台南市,東區,246,23980,253.00
98283,2022-07-04,台南市,東區,277,23734,266.00
98672,2022-07-03,台南市,東區,158,23457,277.71
99057,2022-07-02,台南市,東區,272,23299,288.00
99445,2022-07-01,台南市,東區,263,23027,298.43
99837,2022-06-30,台南市,東區,265,22764,302.43
100228,2022-06-29,台南市,東區,290,22499,321.43
100618,2022-06-28,台南市,東區,337,22209,341.29
101009,2022-06-27,台南市,東區,359,21872,357.14
101398,2022-06-26,台南市,東區,230,21513,384.43
101783,2022-06-25,台南市,東區,345,21283,379.43
102173,2022-06-24,台南市,東區,291,20938,395.29
102564,2022-06-23,台南市,東區,398,20647,420.57
102956,2022-06-22,台南市,東區,429,20249,432.86
103346,2022-06-21,台南市,東區,448,19820,449.29
103737,2022-06-20,台南市,東區,550,19372,475.86
104128,2022-06-19,台南市,東區,195,18822,482.57
104518,2022-06-18,台南市,東區,456,18627,500.71
104909,2022-06-17,台南市,東區,468,18171,530.71
105300,2022-06-16,台南市,東區,484,17703,524.29
105690,2022-06-15,台南市,東區,544,17219,535.00
106080,2022-06-14,台南市,東區,634,16675,543.14
106471,2022-06-13,台南市,東區,597,16041,542.71
106862,2022-06-12,台南市,東區,322,15444,555.14
107249,2022-06-11,台南市,東區,666,15122,554.29
107640,2022-06-10,台南市,東區,423,14456,530.43
108029,2022-06-09,台南市,東區,559,14033,531.71
108420,2022-06-08,台南市,東區,601,13474,527.14
108808,2022-06-07,台南市,東區,631,12873,506.00
109200,2022-06-06,台南市,東區,684,12242,496.43
109591,2022-06-05,台南市,東區,316,11558,485.14
109980,2022-06-04,台南市,東區,499,11242,479.86
110369,2022-06-03,台南市,東區,432,10743,474.71
110761,2022-06-02,台南市,東區,527,10311,486.71
111151,2022-06-01,台南市,東區,453,9784,487.71
111542,2022-05-31,台南市,東區,564,9331,488.57
111934,2022-05-30,台南市,東區,605,8767,481.14
112324,2022-05-29,台南市,東區,279,8162,459.86
112715,2022-05-28,台南市,東區,463,7883,469.57
113105,2022-05-27,台南市,東區,516,7420,456.86
113496,2022-05-26,台南市,東區,534,6904,438.43
113887,2022-05-25,台南市,東區,459,6370,420.00
114277,2022-05-24,台南市,東區,512,5911,410.57
114668,2022-05-23,台南市,東區,456,5399,397.43
115059,2022-05-22,台南市,東區,347,4943,368.14
115450,2022-05-21,台南市,東區,374,4596,354.14
115837,2022-05-20,台南市,東區,387,4222,331.00
116223,2022-05-19,台南市,東區,405,3835,313.43
116612,2022-05-18,台南市,東區,393,3430,289.57
117002,2022-05-17,台南市,東區,420,3037,256.86
117392,2022-05-16,台南市,東區,251,2617,224.57
117780,2022-05-15,台南市,東區,249,2366,207.00
118166,2022-05-14,台南市,東區,212,2117,190.43
118549,2022-05-13,台南市,東區,264,1905,175.43
118936,2022-05-12,台南市,東區,238,1641,157.86
119320,2022-05-11,台南市,東區,164,1403,138.43
119705,2022-05-10,台南市,東區,194,1239,126.71
120090,2022-05-09,台南市,東區,128,1045,113.57
120469,2022-05-08,台南市,東區,133,917,102.43
120853,2022-05-07,台南市,東區,107,784,88.00
121231,2022-05-06,台南市,東區,141,677,76.14
121610,2022-05-05,台南市,東區,102,536,59.14
121981,2022-05-04,台南市,東區,82,434,47.71
122342,2022-05-03,台南市,東區,102,352,39.00
122700,2022-05-02,台南市,東區,50,250,27.71
123051,2022-05-01,台南市,東區,32,200,21.71
123385,2022-04-30,台南市,東區,24,168,18.43
123715,2022-04-29,台南市,東區,22,144,15.86
124031,2022-04-28,台南市,東區,22,122,13.43
124345,2022-04-27,台南市,東區,21,100,10.71
124640,2022-04-26,台南市,東區,23,79,8.43
124928,2022-04-25,台南市,東區,8,56,5.57
125201,2022-04-24,台南市,東區,9,48,4.57
125443,2022-04-23,台南市,東區,6,39,3.29
125693,2022-04-22,台南市,東區,5,33,2.43
125933,2022-04-21,台南市,東區,3,28,2.00
126165,2022-04-20,台南市,東區,5,25,2.00
126372,2022-04-19,台南市,東區,3,20,1.57
126564,2022-04-18,台南市,東區,1,17,1.14
127067,2022-04-15,台南市,東區,2,16,1.29
127235,2022-04-14,台南市,東區,3,14,1.00
127396,2022-04-13,台南市,東區,2,11,0.57
127687,2022-04-11,台南市,東區,1,9,0.86
127820,2022-04-10,台南市,東區,1,8,0.71
128282,2022-04-06,台南市,東區,2,7,0.57
128386,2022-04-05,台南市,東區,2,5,0.29
133416,2021-05-26,台南市,東區,3,3,0.43
