UID,個案研判日,縣市別,區域,新增確診人數,累計確診人數,七天移動平均新增確診人數
321,2023-05-08,台南市,官田區,1,7542,0.14
1437,2023-03-18,台南市,官田區,4,7541,5.14
1783,2023-03-17,台南市,官田區,4,7537,6.00
2135,2023-03-16,台南市,官田區,3,7533,6.86
2488,2023-03-15,台南市,官田區,4,7530,6.86
2838,2023-03-14,台南市,官田區,7,7526,7.71
3196,2023-03-13,台南市,官田區,11,7519,8.86
3550,2023-03-12,台南市,官田區,3,7508,9.14
3900,2023-03-11,台南市,官田區,10,7505,8.86
4250,2023-03-10,台南市,官田區,10,7495,7.86
4607,2023-03-09,台南市,官田區,3,7485,7.57
4963,2023-03-08,台南市,官田區,10,7482,8.71
5320,2023-03-07,台南市,官田區,15,7472,8.57
5682,2023-03-06,台南市,官田區,13,7457,8.00
6041,2023-03-05,台南市,官田區,1,7444,8.00
6382,2023-03-04,台南市,官田區,3,7443,8.29
6736,2023-03-03,台南市,官田區,8,7440,9.00
7097,2023-03-02,台南市,官田區,11,7432,10.00
7459,2023-03-01,台南市,官田區,9,7421,10.00
7831,2023-02-28,台南市,官田區,11,7412,10.00
8197,2023-02-27,台南市,官田區,13,7401,10.86
8548,2023-02-26,台南市,官田區,3,7388,11.43
8900,2023-02-25,台南市,官田區,8,7385,11.86
9269,2023-02-24,台南市,官田區,15,7377,13.00
9632,2023-02-23,台南市,官田區,11,7362,13.00
10002,2023-02-22,台南市,官田區,9,7351,14.00
10375,2023-02-21,台南市,官田區,17,7342,16.14
10747,2023-02-20,台南市,官田區,17,7325,16.86
11121,2023-02-19,台南市,官田區,6,7308,18.57
11483,2023-02-18,台南市,官田區,16,7302,18.29
11848,2023-02-17,台南市,官田區,15,7286,18.86
12224,2023-02-16,台南市,官田區,18,7271,19.43
12597,2023-02-15,台南市,官田區,24,7253,18.43
12972,2023-02-14,台南市,官田區,22,7229,16.29
13343,2023-02-13,台南市,官田區,29,7207,16.00
13720,2023-02-12,台南市,官田區,4,7178,15.29
14080,2023-02-11,台南市,官田區,20,7174,15.14
14449,2023-02-10,台南市,官田區,19,7154,16.00
14823,2023-02-09,台南市,官田區,11,7135,16.29
15203,2023-02-08,台南市,官田區,9,7124,18.86
15580,2023-02-07,台南市,官田區,20,7115,21.00
15960,2023-02-06,台南市,官田區,24,7095,22.14
16336,2023-02-05,台南市,官田區,3,7071,23.43
16710,2023-02-04,台南市,官田區,26,7068,24.43
17089,2023-02-03,台南市,官田區,21,7042,24.86
17475,2023-02-02,台南市,官田區,29,7021,24.71
17856,2023-02-01,台南市,官田區,24,6992,23.14
18236,2023-01-31,台南市,官田區,28,6968,22.14
18621,2023-01-30,台南市,官田區,33,6940,20.00
19007,2023-01-29,台南市,官田區,10,6907,16.71
19385,2023-01-28,台南市,官田區,29,6897,16.43
19761,2023-01-27,台南市,官田區,20,6868,13.86
20142,2023-01-26,台南市,官田區,18,6848,12.00
20513,2023-01-25,台南市,官田區,17,6830,12.43
20882,2023-01-24,台南市,官田區,13,6813,11.43
21254,2023-01-23,台南市,官田區,10,6800,12.29
21623,2023-01-22,台南市,官田區,8,6790,13.00
21990,2023-01-21,台南市,官田區,11,6782,13.14
22363,2023-01-20,台南市,官田區,7,6771,15.71
22728,2023-01-19,台南市,官田區,21,6764,16.86
23101,2023-01-18,台南市,官田區,10,6743,15.86
23467,2023-01-17,台南市,官田區,19,6733,16.71
23834,2023-01-16,台南市,官田區,15,6714,16.14
24212,2023-01-15,台南市,官田區,9,6699,16.57
24575,2023-01-14,台南市,官田區,29,6690,16.71
24942,2023-01-13,台南市,官田區,15,6661,14.43
25313,2023-01-12,台南市,官田區,14,6646,14.57
25687,2023-01-11,台南市,官田區,16,6632,16.29
26063,2023-01-10,台南市,官田區,15,6616,17.86
26436,2023-01-09,台南市,官田區,18,6601,19.57
26810,2023-01-08,台南市,官田區,10,6583,18.29
27171,2023-01-07,台南市,官田區,13,6573,18.14
27544,2023-01-06,台南市,官田區,16,6560,17.86
27921,2023-01-05,台南市,官田區,26,6544,17.43
28299,2023-01-04,台南市,官田區,27,6518,15.71
28681,2023-01-03,台南市,官田區,27,6491,14.57
29061,2023-01-02,台南市,官田區,9,6464,14.86
29433,2023-01-01,台南市,官田區,9,6455,16.14
29794,2022-12-31,台南市,官田區,11,6446,15.86
30161,2022-12-30,台南市,官田區,13,6435,15.86
30535,2022-12-29,台南市,官田區,14,6422,15.29
30907,2022-12-28,台南市,官田區,19,6408,15.00
31276,2022-12-27,台南市,官田區,29,6389,13.57
31651,2022-12-26,台南市,官田區,18,6360,11.14
32020,2022-12-25,台南市,官田區,7,6342,10.86
32378,2022-12-24,台南市,官田區,11,6335,10.71
32737,2022-12-23,台南市,官田區,9,6324,10.29
33104,2022-12-22,台南市,官田區,12,6315,11.00
33469,2022-12-21,台南市,官田區,9,6303,10.86
33836,2022-12-20,台南市,官田區,12,6294,12.43
34202,2022-12-19,台南市,官田區,16,6282,12.14
34570,2022-12-18,台南市,官田區,6,6266,11.57
34920,2022-12-17,台南市,官田區,8,6260,12.00
35282,2022-12-16,台南市,官田區,14,6252,12.00
35645,2022-12-15,台南市,官田區,11,6238,10.71
36015,2022-12-14,台南市,官田區,20,6227,10.86
36375,2022-12-13,台南市,官田區,10,6207,10.86
36753,2022-12-12,台南市,官田區,12,6197,11.00
37116,2022-12-11,台南市,官田區,9,6185,11.57
37475,2022-12-10,台南市,官田區,8,6176,10.57
37842,2022-12-09,台南市,官田區,5,6168,11.71
38208,2022-12-08,台南市,官田區,12,6163,13.86
38582,2022-12-07,台南市,官田區,20,6151,12.86
38949,2022-12-06,台南市,官田區,11,6131,11.71
39325,2022-12-05,台南市,官田區,16,6120,10.71
39702,2022-12-04,台南市,官田區,2,6104,10.86
40068,2022-12-03,台南市,官田區,16,6102,12.57
40437,2022-12-02,台南市,官田區,20,6086,11.86
40803,2022-12-01,台南市,官田區,5,6066,10.57
41176,2022-11-30,台南市,官田區,12,6061,11.43
41549,2022-11-29,台南市,官田區,4,6049,10.57
41928,2022-11-28,台南市,官田區,17,6045,11.86
42305,2022-11-27,台南市,官田區,14,6028,11.57
42661,2022-11-26,台南市,官田區,11,6014,10.00
43023,2022-11-25,台南市,官田區,11,6003,10.00
43392,2022-11-24,台南市,官田區,11,5992,9.57
43761,2022-11-23,台南市,官田區,6,5981,9.86
44134,2022-11-22,台南市,官田區,13,5975,11.43
44511,2022-11-21,台南市,官田區,15,5962,11.86
44890,2022-11-20,台南市,官田區,3,5947,11.57
45257,2022-11-19,台南市,官田區,11,5944,13.71
45628,2022-11-18,台南市,官田區,8,5933,15.00
46001,2022-11-17,台南市,官田區,13,5925,16.14
46375,2022-11-16,台南市,官田區,17,5912,16.43
46756,2022-11-15,台南市,官田區,16,5895,17.43
47134,2022-11-14,台南市,官田區,13,5879,19.00
47513,2022-11-13,台南市,官田區,18,5866,19.57
47885,2022-11-12,台南市,官田區,20,5848,19.00
48263,2022-11-11,台南市,官田區,16,5828,19.29
48640,2022-11-10,台南市,官田區,15,5812,21.43
49024,2022-11-09,台南市,官田區,24,5797,22.71
49411,2022-11-08,台南市,官田區,27,5773,22.29
49796,2022-11-07,台南市,官田區,17,5746,21.86
50175,2022-11-06,台南市,官田區,14,5729,24.43
50544,2022-11-05,台南市,官田區,22,5715,24.57
50925,2022-11-04,台南市,官田區,31,5693,26.14
51310,2022-11-03,台南市,官田區,24,5662,27.29
51689,2022-11-02,台南市,官田區,21,5638,28.43
52077,2022-11-01,台南市,官田區,24,5617,31.71
52459,2022-10-31,台南市,官田區,35,5593,34.29
52843,2022-10-30,台南市,官田區,15,5558,35.86
53219,2022-10-29,台南市,官田區,33,5543,37.57
53603,2022-10-28,台南市,官田區,39,5510,39.14
53990,2022-10-27,台南市,官田區,32,5471,38.29
54373,2022-10-26,台南市,官田區,44,5439,38.14
54759,2022-10-25,台南市,官田區,42,5395,37.71
55150,2022-10-24,台南市,官田區,46,5353,36.43
55537,2022-10-23,台南市,官田區,27,5307,36.71
55916,2022-10-22,台南市,官田區,44,5280,35.71
56302,2022-10-21,台南市,官田區,33,5236,34.86
56691,2022-10-20,台南市,官田區,31,5203,36.14
57076,2022-10-19,台南市,官田區,41,5172,37.00
57463,2022-10-18,台南市,官田區,33,5131,37.29
57853,2022-10-17,台南市,官田區,48,5098,40.43
58242,2022-10-16,台南市,官田區,20,5050,39.71
58627,2022-10-15,台南市,官田區,38,5030,40.71
59013,2022-10-14,台南市,官田區,42,4992,40.00
59402,2022-10-13,台南市,官田區,37,4950,39.29
59793,2022-10-12,台南市,官田區,43,4913,39.00
60183,2022-10-11,台南市,官田區,55,4870,40.14
60573,2022-10-10,台南市,官田區,43,4815,36.29
60957,2022-10-09,台南市,官田區,27,4772,35.71
61345,2022-10-08,台南市,官田區,33,4745,33.71
61734,2022-10-07,台南市,官田區,37,4712,34.43
62121,2022-10-06,台南市,官田區,35,4675,32.86
62512,2022-10-05,台南市,官田區,51,4640,32.86
62900,2022-10-04,台南市,官田區,28,4589,31.43
63288,2022-10-03,台南市,官田區,39,4561,33.29
63679,2022-10-02,台南市,官田區,13,4522,34.86
64059,2022-10-01,台南市,官田區,38,4509,35.43
64445,2022-09-30,台南市,官田區,26,4471,35.14
64831,2022-09-29,台南市,官田區,35,4445,36.29
65219,2022-09-28,台南市,官田區,41,4410,36.71
65606,2022-09-27,台南市,官田區,41,4369,37.00
65993,2022-09-26,台南市,官田區,50,4328,37.29
66380,2022-09-25,台南市,官田區,17,4278,37.86
66764,2022-09-24,台南市,官田區,36,4261,36.43
67149,2022-09-23,台南市,官田區,34,4225,34.71
67537,2022-09-22,台南市,官田區,38,4191,32.57
67925,2022-09-21,台南市,官田區,43,4153,30.29
68314,2022-09-20,台南市,官田區,43,4110,27.29
68704,2022-09-19,台南市,官田區,54,4067,24.86
69094,2022-09-18,台南市,官田區,7,4013,20.57
69477,2022-09-17,台南市,官田區,24,4006,22.29
69864,2022-09-16,台南市,官田區,19,3982,21.71
70249,2022-09-15,台南市,官田區,22,3963,21.29
70636,2022-09-14,台南市,官田區,22,3941,20.29
71022,2022-09-13,台南市,官田區,26,3919,19.00
71411,2022-09-12,台南市,官田區,24,3893,18.86
71799,2022-09-11,台南市,官田區,19,3869,17.43
72181,2022-09-10,台南市,官田區,20,3850,15.57
72564,2022-09-09,台南市,官田區,16,3830,15.14
72946,2022-09-08,台南市,官田區,15,3814,16.71
73333,2022-09-07,台南市,官田區,13,3799,16.43
73717,2022-09-06,台南市,官田區,25,3786,16.86
74103,2022-09-05,台南市,官田區,14,3761,14.71
74488,2022-09-04,台南市,官田區,6,3747,15.57
74871,2022-09-03,台南市,官田區,17,3741,16.00
75259,2022-09-02,台南市,官田區,27,3724,15.00
75645,2022-09-01,台南市,官田區,13,3697,13.00
76034,2022-08-31,台南市,官田區,16,3684,13.29
76421,2022-08-30,台南市,官田區,10,3668,12.57
76809,2022-08-29,台南市,官田區,20,3658,12.14
77196,2022-08-28,台南市,官田區,9,3638,11.29
77581,2022-08-27,台南市,官田區,10,3629,10.86
77967,2022-08-26,台南市,官田區,13,3619,10.43
78351,2022-08-25,台南市,官田區,15,3606,11.43
78736,2022-08-24,台南市,官田區,11,3591,11.71
79124,2022-08-23,台南市,官田區,7,3580,12.14
79508,2022-08-22,台南市,官田區,14,3573,12.00
79894,2022-08-21,台南市,官田區,6,3559,11.43
80273,2022-08-20,台南市,官田區,7,3553,11.43
80656,2022-08-19,台南市,官田區,20,3546,11.43
81042,2022-08-18,台南市,官田區,17,3526,10.57
81431,2022-08-17,台南市,官田區,14,3509,9.43
81816,2022-08-16,台南市,官田區,6,3495,9.43
82203,2022-08-15,台南市,官田區,10,3489,9.43
82587,2022-08-14,台南市,官田區,6,3479,10.14
82964,2022-08-13,台南市,官田區,7,3473,10.14
83345,2022-08-12,台南市,官田區,14,3466,12.00
83730,2022-08-11,台南市,官田區,9,3452,11.43
84117,2022-08-10,台南市,官田區,14,3443,12.57
84502,2022-08-09,台南市,官田區,6,3429,12.29
84885,2022-08-08,台南市,官田區,15,3423,13.43
85266,2022-08-07,台南市,官田區,6,3408,13.71
85640,2022-08-06,台南市,官田區,20,3402,14.43
86023,2022-08-05,台南市,官田區,10,3382,12.57
86409,2022-08-04,台南市,官田區,17,3372,13.71
86794,2022-08-03,台南市,官田區,12,3355,13.86
87176,2022-08-02,台南市,官田區,14,3343,13.57
87563,2022-08-01,台南市,官田區,17,3329,15.71
87948,2022-07-31,台南市,官田區,11,3312,15.00
88325,2022-07-30,台南市,官田區,7,3301,14.57
88704,2022-07-29,台南市,官田區,18,3294,16.86
89090,2022-07-28,台南市,官田區,18,3276,17.43
89477,2022-07-27,台南市,官田區,10,3258,17.86
89867,2022-07-26,台南市,官田區,29,3248,18.86
90254,2022-07-25,台南市,官田區,12,3219,16.29
90635,2022-07-24,台南市,官田區,8,3207,19.14
91015,2022-07-23,台南市,官田區,23,3199,19.43
91400,2022-07-22,台南市,官田區,22,3176,19.71
91786,2022-07-21,台南市,官田區,21,3154,20.14
92169,2022-07-20,台南市,官田區,17,3133,18.43
92557,2022-07-19,台南市,官田區,11,3116,19.57
92946,2022-07-18,台南市,官田區,32,3105,21.57
93332,2022-07-17,台南市,官田區,10,3073,21.71
93711,2022-07-16,台南市,官田區,25,3063,22.57
94099,2022-07-15,台南市,官田區,25,3038,23.57
94486,2022-07-14,台南市,官田區,9,3013,23.71
94875,2022-07-13,台南市,官田區,25,3004,26.14
95263,2022-07-12,台南市,官田區,25,2979,28.86
95651,2022-07-11,台南市,官田區,33,2954,31.00
96038,2022-07-10,台南市,官田區,16,2921,34.29
96423,2022-07-09,台南市,官田區,32,2905,35.00
96810,2022-07-08,台南市,官田區,26,2873,37.14
97201,2022-07-07,台南市,官田區,26,2847,40.71
97592,2022-07-06,台南市,官田區,44,2821,43.57
97980,2022-07-05,台南市,官田區,40,2777,43.14
98370,2022-07-04,台南市,官田區,56,2737,42.71
98759,2022-07-03,台南市,官田區,21,2681,44.14
99142,2022-07-02,台南市,官田區,47,2660,44.43
99532,2022-07-01,台南市,官田區,51,2613,43.71
99924,2022-06-30,台南市,官田區,46,2562,42.29
100315,2022-06-29,台南市,官田區,41,2516,44.43
100705,2022-06-28,台南市,官田區,37,2475,45.29
101096,2022-06-27,台南市,官田區,66,2438,45.71
101483,2022-06-26,台南市,官田區,23,2372,46.86
101870,2022-06-25,台南市,官田區,42,2349,46.86
102259,2022-06-24,台南市,官田區,41,2307,47.71
102650,2022-06-23,台南市,官田區,61,2266,48.86
103043,2022-06-22,台南市,官田區,47,2205,46.57
103432,2022-06-21,台南市,官田區,40,2158,49.57
103824,2022-06-20,台南市,官田區,74,2118,56.14
104214,2022-06-19,台南市,官田區,23,2044,54.29
104605,2022-06-18,台南市,官田區,48,2021,58.57
104996,2022-06-17,台南市,官田區,49,1973,62.00
105386,2022-06-16,台南市,官田區,45,1924,60.43
105776,2022-06-15,台南市,官田區,68,1879,62.57
106166,2022-06-14,台南市,官田區,86,1811,60.29
106558,2022-06-13,台南市,官田區,61,1725,55.71
106948,2022-06-12,台南市,官田區,53,1664,60.71
107335,2022-06-11,台南市,官田區,72,1611,57.57
107727,2022-06-10,台南市,官田區,38,1539,58.00
108116,2022-06-09,台南市,官田區,60,1501,58.86
108505,2022-06-08,台南市,官田區,52,1441,59.14
108895,2022-06-07,台南市,官田區,54,1389,63.00
109287,2022-06-06,台南市,官田區,96,1335,64.71
109677,2022-06-05,台南市,官田區,31,1239,59.86
110066,2022-06-04,台南市,官田區,75,1208,61.00
110456,2022-06-03,台南市,官田區,44,1133,58.71
110847,2022-06-02,台南市,官田區,62,1089,59.29
111237,2022-06-01,台南市,官田區,79,1027,61.86
111629,2022-05-31,台南市,官田區,66,948,56.71
112020,2022-05-30,台南市,官田區,62,882,55.86
112411,2022-05-29,台南市,官田區,39,820,55.00
112802,2022-05-28,台南市,官田區,59,781,54.57
113192,2022-05-27,台南市,官田區,48,722,53.71
113582,2022-05-26,台南市,官田區,80,674,53.00
113973,2022-05-25,台南市,官田區,43,594,45.00
114363,2022-05-24,台南市,官田區,60,551,45.86
114755,2022-05-23,台南市,官田區,56,491,43.57
115146,2022-05-22,台南市,官田區,36,435,37.71
115537,2022-05-21,台南市,官田區,53,399,34.43
115922,2022-05-20,台南市,官田區,43,346,29.57
116310,2022-05-19,台南市,官田區,24,303,27.29
116698,2022-05-18,台南市,官田區,49,279,25.57
117089,2022-05-17,台南市,官田區,44,230,21.43
117478,2022-05-16,台南市,官田區,15,186,16.57
117866,2022-05-15,台南市,官田區,13,171,15.57
118250,2022-05-14,台南市,官田區,19,158,14.71
118635,2022-05-13,台南市,官田區,27,139,13.57
119022,2022-05-12,台南市,官田區,12,112,10.86
119406,2022-05-11,台南市,官田區,20,100,9.71
119791,2022-05-10,台南市,官田區,10,80,7.29
120173,2022-05-09,台南市,官田區,8,70,7.57
120554,2022-05-08,台南市,官田區,7,62,7.00
120939,2022-05-07,台南市,官田區,11,55,6.57
121317,2022-05-06,台南市,官田區,8,44,5.29
121694,2022-05-05,台南市,官田區,4,36,4.29
122062,2022-05-04,台南市,官田區,3,32,3.86
122426,2022-05-03,台南市,官田區,12,29,3.43
122781,2022-05-02,台南市,官田區,4,17,1.86
123125,2022-05-01,台南市,官田區,4,13,1.29
123460,2022-04-30,台南市,官田區,2,9,0.71
123786,2022-04-29,台南市,官田區,1,7,0.43
124102,2022-04-28,台南市,官田區,1,6,0.29
124705,2022-04-26,台南市,官田區,1,5,0.14
126599,2022-04-18,台南市,官田區,1,4,0.29
126769,2022-04-17,台南市,官田區,1,3,0.14
128395,2022-04-05,台南市,官田區,1,2,0.14
129005,2022-03-12,台南市,官田區,1,1,0.14
