UID,個案研判日,縣市別,區域,新增確診人數,累計確診人數,七天移動平均新增確診人數
833,2023-03-20,台南市,後壁區,4,6593,4.00
1147,2023-03-19,台南市,後壁區,1,6589,4.57
1477,2023-03-18,台南市,後壁區,4,6588,4.57
1830,2023-03-17,台南市,後壁區,3,6584,5.29
2178,2023-03-16,台南市,後壁區,6,6581,5.71
2532,2023-03-15,台南市,後壁區,3,6575,6.14
2883,2023-03-14,台南市,後壁區,7,6572,8.29
3240,2023-03-13,台南市,後壁區,8,6565,8.86
3592,2023-03-12,台南市,後壁區,1,6557,10.00
3946,2023-03-11,台南市,後壁區,9,6556,10.43
4296,2023-03-10,台南市,後壁區,6,6547,10.43
4654,2023-03-09,台南市,後壁區,9,6541,10.29
5010,2023-03-08,台南市,後壁區,18,6532,10.29
5364,2023-03-07,台南市,後壁區,11,6514,9.00
5729,2023-03-06,台南市,後壁區,16,6503,9.57
6082,2023-03-05,台南市,後壁區,4,6487,8.71
6425,2023-03-04,台南市,後壁區,9,6483,8.71
6782,2023-03-03,台南市,後壁區,5,6474,9.86
7144,2023-03-02,台南市,後壁區,9,6469,11.14
7509,2023-03-01,台南市,後壁區,9,6460,12.29
7880,2023-02-28,台南市,後壁區,15,6451,13.00
8242,2023-02-27,台南市,後壁區,10,6436,12.71
8587,2023-02-26,台南市,後壁區,4,6426,13.86
8948,2023-02-25,台南市,後壁區,17,6422,14.71
9314,2023-02-24,台南市,後壁區,14,6405,13.86
9679,2023-02-23,台南市,後壁區,17,6391,13.57
10051,2023-02-22,台南市,後壁區,14,6374,11.86
10424,2023-02-21,台南市,後壁區,13,6360,11.57
10796,2023-02-20,台南市,後壁區,18,6347,13.29
11164,2023-02-19,台南市,後壁區,10,6329,12.71
11530,2023-02-18,台南市,後壁區,11,6319,12.00
11898,2023-02-17,台南市,後壁區,12,6308,13.57
12271,2023-02-16,台南市,後壁區,5,6296,13.14
12647,2023-02-15,台南市,後壁區,12,6291,14.86
13022,2023-02-14,台南市,後壁區,25,6279,15.29
13393,2023-02-13,台南市,後壁區,14,6254,15.29
13765,2023-02-12,台南市,後壁區,5,6240,16.00
14129,2023-02-11,台南市,後壁區,22,6235,16.43
14499,2023-02-10,台南市,後壁區,9,6213,14.29
14871,2023-02-09,台南市,後壁區,17,6204,15.43
15253,2023-02-08,台南市,後壁區,15,6187,15.43
15631,2023-02-07,台南市,後壁區,25,6172,16.57
16011,2023-02-06,台南市,後壁區,19,6147,15.57
16385,2023-02-05,台南市,後壁區,8,6128,15.43
16760,2023-02-04,台南市,後壁區,7,6120,16.14
17139,2023-02-03,台南市,後壁區,17,6113,18.14
17526,2023-02-02,台南市,後壁區,17,6096,20.00
17906,2023-02-01,台南市,後壁區,23,6079,19.86
18288,2023-01-31,台南市,後壁區,18,6056,19.14
18673,2023-01-30,台南市,後壁區,18,6038,18.29
19058,2023-01-29,台南市,後壁區,13,6020,16.86
19436,2023-01-28,台南市,後壁區,21,6007,16.43
19812,2023-01-27,台南市,後壁區,30,5986,15.71
20191,2023-01-26,台南市,後壁區,16,5956,14.14
20562,2023-01-25,台南市,後壁區,18,5940,12.86
20931,2023-01-24,台南市,後壁區,12,5922,12.14
21299,2023-01-23,台南市,後壁區,8,5910,12.00
21670,2023-01-22,台南市,後壁區,10,5902,11.57
22038,2023-01-21,台南市,後壁區,16,5892,10.86
22408,2023-01-20,台南市,後壁區,19,5876,9.29
22776,2023-01-19,台南市,後壁區,7,5857,7.71
23148,2023-01-18,台南市,後壁區,13,5850,9.29
23514,2023-01-17,台南市,後壁區,11,5837,8.71
23883,2023-01-16,台南市,後壁區,5,5826,9.29
24257,2023-01-15,台南市,後壁區,5,5821,10.14
24623,2023-01-14,台南市,後壁區,5,5816,10.29
24992,2023-01-13,台南市,後壁區,8,5811,11.71
25364,2023-01-12,台南市,後壁區,18,5803,12.57
25735,2023-01-11,台南市,後壁區,9,5785,12.71
26113,2023-01-10,台南市,後壁區,15,5776,14.71
26487,2023-01-09,台南市,後壁區,11,5761,14.86
26856,2023-01-08,台南市,後壁區,6,5750,16.00
27218,2023-01-07,台南市,後壁區,15,5744,17.43
27592,2023-01-06,台南市,後壁區,14,5729,17.29
27971,2023-01-05,台南市,後壁區,19,5715,18.57
28351,2023-01-04,台南市,後壁區,23,5696,16.86
28733,2023-01-03,台南市,後壁區,16,5673,15.71
29111,2023-01-02,台南市,後壁區,19,5657,15.86
29482,2023-01-01,台南市,後壁區,16,5638,14.86
29842,2022-12-31,台南市,後壁區,14,5622,14.00
30209,2022-12-30,台南市,後壁區,23,5608,13.00
30582,2022-12-29,台南市,後壁區,7,5585,11.00
30955,2022-12-28,台南市,後壁區,15,5578,10.71
31328,2022-12-27,台南市,後壁區,17,5563,9.86
31702,2022-12-26,台南市,後壁區,12,5546,8.00
32063,2022-12-25,台南市,後壁區,10,5534,7.71
32425,2022-12-24,台南市,後壁區,7,5524,6.71
32784,2022-12-23,台南市,後壁區,9,5517,6.86
33150,2022-12-22,台南市,後壁區,5,5508,7.86
33516,2022-12-21,台南市,後壁區,9,5503,8.43
33884,2022-12-20,台南市,後壁區,4,5494,8.29
34250,2022-12-19,台南市,後壁區,10,5490,9.86
34609,2022-12-18,台南市,後壁區,3,5480,10.57
34965,2022-12-17,台南市,後壁區,8,5477,10.71
35332,2022-12-16,台南市,後壁區,16,5469,10.57
35693,2022-12-15,台南市,後壁區,9,5453,10.00
36058,2022-12-14,台南市,後壁區,8,5444,10.71
36424,2022-12-13,台南市,後壁區,15,5436,12.14
36802,2022-12-12,台南市,後壁區,15,5421,11.14
37159,2022-12-11,台南市,後壁區,4,5406,10.57
37522,2022-12-10,台南市,後壁區,7,5402,11.43
37888,2022-12-09,台南市,後壁區,12,5395,11.57
38259,2022-12-08,台南市,後壁區,14,5383,11.14
38633,2022-12-07,台南市,後壁區,18,5369,10.14
38998,2022-12-06,台南市,後壁區,8,5351,8.71
39374,2022-12-05,台南市,後壁區,11,5343,10.00
39748,2022-12-04,台南市,後壁區,10,5332,10.43
40115,2022-12-03,台南市,後壁區,8,5322,10.57
40483,2022-12-02,台南市,後壁區,9,5314,11.14
40852,2022-12-01,台南市,後壁區,7,5305,11.71
41225,2022-11-30,台南市,後壁區,8,5298,11.86
41600,2022-11-29,台南市,後壁區,17,5290,12.14
41978,2022-11-28,台南市,後壁區,14,5273,13.29
42351,2022-11-27,台南市,後壁區,11,5259,13.43
42706,2022-11-26,台南市,後壁區,12,5248,13.14
43071,2022-11-25,台南市,後壁區,13,5236,13.14
43441,2022-11-24,台南市,後壁區,8,5223,13.00
43808,2022-11-23,台南市,後壁區,10,5215,13.43
44182,2022-11-22,台南市,後壁區,25,5205,15.00
44561,2022-11-21,台南市,後壁區,15,5180,15.71
44936,2022-11-20,台南市,後壁區,9,5165,17.43
45304,2022-11-19,台南市,後壁區,12,5156,17.43
45673,2022-11-18,台南市,後壁區,12,5144,18.43
46047,2022-11-17,台南市,後壁區,11,5132,19.00
46423,2022-11-16,台南市,後壁區,21,5121,19.43
46805,2022-11-15,台南市,後壁區,30,5100,18.57
47183,2022-11-14,台南市,後壁區,27,5070,17.43
47560,2022-11-13,台南市,後壁區,9,5043,15.29
47933,2022-11-12,台南市,後壁區,19,5034,15.71
48311,2022-11-11,台南市,後壁區,16,5015,15.14
48691,2022-11-10,台南市,後壁區,14,4999,14.71
49074,2022-11-09,台南市,後壁區,15,4985,15.29
49461,2022-11-08,台南市,後壁區,22,4970,15.14
49846,2022-11-07,台南市,後壁區,12,4948,14.43
50222,2022-11-06,台南市,後壁區,12,4936,16.14
50593,2022-11-05,台南市,後壁區,15,4924,15.86
50977,2022-11-04,台南市,後壁區,13,4909,19.29
51360,2022-11-03,台南市,後壁區,18,4896,20.14
51740,2022-11-02,台南市,後壁區,14,4878,21.43
52127,2022-11-01,台南市,後壁區,17,4864,24.43
52510,2022-10-31,台南市,後壁區,24,4847,26.00
52891,2022-10-30,台南市,後壁區,10,4823,27.57
53270,2022-10-29,台南市,後壁區,39,4813,27.86
53654,2022-10-28,台南市,後壁區,19,4774,27.86
54040,2022-10-27,台南市,後壁區,27,4755,29.57
54425,2022-10-26,台南市,後壁區,35,4728,31.00
54811,2022-10-25,台南市,後壁區,28,4693,32.29
55202,2022-10-24,台南市,後壁區,35,4665,33.43
55586,2022-10-23,台南市,後壁區,12,4630,35.14
55968,2022-10-22,台南市,後壁區,39,4618,35.43
56354,2022-10-21,台南市,後壁區,31,4579,35.00
56740,2022-10-20,台南市,後壁區,37,4548,36.86
57127,2022-10-19,台南市,後壁區,44,4511,39.29
57515,2022-10-18,台南市,後壁區,36,4467,39.71
57905,2022-10-17,台南市,後壁區,47,4431,41.29
58293,2022-10-16,台南市,後壁區,14,4384,38.43
58679,2022-10-15,台南市,後壁區,36,4370,39.43
59065,2022-10-14,台南市,後壁區,44,4334,38.43
59454,2022-10-13,台南市,後壁區,54,4290,36.57
59845,2022-10-12,台南市,後壁區,47,4236,33.43
60235,2022-10-11,台南市,後壁區,47,4189,31.43
60625,2022-10-10,台南市,後壁區,27,4142,31.14
61008,2022-10-09,台南市,後壁區,21,4115,34.00
61397,2022-10-08,台南市,後壁區,29,4094,35.00
61786,2022-10-07,台南市,後壁區,31,4065,35.29
62173,2022-10-06,台南市,後壁區,32,4034,35.57
62564,2022-10-05,台南市,後壁區,33,4002,34.86
62951,2022-10-04,台南市,後壁區,45,3969,35.00
63340,2022-10-03,台南市,後壁區,47,3924,32.43
63729,2022-10-02,台南市,後壁區,28,3877,31.71
64111,2022-10-01,台南市,後壁區,31,3849,30.86
64497,2022-09-30,台南市,後壁區,33,3818,30.86
64882,2022-09-29,台南市,後壁區,27,3785,28.29
65271,2022-09-28,台南市,後壁區,34,3758,27.71
65658,2022-09-27,台南市,後壁區,27,3724,26.71
66044,2022-09-26,台南市,後壁區,42,3697,24.57
66431,2022-09-25,台南市,後壁區,22,3655,22.71
66815,2022-09-24,台南市,後壁區,31,3633,20.71
67201,2022-09-23,台南市,後壁區,15,3602,21.29
67588,2022-09-22,台南市,後壁區,23,3587,21.29
67977,2022-09-21,台南市,後壁區,27,3564,20.57
68366,2022-09-20,台南市,後壁區,12,3537,20.43
68756,2022-09-19,台南市,後壁區,29,3525,21.86
69146,2022-09-18,台南市,後壁區,8,3496,22.00
69529,2022-09-17,台南市,後壁區,35,3488,23.71
69916,2022-09-16,台南市,後壁區,15,3453,22.14
70301,2022-09-15,台南市,後壁區,18,3438,23.29
70688,2022-09-14,台南市,後壁區,26,3420,22.71
71074,2022-09-13,台南市,後壁區,22,3394,22.14
71463,2022-09-12,台南市,後壁區,30,3372,21.00
71850,2022-09-11,台南市,後壁區,20,3342,19.57
72232,2022-09-10,台南市,後壁區,24,3322,17.43
72614,2022-09-09,台南市,後壁區,23,3298,16.43
72998,2022-09-08,台南市,後壁區,14,3275,16.57
73384,2022-09-07,台南市,後壁區,22,3261,17.86
73769,2022-09-06,台南市,後壁區,14,3239,19.57
74155,2022-09-05,台南市,後壁區,20,3225,21.29
74539,2022-09-04,台南市,後壁區,5,3205,22.86
74923,2022-09-03,台南市,後壁區,17,3200,24.14
75311,2022-09-02,台南市,後壁區,24,3183,23.71
75697,2022-09-01,台南市,後壁區,23,3159,21.57
76086,2022-08-31,台南市,後壁區,34,3136,19.71
76473,2022-08-30,台南市,後壁區,26,3102,17.71
76861,2022-08-29,台南市,後壁區,31,3076,17.43
77248,2022-08-28,台南市,後壁區,14,3045,15.29
77633,2022-08-27,台南市,後壁區,14,3031,15.29
78019,2022-08-26,台南市,後壁區,9,3017,14.29
78403,2022-08-25,台南市,後壁區,10,3008,13.86
78788,2022-08-24,台南市,後壁區,20,2998,14.29
79175,2022-08-23,台南市,後壁區,24,2978,14.14
79560,2022-08-22,台南市,後壁區,16,2954,13.29
79944,2022-08-21,台南市,後壁區,14,2938,13.71
80324,2022-08-20,台南市,後壁區,7,2924,13.14
80708,2022-08-19,台南市,後壁區,6,2917,12.57
81094,2022-08-18,台南市,後壁區,13,2911,12.86
81483,2022-08-17,台南市,後壁區,19,2898,12.57
81868,2022-08-16,台南市,後壁區,18,2879,11.29
82255,2022-08-15,台南市,後壁區,19,2861,11.29
82638,2022-08-14,台南市,後壁區,10,2842,11.00
83015,2022-08-13,台南市,後壁區,3,2832,10.71
83397,2022-08-12,台南市,後壁區,8,2829,13.86
83781,2022-08-11,台南市,後壁區,11,2821,14.14
84168,2022-08-10,台南市,後壁區,10,2810,15.71
84551,2022-08-09,台南市,後壁區,18,2800,16.43
84937,2022-08-08,台南市,後壁區,17,2782,16.43
85316,2022-08-07,台南市,後壁區,8,2765,17.00
85691,2022-08-06,台南市,後壁區,25,2757,17.86
86075,2022-08-05,台南市,後壁區,10,2732,17.71
86461,2022-08-04,台南市,後壁區,22,2722,19.71
86846,2022-08-03,台南市,後壁區,15,2700,19.57
87228,2022-08-02,台南市,後壁區,18,2685,18.86
87615,2022-08-01,台南市,後壁區,21,2667,18.14
87998,2022-07-31,台南市,後壁區,14,2646,18.14
88375,2022-07-30,台南市,後壁區,24,2632,17.71
88756,2022-07-29,台南市,後壁區,24,2608,17.14
89142,2022-07-28,台南市,後壁區,21,2584,16.29
89529,2022-07-27,台南市,後壁區,10,2563,16.57
89919,2022-07-26,台南市,後壁區,13,2553,18.71
90306,2022-07-25,台南市,後壁區,21,2540,20.43
90686,2022-07-24,台南市,後壁區,11,2519,19.86
91066,2022-07-23,台南市,後壁區,20,2508,20.29
91452,2022-07-22,台南市,後壁區,18,2488,19.29
91838,2022-07-21,台南市,後壁區,23,2470,18.29
92220,2022-07-20,台南市,後壁區,25,2447,16.86
92609,2022-07-19,台南市,後壁區,25,2422,15.00
92998,2022-07-18,台南市,後壁區,17,2397,13.00
93384,2022-07-17,台南市,後壁區,14,2380,14.00
93763,2022-07-16,台南市,後壁區,13,2366,13.57
94151,2022-07-15,台南市,後壁區,11,2353,14.14
94538,2022-07-14,台南市,後壁區,13,2342,15.43
94927,2022-07-13,台南市,後壁區,12,2329,15.14
95314,2022-07-12,台南市,後壁區,11,2317,17.86
95703,2022-07-11,台南市,後壁區,24,2306,20.57
96089,2022-07-10,台南市,後壁區,11,2282,21.43
96475,2022-07-09,台南市,後壁區,17,2271,22.43
96862,2022-07-08,台南市,後壁區,20,2254,24.57
97253,2022-07-07,台南市,後壁區,11,2234,25.14
97643,2022-07-06,台南市,後壁區,31,2223,28.00
98032,2022-07-05,台南市,後壁區,30,2192,27.86
98421,2022-07-04,台南市,後壁區,30,2162,30.00
98811,2022-07-03,台南市,後壁區,18,2132,30.43
99193,2022-07-02,台南市,後壁區,32,2114,32.00
99584,2022-07-01,台南市,後壁區,24,2082,32.71
99976,2022-06-30,台南市,後壁區,31,2058,34.14
100367,2022-06-29,台南市,後壁區,30,2027,37.14
100757,2022-06-28,台南市,後壁區,45,1997,38.00
101148,2022-06-27,台南市,後壁區,33,1952,35.29
101535,2022-06-26,台南市,後壁區,29,1919,39.14
101922,2022-06-25,台南市,後壁區,37,1890,38.43
102310,2022-06-24,台南市,後壁區,34,1853,40.00
102702,2022-06-23,台南市,後壁區,52,1819,42.43
103095,2022-06-22,台南市,後壁區,36,1767,40.86
103484,2022-06-21,台南市,後壁區,26,1731,41.43
103876,2022-06-20,台南市,後壁區,60,1705,45.86
104266,2022-06-19,台南市,後壁區,24,1645,42.57
104657,2022-06-18,台南市,後壁區,48,1621,43.71
105048,2022-06-17,台南市,後壁區,51,1573,46.43
105438,2022-06-16,台南市,後壁區,41,1522,44.43
105828,2022-06-15,台南市,後壁區,40,1481,48.00
106218,2022-06-14,台南市,後壁區,57,1441,54.57
106610,2022-06-13,台南市,後壁區,37,1384,52.29
107000,2022-06-12,台南市,後壁區,32,1347,56.57
107387,2022-06-11,台南市,後壁區,67,1315,58.43
107779,2022-06-10,台南市,後壁區,37,1248,53.43
108168,2022-06-09,台南市,後壁區,66,1211,56.57
108557,2022-06-08,台南市,後壁區,86,1145,51.71
108947,2022-06-07,台南市,後壁區,41,1059,45.29
109339,2022-06-06,台南市,後壁區,67,1018,47.86
109729,2022-06-05,台南市,後壁區,45,951,45.86
110118,2022-06-04,台南市,後壁區,32,906,43.57
110508,2022-06-03,台南市,後壁區,59,874,44.14
110899,2022-06-02,台南市,後壁區,32,815,41.14
111289,2022-06-01,台南市,後壁區,41,783,47.43
111681,2022-05-31,台南市,後壁區,59,742,46.43
112072,2022-05-30,台南市,後壁區,53,683,42.29
112463,2022-05-29,台南市,後壁區,29,630,39.71
112853,2022-05-28,台南市,後壁區,36,601,39.86
113244,2022-05-27,台南市,後壁區,38,565,38.86
113634,2022-05-26,台南市,後壁區,76,527,36.57
114025,2022-05-25,台南市,後壁區,34,451,30.00
114415,2022-05-24,台南市,後壁區,30,417,28.86
114807,2022-05-23,台南市,後壁區,35,387,27.14
115198,2022-05-22,台南市,後壁區,30,352,29.86
115589,2022-05-21,台南市,後壁區,29,322,26.57
115974,2022-05-20,台南市,後壁區,22,293,25.00
116362,2022-05-19,台南市,後壁區,30,271,25.43
116750,2022-05-18,台南市,後壁區,26,241,23.29
117141,2022-05-17,台南市,後壁區,18,215,21.57
117529,2022-05-16,台南市,後壁區,54,197,20.14
117917,2022-05-15,台南市,後壁區,7,143,14.43
118301,2022-05-14,台南市,後壁區,18,136,14.14
118686,2022-05-13,台南市,後壁區,25,118,13.86
119074,2022-05-12,台南市,後壁區,15,93,10.43
119456,2022-05-11,台南市,後壁區,14,78,8.43
119843,2022-05-10,台南市,後壁區,8,64,6.57
120225,2022-05-09,台南市,後壁區,14,56,5.57
120605,2022-05-08,台南市,後壁區,5,42,3.86
120991,2022-05-07,台南市,後壁區,16,37,3.29
121369,2022-05-06,台南市,後壁區,1,21,1.29
121743,2022-05-05,台南市,後壁區,1,20,1.29
122111,2022-05-04,台南市,後壁區,1,19,1.14
122474,2022-05-03,台南市,後壁區,1,18,1.14
122829,2022-05-02,台南市,後壁區,2,17,1.71
123167,2022-05-01,台南市,後壁區,1,15,1.57
123503,2022-04-30,台南市,後壁區,2,14,1.43
123828,2022-04-29,台南市,後壁區,1,12,1.14
124446,2022-04-27,台南市,後壁區,1,11,1.14
124742,2022-04-26,台南市,後壁區,5,10,1.00
125022,2022-04-25,台南市,後壁區,1,5,0.29
126005,2022-04-21,台南市,後壁區,1,4,0.43
127108,2022-04-15,台南市,後壁區,2,3,0.43
127277,2022-04-14,台南市,後壁區,1,1,0.14
