UID,個案研判日,縣市別,區域,新增確診人數,累計確診人數,七天移動平均新增確診人數
746,2023-03-20,台南市,白河區,3,6692,6.14
1045,2023-03-19,台南市,白河區,2,6689,7.57
1373,2023-03-18,台南市,白河區,8,6687,7.71
1714,2023-03-17,台南市,白河區,9,6679,7.43
2067,2023-03-16,台南市,白河區,6,6670,7.14
2421,2023-03-15,台南市,白河區,12,6664,6.57
2770,2023-03-14,台南市,白河區,3,6652,6.14
3129,2023-03-13,台南市,白河區,13,6649,6.29
3483,2023-03-12,台南市,白河區,3,6636,5.57
3833,2023-03-11,台南市,白河區,6,6633,6.00
4183,2023-03-10,台南市,白河區,7,6627,6.43
4540,2023-03-09,台南市,白河區,2,6620,7.00
4897,2023-03-08,台南市,白河區,9,6618,8.14
5252,2023-03-07,台南市,白河區,4,6609,8.43
5614,2023-03-06,台南市,白河區,8,6605,9.14
5975,2023-03-05,台南市,白河區,6,6597,9.14
6314,2023-03-04,台南市,白河區,9,6591,9.29
6668,2023-03-03,台南市,白河區,11,6582,8.86
7028,2023-03-02,台南市,白河區,10,6571,8.71
7392,2023-03-01,台南市,白河區,11,6561,9.14
7764,2023-02-28,台南市,白河區,9,6550,8.43
8128,2023-02-27,台南市,白河區,8,6541,9.57
8483,2023-02-26,台南市,白河區,7,6533,12.86
8831,2023-02-25,台南市,白河區,6,6526,12.71
9200,2023-02-24,台南市,白河區,10,6520,12.86
9562,2023-02-23,台南市,白河區,13,6510,13.71
9932,2023-02-22,台南市,白河區,6,6497,13.29
10307,2023-02-21,台南市,白河區,17,6491,13.86
10677,2023-02-20,台南市,白河區,31,6474,12.57
11054,2023-02-19,台南市,白河區,6,6443,10.43
11414,2023-02-18,台南市,白河區,7,6437,9.71
11781,2023-02-17,台南市,白河區,16,6430,10.29
12154,2023-02-16,台南市,白河區,10,6414,9.14
12528,2023-02-15,台南市,白河區,10,6404,9.14
12901,2023-02-14,台南市,白河區,8,6394,9.43
13273,2023-02-13,台南市,白河區,16,6386,9.43
13652,2023-02-12,台南市,白河區,1,6370,8.71
14009,2023-02-11,台南市,白河區,11,6369,9.00
14381,2023-02-10,台南市,白河區,8,6358,8.71
14754,2023-02-09,台南市,白河區,10,6350,9.00
15132,2023-02-08,台南市,白河區,12,6340,9.71
15512,2023-02-07,台南市,白河區,8,6328,10.29
15890,2023-02-06,台南市,白河區,11,6320,12.29
16269,2023-02-05,台南市,白河區,3,6309,13.14
16640,2023-02-04,台南市,白河區,9,6306,14.00
17020,2023-02-03,台南市,白河區,10,6297,14.57
17405,2023-02-02,台南市,白河區,15,6287,15.00
17788,2023-02-01,台南市,白河區,16,6272,14.43
18166,2023-01-31,台南市,白河區,22,6256,13.14
18550,2023-01-30,台南市,白河區,17,6234,10.86
18937,2023-01-29,台南市,白河區,9,6217,10.29
19315,2023-01-28,台南市,白河區,13,6208,10.29
19692,2023-01-27,台南市,白河區,13,6195,10.00
20072,2023-01-26,台南市,白河區,11,6182,9.57
20445,2023-01-25,台南市,白河區,7,6171,11.29
20812,2023-01-24,台南市,白河區,6,6164,12.14
21186,2023-01-23,台南市,白河區,13,6158,13.00
21554,2023-01-22,台南市,白河區,9,6145,13.71
21919,2023-01-21,台南市,白河區,11,6136,13.43
22292,2023-01-20,台南市,白河區,10,6125,13.57
22658,2023-01-19,台南市,白河區,23,6115,13.86
23031,2023-01-18,台南市,白河區,13,6092,12.29
23399,2023-01-17,台南市,白河區,12,6079,11.57
23766,2023-01-16,台南市,白河區,18,6067,11.43
24141,2023-01-15,台南市,白河區,7,6049,10.57
24507,2023-01-14,台南市,白河區,12,6042,10.29
24874,2023-01-13,台南市,白河區,12,6030,9.57
25243,2023-01-12,台南市,白河區,12,6018,9.57
25618,2023-01-11,台南市,白河區,8,6006,9.86
25994,2023-01-10,台南市,白河區,11,5998,11.57
26367,2023-01-09,台南市,白河區,12,5987,12.43
26742,2023-01-08,台南市,白河區,5,5975,13.43
27103,2023-01-07,台南市,白河區,7,5970,13.14
27474,2023-01-06,台南市,白河區,12,5963,14.29
27851,2023-01-05,台南市,白河區,14,5951,14.00
28230,2023-01-04,台南市,白河區,20,5937,15.29
28611,2023-01-03,台南市,白河區,17,5917,13.57
28991,2023-01-02,台南市,白河區,19,5900,12.86
29365,2023-01-01,台南市,白河區,3,5881,12.57
29726,2022-12-31,台南市,白河區,15,5878,12.71
30091,2022-12-30,台南市,白河區,10,5863,11.71
30466,2022-12-29,台南市,白河區,23,5853,11.43
30837,2022-12-28,台南市,白河區,8,5830,9.71
31207,2022-12-27,台南市,白河區,12,5822,9.57
31583,2022-12-26,台南市,白河區,17,5810,9.29
31952,2022-12-25,台南市,白河區,4,5793,9.29
32309,2022-12-24,台南市,白河區,8,5789,9.71
32668,2022-12-23,台南市,白河區,8,5781,10.00
33034,2022-12-22,台南市,白河區,11,5773,10.57
33400,2022-12-21,台南市,白河區,7,5762,10.57
33769,2022-12-20,台南市,白河區,10,5755,11.43
34134,2022-12-19,台南市,白河區,17,5745,11.57
34503,2022-12-18,台南市,白河區,7,5728,11.14
34851,2022-12-17,台南市,白河區,10,5721,10.57
35213,2022-12-16,台南市,白河區,12,5711,11.43
35577,2022-12-15,台南市,白河區,11,5699,11.43
35946,2022-12-14,台南市,白河區,13,5688,10.57
36305,2022-12-13,台南市,白河區,11,5675,10.71
36683,2022-12-12,台南市,白河區,14,5664,11.57
37049,2022-12-11,台南市,白河區,3,5650,11.57
37405,2022-12-10,台南市,白河區,16,5647,12.29
37774,2022-12-09,台南市,白河區,12,5631,12.14
38138,2022-12-08,台南市,白河區,5,5619,12.71
38511,2022-12-07,台南市,白河區,14,5614,13.86
38882,2022-12-06,台南市,白河區,17,5600,14.57
39256,2022-12-05,台南市,白河區,14,5583,13.86
39633,2022-12-04,台南市,白河區,8,5569,13.86
39998,2022-12-03,台南市,白河區,15,5561,13.29
40369,2022-12-02,台南市,白河區,16,5546,12.43
40734,2022-12-01,台南市,白河區,13,5530,11.43
41107,2022-11-30,台南市,白河區,19,5517,11.14
41479,2022-11-29,台南市,白河區,12,5498,9.71
41859,2022-11-28,台南市,白河區,14,5486,10.43
42236,2022-11-27,台南市,白河區,4,5472,9.86
42594,2022-11-26,台南市,白河區,9,5468,9.43
42954,2022-11-25,台南市,白河區,9,5459,8.71
43323,2022-11-24,台南市,白河區,11,5450,8.43
43692,2022-11-23,台南市,白河區,9,5439,8.29
44066,2022-11-22,台南市,白河區,17,5430,8.57
44441,2022-11-21,台南市,白河區,10,5413,8.14
44821,2022-11-20,台南市,白河區,1,5403,11.14
45186,2022-11-19,台南市,白河區,4,5402,11.86
45559,2022-11-18,台南市,白河區,7,5398,11.86
45932,2022-11-17,台南市,白河區,10,5391,14.29
46304,2022-11-16,台南市,白河區,11,5381,16.57
46686,2022-11-15,台南市,白河區,14,5370,18.86
47064,2022-11-14,台南市,白河區,31,5356,19.29
47444,2022-11-13,台南市,白河區,6,5325,18.71
47816,2022-11-12,台南市,白河區,4,5319,19.86
48192,2022-11-11,台南市,白河區,24,5315,23.86
48571,2022-11-10,台南市,白河區,26,5291,24.00
48954,2022-11-09,台南市,白河區,27,5265,23.71
49340,2022-11-08,台南市,白河區,17,5238,23.57
49725,2022-11-07,台南市,白河區,27,5221,24.86
50107,2022-11-06,台南市,白河區,14,5194,25.86
50477,2022-11-05,台南市,白河區,32,5180,24.86
50854,2022-11-04,台南市,白河區,25,5148,23.43
51240,2022-11-03,台南市,白河區,24,5123,24.57
51618,2022-11-02,台南市,白河區,26,5099,24.57
52006,2022-11-01,台南市,白河區,26,5073,23.71
52390,2022-10-31,台南市,白河區,34,5047,25.86
52774,2022-10-30,台南市,白河區,7,5013,23.71
53151,2022-10-29,台南市,白河區,22,5006,24.43
53532,2022-10-28,台南市,白河區,33,4984,24.86
53919,2022-10-27,台南市,白河區,24,4951,23.00
54304,2022-10-26,台南市,白河區,20,4927,22.57
54689,2022-10-25,台南市,白河區,41,4907,24.00
55079,2022-10-24,台南市,白河區,19,4866,22.29
55467,2022-10-23,台南市,白河區,12,4847,28.71
55846,2022-10-22,台南市,白河區,25,4835,28.71
56231,2022-10-21,台南市,白河區,20,4810,31.57
56621,2022-10-20,台南市,白河區,21,4790,34.43
57005,2022-10-19,台南市,白河區,30,4769,37.71
57393,2022-10-18,台南市,白河區,29,4739,36.57
57782,2022-10-17,台南市,白河區,64,4710,38.57
58172,2022-10-16,台南市,白河區,12,4646,35.43
58556,2022-10-15,台南市,白河區,45,4634,34.86
58942,2022-10-14,台南市,白河區,40,4589,32.57
59331,2022-10-13,台南市,白河區,44,4549,32.14
59722,2022-10-12,台南市,白河區,22,4505,33.71
60112,2022-10-11,台南市,白河區,43,4483,34.43
60502,2022-10-10,台南市,白河區,42,4440,37.86
60887,2022-10-09,台南市,白河區,8,4398,34.71
61275,2022-10-08,台南市,白河區,29,4390,35.14
61663,2022-10-07,台南市,白河區,37,4361,34.86
62050,2022-10-06,台南市,白河區,55,4324,33.71
62442,2022-10-05,台南市,白河區,27,4269,29.71
62829,2022-10-04,台南市,白河區,67,4242,29.00
63217,2022-10-03,台南市,白河區,20,4175,24.43
63608,2022-10-02,台南市,白河區,11,4155,28.00
63989,2022-10-01,台南市,白河區,27,4144,27.86
64375,2022-09-30,台南市,白河區,29,4117,26.71
64760,2022-09-29,台南市,白河區,27,4088,24.71
65148,2022-09-28,台南市,白河區,22,4061,23.29
65536,2022-09-27,台南市,白河區,35,4039,24.14
65923,2022-09-26,台南市,白河區,45,4004,22.86
66310,2022-09-25,台南市,白河區,10,3959,22.57
66695,2022-09-24,台南市,白河區,19,3949,22.86
67078,2022-09-23,台南市,白河區,15,3930,23.00
67466,2022-09-22,台南市,白河區,17,3915,24.29
67854,2022-09-21,台南市,白河區,28,3898,24.86
68243,2022-09-20,台南市,白河區,26,3870,24.57
68633,2022-09-19,台南市,白河區,43,3844,22.57
69023,2022-09-18,台南市,白河區,12,3801,22.14
69406,2022-09-17,台南市,白河區,20,3789,21.43
69794,2022-09-16,台南市,白河區,24,3769,20.57
70179,2022-09-15,台南市,白河區,21,3745,19.14
70565,2022-09-14,台南市,白河區,26,3724,18.43
70951,2022-09-13,台南市,白河區,12,3698,16.43
71340,2022-09-12,台南市,白河區,40,3686,17.00
71729,2022-09-11,台南市,白河區,7,3646,14.29
72111,2022-09-10,台南市,白河區,14,3639,14.71
72493,2022-09-09,台南市,白河區,14,3625,14.43
72875,2022-09-08,台南市,白河區,16,3611,14.43
73262,2022-09-07,台南市,白河區,12,3595,15.29
73646,2022-09-06,台南市,白河區,16,3583,15.71
74032,2022-09-05,台南市,白河區,21,3567,15.29
74418,2022-09-04,台南市,白河區,10,3546,14.86
74801,2022-09-03,台南市,白河區,12,3536,14.43
75188,2022-09-02,台南市,白河區,14,3524,15.00
75574,2022-09-01,台南市,白河區,22,3510,15.00
75963,2022-08-31,台南市,白河區,15,3488,14.29
76350,2022-08-30,台南市,白河區,13,3473,14.57
76738,2022-08-29,台南市,白河區,18,3460,14.86
77127,2022-08-28,台南市,白河區,7,3442,16.43
77510,2022-08-27,台南市,白河區,16,3435,16.00
77896,2022-08-26,台南市,白河區,14,3419,15.43
78281,2022-08-25,台南市,白河區,17,3405,14.71
78668,2022-08-24,台南市,白河區,17,3388,14.86
79054,2022-08-23,台南市,白河區,15,3371,14.43
79437,2022-08-22,台南市,白河區,29,3356,13.57
79826,2022-08-21,台南市,白河區,4,3327,12.14
80203,2022-08-20,台南市,白河區,12,3323,11.71
80587,2022-08-19,台南市,白河區,9,3311,12.29
80971,2022-08-18,台南市,白河區,18,3302,12.57
81361,2022-08-17,台南市,白河區,14,3284,11.29
81745,2022-08-16,台南市,白河區,9,3270,11.29
82132,2022-08-15,台南市,白河區,19,3261,10.86
82519,2022-08-14,台南市,白河區,1,3242,10.14
82896,2022-08-13,台南市,白河區,16,3241,11.71
83275,2022-08-12,台南市,白河區,11,3225,12.43
83661,2022-08-11,台南市,白河區,9,3214,12.14
84047,2022-08-10,台南市,白河區,14,3205,13.00
84433,2022-08-09,台南市,白河區,6,3191,13.43
84815,2022-08-08,台南市,白河區,14,3185,16.29
85198,2022-08-07,台南市,白河區,12,3171,16.43
85573,2022-08-06,台南市,白河區,21,3159,15.29
85953,2022-08-05,台南市,白河區,9,3138,15.00
86339,2022-08-04,台南市,白河區,15,3129,15.57
86724,2022-08-03,台南市,白河區,17,3114,16.57
87107,2022-08-02,台南市,白河區,26,3097,16.14
87492,2022-08-01,台南市,白河區,15,3071,16.43
87879,2022-07-31,台南市,白河區,4,3056,18.57
88255,2022-07-30,台南市,白河區,19,3052,19.43
88633,2022-07-29,台南市,白河區,13,3033,20.00
89020,2022-07-28,台南市,白河區,22,3020,20.43
89406,2022-07-27,台南市,白河區,14,2998,20.29
89796,2022-07-26,台南市,白河區,28,2984,21.14
90183,2022-07-25,台南市,白河區,30,2956,19.43
90567,2022-07-24,台南市,白河區,10,2926,18.71
90944,2022-07-23,台南市,白河區,23,2916,19.29
91329,2022-07-22,台南市,白河區,16,2893,19.43
91715,2022-07-21,台南市,白河區,21,2877,19.86
92099,2022-07-20,台南市,白河區,20,2856,20.71
92486,2022-07-19,台南市,白河區,16,2836,20.43
92875,2022-07-18,台南市,白河區,25,2820,21.86
93262,2022-07-17,台南市,白河區,14,2795,21.71
93642,2022-07-16,台南市,白河區,24,2781,21.43
94028,2022-07-15,台南市,白河區,19,2757,21.71
94415,2022-07-14,台南市,白河區,27,2738,22.00
94804,2022-07-13,台南市,白河區,18,2711,21.14
95193,2022-07-12,台南市,白河區,26,2693,22.71
95580,2022-07-11,台南市,白河區,24,2667,22.14
95968,2022-07-10,台南市,白河區,12,2643,23.57
96352,2022-07-09,台南市,白河區,26,2631,24.29
96739,2022-07-08,台南市,白河區,21,2605,25.86
97130,2022-07-07,台南市,白河區,21,2584,29.57
97521,2022-07-06,台南市,白河區,29,2563,34.43
97910,2022-07-05,台南市,白河區,22,2534,37.57
98299,2022-07-04,台南市,白河區,34,2512,42.14
98688,2022-07-03,台南市,白河區,17,2478,48.57
99072,2022-07-02,台南市,白河區,37,2461,48.86
99461,2022-07-01,台南市,白河區,47,2424,49.00
99853,2022-06-30,台南市,白河區,55,2377,46.29
100244,2022-06-29,台南市,白河區,51,2322,46.29
100634,2022-06-28,台南市,白河區,54,2271,45.29
101025,2022-06-27,台南市,白河區,79,2217,45.57
101413,2022-06-26,台南市,白河區,19,2138,46.86
101799,2022-06-25,台南市,白河區,38,2119,48.57
102189,2022-06-24,台南市,白河區,28,2081,51.71
102580,2022-06-23,台南市,白河區,55,2053,57.14
102972,2022-06-22,台南市,白河區,44,1998,59.86
103362,2022-06-21,台南市,白河區,56,1954,64.71
103753,2022-06-20,台南市,白河區,88,1898,69.14
104144,2022-06-19,台南市,白河區,31,1810,69.71
104534,2022-06-18,台南市,白河區,60,1779,70.57
104925,2022-06-17,台南市,白河區,66,1719,79.86
105316,2022-06-16,台南市,白河區,74,1653,76.14
105706,2022-06-15,台南市,白河區,78,1579,74.86
106095,2022-06-14,台南市,白河區,87,1501,73.43
106487,2022-06-13,台南市,白河區,92,1414,70.29
106877,2022-06-12,台南市,白河區,37,1322,70.14
107264,2022-06-11,台南市,白河區,125,1285,69.00
107656,2022-06-10,台南市,白河區,40,1160,59.86
108045,2022-06-09,台南市,白河區,65,1120,60.86
108435,2022-06-08,台南市,白河區,68,1055,57.71
108824,2022-06-07,台南市,白河區,65,987,55.14
109216,2022-06-06,台南市,白河區,91,922,52.57
109606,2022-06-05,台南市,白河區,29,831,45.71
109995,2022-06-04,台南市,白河區,61,802,44.71
110385,2022-06-03,台南市,白河區,47,741,39.57
110776,2022-06-02,台南市,白河區,43,694,38.14
111166,2022-06-01,台南市,白河區,50,651,37.00
111558,2022-05-31,台南市,白河區,47,601,32.86
111949,2022-05-30,台南市,白河區,43,554,30.86
112340,2022-05-29,台南市,白河區,22,511,28.29
112731,2022-05-28,台南市,白河區,25,489,27.86
113121,2022-05-27,台南市,白河區,37,464,27.86
113511,2022-05-26,台南市,白河區,35,427,26.29
113903,2022-05-25,台南市,白河區,21,392,25.43
114292,2022-05-24,台南市,白河區,33,371,24.71
114684,2022-05-23,台南市,白河區,25,338,23.57
115075,2022-05-22,台南市,白河區,19,313,21.86
115466,2022-05-21,台南市,白河區,25,294,20.00
115851,2022-05-20,台南市,白河區,26,269,18.14
116239,2022-05-19,台南市,白河區,29,243,18.57
116628,2022-05-18,台南市,白河區,16,214,16.71
117018,2022-05-17,台南市,白河區,25,198,16.14
117407,2022-05-16,台南市,白河區,13,173,13.71
117796,2022-05-15,台南市,白河區,6,160,13.14
118181,2022-05-14,台南市,白河區,12,154,12.71
118565,2022-05-13,台南市,白河區,29,142,11.86
118952,2022-05-12,台南市,白河區,16,113,9.00
119336,2022-05-11,台南市,白河區,12,97,7.71
119721,2022-05-10,台南市,白河區,8,85,6.43
120103,2022-05-09,台南市,白河區,9,77,5.57
120484,2022-05-08,台南市,白河區,3,68,4.86
120868,2022-05-07,台南市,白河區,6,65,4.43
121247,2022-05-06,台南市,白河區,9,59,3.86
121625,2022-05-05,台南市,白河區,7,50,3.00
121995,2022-05-04,台南市,白河區,3,43,2.29
122357,2022-05-03,台南市,白河區,2,40,2.43
122715,2022-05-02,台南市,白河區,4,38,3.57
123399,2022-04-30,台南市,白河區,2,34,3.14
123728,2022-04-29,台南市,白河區,3,32,3.00
124044,2022-04-28,台南市,白河區,2,29,2.57
124357,2022-04-27,台南市,白河區,4,27,2.29
124651,2022-04-26,台南市,白河區,10,23,1.86
125210,2022-04-24,台南市,白河區,1,13,0.43
125454,2022-04-23,台南市,白河區,1,12,0.29
126174,2022-04-20,台南市,白河區,1,11,0.14
129019,2022-03-10,台南市,白河區,1,10,0.14
132188,2021-06-11,台南市,白河區,1,9,0.14
132744,2021-06-03,台南市,白河區,2,8,1.14
132824,2021-06-02,台南市,白河區,2,6,0.86
132904,2021-06-01,台南市,白河區,1,4,0.57
133225,2021-05-28,台南市,白河區,3,3,0.43
