UID,個案研判日,縣市別,區域,新增確診人數,累計確診人數,七天移動平均新增確診人數
1403,2023-03-18,台南市,大內區,3,2180,2.14
1747,2023-03-17,台南市,大內區,3,2177,2.43
2101,2023-03-16,台南市,大內區,2,2174,2.57
2802,2023-03-14,台南市,大內區,2,2172,2.71
3160,2023-03-13,台南市,大內區,4,2170,2.57
3515,2023-03-12,台南市,大內區,1,2166,2.29
3865,2023-03-11,台南市,大內區,5,2165,2.29
4215,2023-03-10,台南市,大內區,4,2160,1.86
4573,2023-03-09,台南市,大內區,1,2156,1.29
4929,2023-03-08,台南市,大內區,2,2155,1.29
5285,2023-03-07,台南市,大內區,1,2153,1.00
5648,2023-03-06,台南市,大內區,2,2152,1.29
6006,2023-03-05,台南市,大內區,1,2150,1.29
6347,2023-03-04,台南市,大內區,2,2149,1.57
7061,2023-03-02,台南市,大內區,1,2147,3.00
7796,2023-02-28,台南市,大內區,3,2146,3.43
8162,2023-02-27,台南市,大內區,2,2143,3.29
8513,2023-02-26,台南市,大內區,3,2141,3.43
8864,2023-02-25,台南市,大內區,6,2138,3.43
9232,2023-02-24,台南市,大內區,6,2132,2.57
9595,2023-02-23,台南市,大內區,3,2126,1.71
9966,2023-02-22,台南市,大內區,1,2123,1.43
10340,2023-02-21,台南市,大內區,2,2122,1.86
10710,2023-02-20,台南市,大內區,3,2120,2.29
11086,2023-02-19,台南市,大內區,3,2117,3.14
12188,2023-02-16,台南市,大內區,1,2114,4.71
12562,2023-02-15,台南市,大內區,4,2113,5.57
12935,2023-02-14,台南市,大內區,5,2109,5.71
13307,2023-02-13,台南市,大內區,9,2104,5.86
13685,2023-02-12,台南市,大內區,6,2095,5.00
14043,2023-02-11,台南市,大內區,5,2089,4.86
14413,2023-02-10,台南市,大內區,3,2084,4.71
14788,2023-02-09,台南市,大內區,7,2081,5.00
15166,2023-02-08,台南市,大內區,5,2074,4.71
15544,2023-02-07,台南市,大內區,6,2069,4.71
15923,2023-02-06,台南市,大內區,3,2063,4.86
16301,2023-02-05,台南市,大內區,5,2060,5.86
16673,2023-02-04,台南市,大內區,4,2055,5.29
17053,2023-02-03,台南市,大內區,5,2051,6.86
17438,2023-02-02,台南市,大內區,5,2046,6.57
17820,2023-02-01,台南市,大內區,5,2041,7.43
18199,2023-01-31,台南市,大內區,7,2036,7.00
18584,2023-01-30,台南市,大內區,10,2029,6.57
18970,2023-01-29,台南市,大內區,1,2019,6.14
19348,2023-01-28,台南市,大內區,15,2018,6.29
19724,2023-01-27,台南市,大內區,3,2003,5.29
20105,2023-01-26,台南市,大內區,11,2000,6.00
20478,2023-01-25,台南市,大內區,2,1989,4.86
20846,2023-01-24,台南市,大內區,4,1987,5.14
21219,2023-01-23,台南市,大內區,7,1983,4.86
21587,2023-01-22,台南市,大內區,2,1976,4.43
21953,2023-01-21,台南市,大內區,8,1974,4.43
22326,2023-01-20,台南市,大內區,8,1966,4.14
22692,2023-01-19,台南市,大內區,3,1958,3.14
23064,2023-01-18,台南市,大內區,4,1955,3.43
23433,2023-01-17,台南市,大內區,2,1951,3.14
23798,2023-01-16,台南市,大內區,4,1949,3.71
24175,2023-01-15,台南市,大內區,2,1945,3.43
24540,2023-01-14,台南市,大內區,6,1943,3.29
24906,2023-01-13,台南市,大內區,1,1937,3.29
25276,2023-01-12,台南市,大內區,5,1936,3.43
25651,2023-01-11,台南市,大內區,2,1931,3.57
26026,2023-01-10,台南市,大內區,6,1929,4.29
26400,2023-01-09,台南市,大內區,2,1923,5.29
26774,2023-01-08,台南市,大內區,1,1921,6.14
27135,2023-01-07,台南市,大內區,6,1920,6.43
27507,2023-01-06,台南市,大內區,2,1914,6.00
27884,2023-01-05,台南市,大內區,6,1912,7.14
28263,2023-01-04,台南市,大內區,7,1906,7.14
28644,2023-01-03,台南市,大內區,13,1899,6.71
29025,2023-01-02,台南市,大內區,8,1886,5.29
29398,2023-01-01,台南市,大內區,3,1878,5.29
29759,2022-12-31,台南市,大內區,3,1875,5.43
30125,2022-12-30,台南市,大內區,10,1872,5.29
30499,2022-12-29,台南市,大內區,6,1862,5.43
30871,2022-12-28,台南市,大內區,4,1856,5.57
31240,2022-12-27,台南市,大內區,3,1852,5.43
31615,2022-12-26,台南市,大內區,8,1849,5.43
31983,2022-12-25,台南市,大內區,4,1841,4.57
32342,2022-12-24,台南市,大內區,2,1837,4.00
32700,2022-12-23,台南市,大內區,11,1835,4.00
33067,2022-12-22,台南市,大內區,7,1824,2.86
33433,2022-12-21,台南市,大內區,3,1817,2.00
33801,2022-12-20,台南市,大內區,3,1814,1.86
34166,2022-12-19,台南市,大內區,2,1811,2.14
34884,2022-12-17,台南市,大內區,2,1809,3.57
35246,2022-12-16,台南市,大內區,3,1807,3.57
35610,2022-12-15,台南市,大內區,1,1804,3.29
35978,2022-12-14,台南市,大內區,2,1803,3.57
36338,2022-12-13,台南市,大內區,5,1801,3.71
36717,2022-12-12,台南市,大內區,9,1796,3.57
37081,2022-12-11,台南市,大內區,3,1787,2.57
37438,2022-12-10,台南市,大內區,2,1784,2.43
37807,2022-12-09,台南市,大內區,1,1782,2.86
38172,2022-12-08,台南市,大內區,3,1781,3.86
38545,2022-12-07,台南市,大內區,3,1778,4.14
38915,2022-12-06,台南市,大內區,4,1775,3.71
39288,2022-12-05,台南市,大內區,2,1771,3.57
39667,2022-12-04,台南市,大內區,2,1769,4.43
40031,2022-12-03,台南市,大內區,5,1767,4.57
40402,2022-12-02,台南市,大內區,8,1762,4.29
40767,2022-12-01,台南市,大內區,5,1754,3.57
41512,2022-11-29,台南市,大內區,3,1749,3.86
41892,2022-11-28,台南市,大內區,8,1746,4.86
42269,2022-11-27,台南市,大內區,3,1738,4.43
42626,2022-11-26,台南市,大內區,3,1735,4.71
42987,2022-11-25,台南市,大內區,3,1732,5.00
43356,2022-11-24,台南市,大內區,5,1729,5.29
43725,2022-11-23,台南市,大內區,2,1724,5.43
44099,2022-11-22,台南市,大內區,10,1722,6.14
44474,2022-11-21,台南市,大內區,5,1712,5.57
44854,2022-11-20,台南市,大內區,5,1707,5.86
45220,2022-11-19,台南市,大內區,5,1702,5.57
45591,2022-11-18,台南市,大內區,5,1697,5.86
45965,2022-11-17,台南市,大內區,6,1692,6.00
46338,2022-11-16,台南市,大內區,7,1686,6.14
46720,2022-11-15,台南市,大內區,6,1679,6.43
47098,2022-11-14,台南市,大內區,7,1673,7.71
47477,2022-11-13,台南市,大內區,3,1666,7.86
47848,2022-11-12,台南市,大內區,7,1663,8.57
48226,2022-11-11,台南市,大內區,6,1656,10.00
48604,2022-11-10,台南市,大內區,7,1650,10.57
48988,2022-11-09,台南市,大內區,9,1643,11.00
49374,2022-11-08,台南市,大內區,15,1634,11.29
49759,2022-11-07,台南市,大內區,8,1619,10.43
50139,2022-11-06,台南市,大內區,8,1611,11.00
50509,2022-11-05,台南市,大內區,17,1603,10.71
50888,2022-11-04,台南市,大內區,10,1586,10.14
51273,2022-11-03,台南市,大內區,10,1576,11.00
51652,2022-11-02,台南市,大內區,11,1566,11.00
52040,2022-11-01,台南市,大內區,9,1555,10.71
52423,2022-10-31,台南市,大內區,12,1546,10.00
52807,2022-10-30,台南市,大內區,6,1534,10.57
53184,2022-10-29,台南市,大內區,13,1528,10.57
53566,2022-10-28,台南市,大內區,16,1515,10.29
53953,2022-10-27,台南市,大內區,10,1499,9.86
54336,2022-10-26,台南市,大內區,9,1489,9.29
54722,2022-10-25,台南市,大內區,4,1480,9.57
55113,2022-10-24,台南市,大內區,16,1476,10.00
55501,2022-10-23,台南市,大內區,6,1460,8.71
55879,2022-10-22,台南市,大內區,11,1454,8.14
56265,2022-10-21,台南市,大內區,13,1443,7.14
56654,2022-10-20,台南市,大內區,6,1430,6.43
57039,2022-10-19,台南市,大內區,11,1424,6.86
57426,2022-10-18,台南市,大內區,7,1413,6.14
57816,2022-10-17,台南市,大內區,7,1406,5.71
58205,2022-10-16,台南市,大內區,2,1399,4.86
58590,2022-10-15,台南市,大內區,4,1397,5.43
58976,2022-10-14,台南市,大內區,8,1393,6.00
59365,2022-10-13,台南市,大內區,9,1385,5.57
59756,2022-10-12,台南市,大內區,6,1376,5.43
60146,2022-10-11,台南市,大內區,4,1370,5.29
60536,2022-10-10,台南市,大內區,1,1366,6.00
60920,2022-10-09,台南市,大內區,6,1365,7.00
61308,2022-10-08,台南市,大內區,8,1359,6.71
61697,2022-10-07,台南市,大內區,5,1351,6.57
62084,2022-10-06,台南市,大內區,8,1346,6.86
62475,2022-10-05,台南市,大內區,5,1338,6.14
62863,2022-10-04,台南市,大內區,9,1333,6.43
63251,2022-10-03,台南市,大內區,8,1324,6.29
63642,2022-10-02,台南市,大內區,4,1316,6.71
64023,2022-10-01,台南市,大內區,7,1312,7.14
64409,2022-09-30,台南市,大內區,7,1305,7.57
64794,2022-09-29,台南市,大內區,3,1298,7.57
65182,2022-09-28,台南市,大內區,7,1295,8.43
65569,2022-09-27,台南市,大內區,8,1288,8.43
65956,2022-09-26,台南市,大內區,11,1280,8.29
66343,2022-09-25,台南市,大內區,7,1269,9.14
66728,2022-09-24,台南市,大內區,10,1262,9.00
67112,2022-09-23,台南市,大內區,7,1252,8.57
67500,2022-09-22,台南市,大內區,9,1245,9.00
67888,2022-09-21,台南市,大內區,7,1236,8.71
68277,2022-09-20,台南市,大內區,7,1229,8.71
68667,2022-09-19,台南市,大內區,17,1222,9.43
69057,2022-09-18,台南市,大內區,6,1205,8.14
69440,2022-09-17,台南市,大內區,7,1199,8.14
69827,2022-09-16,台南市,大內區,10,1192,7.57
70212,2022-09-15,台南市,大內區,7,1182,6.71
70599,2022-09-14,台南市,大內區,7,1175,6.29
70985,2022-09-13,台南市,大內區,12,1168,6.00
71374,2022-09-12,台南市,大內區,8,1156,4.86
71763,2022-09-11,台南市,大內區,6,1148,4.71
72145,2022-09-10,台南市,大內區,3,1142,4.29
72527,2022-09-09,台南市,大內區,4,1139,4.29
72909,2022-09-08,台南市,大內區,4,1135,3.86
73296,2022-09-07,台南市,大內區,5,1131,4.14
73680,2022-09-06,台南市,大內區,4,1126,4.57
74066,2022-09-05,台南市,大內區,7,1122,4.57
74452,2022-09-04,台南市,大內區,3,1115,3.71
74834,2022-09-03,台南市,大內區,3,1112,3.43
75222,2022-09-02,台南市,大內區,1,1109,3.29
75608,2022-09-01,台南市,大內區,6,1108,3.57
75997,2022-08-31,台南市,大內區,8,1102,3.57
76384,2022-08-30,台南市,大內區,4,1094,3.14
76772,2022-08-29,台南市,大內區,1,1090,3.29
77160,2022-08-28,台南市,大內區,1,1089,4.00
77544,2022-08-27,台南市,大內區,2,1088,4.00
77930,2022-08-26,台南市,大內區,3,1086,4.00
78314,2022-08-25,台南市,大內區,6,1083,4.00
78701,2022-08-24,台南市,大內區,5,1077,4.14
79087,2022-08-23,台南市,大內區,5,1072,3.71
79471,2022-08-22,台南市,大內區,6,1067,3.43
79859,2022-08-21,台南市,大內區,1,1061,3.57
80236,2022-08-20,台南市,大內區,2,1060,4.00
80620,2022-08-19,台南市,大內區,3,1058,4.86
81005,2022-08-18,台南市,大內區,7,1055,5.43
81394,2022-08-17,台南市,大內區,2,1048,5.86
81779,2022-08-16,台南市,大內區,3,1046,6.29
82166,2022-08-15,台南市,大內區,7,1043,6.14
82551,2022-08-14,台南市,大內區,4,1036,6.14
82927,2022-08-13,台南市,大內區,8,1032,5.86
83308,2022-08-12,台南市,大內區,7,1024,4.71
83695,2022-08-11,台南市,大內區,10,1017,4.43
84081,2022-08-10,台南市,大內區,5,1007,3.57
84466,2022-08-09,台南市,大內區,2,1002,3.00
84848,2022-08-08,台南市,大內區,7,1000,3.29
85231,2022-08-07,台南市,大內區,2,993,3.43
85986,2022-08-05,台南市,大內區,5,991,5.29
86373,2022-08-04,台南市,大內區,4,986,5.14
86757,2022-08-03,台南市,大內區,1,982,5.29
87140,2022-08-02,台南市,大內區,4,981,6.00
87526,2022-08-01,台南市,大內區,8,977,6.43
87912,2022-07-31,台南市,大內區,6,969,6.14
88289,2022-07-30,台南市,大內區,9,963,6.14
88667,2022-07-29,台南市,大內區,4,954,5.43
89053,2022-07-28,台南市,大內區,5,950,5.14
89440,2022-07-27,台南市,大內區,6,945,5.29
89830,2022-07-26,台南市,大內區,7,939,5.29
90217,2022-07-25,台南市,大內區,6,932,4.86
90599,2022-07-24,台南市,大內區,6,926,4.86
90978,2022-07-23,台南市,大內區,4,920,4.71
91363,2022-07-22,台南市,大內區,2,916,4.43
91749,2022-07-21,台南市,大內區,6,914,4.86
92133,2022-07-20,台南市,大內區,6,908,4.57
92520,2022-07-19,台南市,大內區,4,902,5.86
92909,2022-07-18,台南市,大內區,6,898,6.43
93295,2022-07-17,台南市,大內區,5,892,6.57
93675,2022-07-16,台南市,大內區,2,887,6.14
94062,2022-07-15,台南市,大內區,5,885,6.14
94449,2022-07-14,台南市,大內區,4,880,5.86
94838,2022-07-13,台南市,大內區,15,876,5.86
95226,2022-07-12,台南市,大內區,8,861,4.00
95614,2022-07-11,台南市,大內區,7,853,3.86
96001,2022-07-10,台南市,大內區,2,846,4.14
96386,2022-07-09,台南市,大內區,2,844,4.29
96773,2022-07-08,台南市,大內區,3,842,5.57
97164,2022-07-07,台南市,大內區,4,839,7.57
97555,2022-07-06,台南市,大內區,2,835,8.86
97943,2022-07-05,台南市,大內區,7,833,10.43
98333,2022-07-04,台南市,大內區,9,826,11.57
98722,2022-07-03,台南市,大內區,3,817,13.14
99105,2022-07-02,台南市,大內區,11,814,13.43
99495,2022-07-01,台南市,大內區,17,803,15.00
99887,2022-06-30,台南市,大內區,13,786,13.86
100278,2022-06-29,台南市,大內區,13,773,14.57
100668,2022-06-28,台南市,大內區,15,760,15.29
101059,2022-06-27,台南市,大內區,20,745,14.57
101447,2022-06-26,台南市,大內區,5,725,14.29
101833,2022-06-25,台南市,大內區,22,720,14.29
102223,2022-06-24,台南市,大內區,9,698,13.29
102613,2022-06-23,台南市,大內區,18,689,13.43
103006,2022-06-22,台南市,大內區,18,671,13.29
103395,2022-06-21,台南市,大內區,10,653,13.57
103787,2022-06-20,台南市,大內區,18,643,14.29
104178,2022-06-19,台南市,大內區,5,625,14.00
104568,2022-06-18,台南市,大內區,15,620,14.29
104959,2022-06-17,台南市,大內區,10,605,15.00
105349,2022-06-16,台南市,大內區,17,595,15.57
105739,2022-06-15,台南市,大內區,20,578,16.71
106129,2022-06-14,台南市,大內區,15,558,16.86
106521,2022-06-13,台南市,大內區,16,543,18.00
106911,2022-06-12,台南市,大內區,7,527,18.14
107298,2022-06-11,台南市,大內區,20,520,19.00
107690,2022-06-10,台南市,大內區,14,500,18.71
108079,2022-06-09,台南市,大內區,25,486,19.57
108468,2022-06-08,台南市,大內區,21,461,19.57
108858,2022-06-07,台南市,大內區,23,440,18.57
109250,2022-06-06,台南市,大內區,17,417,18.00
109640,2022-06-05,台南市,大內區,13,400,18.86
110029,2022-06-04,台南市,大內區,18,387,18.29
110419,2022-06-03,台南市,大內區,20,369,19.14
110810,2022-06-02,台南市,大內區,25,349,18.57
111200,2022-06-01,台南市,大內區,14,324,18.29
111592,2022-05-31,台南市,大內區,19,310,19.14
111983,2022-05-30,台南市,大內區,23,291,18.43
112374,2022-05-29,台南市,大內區,9,268,18.57
112765,2022-05-28,台南市,大內區,24,259,18.43
113155,2022-05-27,台南市,大內區,16,235,18.14
113545,2022-05-26,台南市,大內區,23,219,17.57
113936,2022-05-25,台南市,大內區,20,196,15.71
114326,2022-05-24,台南市,大內區,14,176,13.57
114718,2022-05-23,台南市,大內區,24,162,12.29
115109,2022-05-22,台南市,大內區,8,138,9.71
115500,2022-05-21,台南市,大內區,22,130,9.71
115885,2022-05-20,台南市,大內區,12,108,7.71
116273,2022-05-19,台南市,大內區,10,96,6.71
116662,2022-05-18,台南市,大內區,5,86,7.00
117052,2022-05-17,台南市,大內區,5,81,7.57
117441,2022-05-16,台南市,大內區,6,76,7.86
117830,2022-05-15,台南市,大內區,8,70,7.57
118213,2022-05-14,台南市,大內區,8,62,6.57
118598,2022-05-13,台南市,大內區,5,54,5.71
118985,2022-05-12,台南市,大內區,12,49,5.71
119369,2022-05-11,台南市,大內區,9,37,4.00
119754,2022-05-10,台南市,大內區,7,28,2.71
120136,2022-05-09,台南市,大內區,4,21,1.86
120517,2022-05-08,台南市,大內區,1,17,1.43
120902,2022-05-07,台南市,大內區,2,16,1.29
121280,2022-05-06,台南市,大內區,5,14,1.14
122390,2022-05-03,台南市,大內區,1,9,0.43
122747,2022-05-02,台南市,大內區,1,8,0.29
123428,2022-04-30,台南市,大內區,1,7,0.43
124962,2022-04-25,台南市,大內區,2,6,0.43
125476,2022-04-23,台南市,大內區,1,4,0.14
129004,2022-03-12,台南市,大內區,1,3,0.14
132263,2021-06-10,台南市,大內區,1,2,0.29
132327,2021-06-09,台南市,大內區,1,1,0.14
