UID,個案研判日,縣市別,區域,新增確診人數,累計確診人數,七天移動平均新增確診人數
196,2023-06-14,台南市,永康區,2,114499,0.29
317,2023-05-08,台南市,永康區,2,114497,0.29
552,2023-03-21,台南市,永康區,4,114495,78.14
767,2023-03-20,台南市,永康區,45,114491,95.57
1069,2023-03-19,台南市,永康區,70,114446,108.71
1397,2023-03-18,台南市,永康區,110,114376,108.71
1740,2023-03-17,台南市,永康區,86,114266,107.86
2094,2023-03-16,台南市,永康區,97,114180,113.71
2447,2023-03-15,台南市,永康區,135,114083,115.14
2795,2023-03-14,台南市,永康區,126,113948,114.00
3153,2023-03-13,台南市,永康區,137,113822,121.14
3508,2023-03-12,台南市,永康區,70,113685,123.57
3858,2023-03-11,台南市,永康區,104,113615,125.14
4209,2023-03-10,台南市,永康區,127,113511,129.57
4566,2023-03-09,台南市,永康區,107,113384,134.29
4922,2023-03-08,台南市,永康區,127,113277,148.57
5278,2023-03-07,台南市,永康區,176,113150,155.00
5641,2023-03-06,台南市,永康區,154,112974,152.00
6000,2023-03-05,台南市,永康區,81,112820,149.29
6340,2023-03-04,台南市,永康區,135,112739,150.29
6695,2023-03-03,台南市,永康區,160,112604,154.57
7054,2023-03-02,台南市,永康區,207,112444,157.86
7419,2023-03-01,台南市,永康區,172,112237,150.57
7789,2023-02-28,台南市,永康區,155,112065,157.86
8155,2023-02-27,台南市,永康區,135,111910,168.43
8507,2023-02-26,台南市,永康區,88,111775,190.86
8857,2023-02-25,台南市,永康區,165,111687,204.57
9225,2023-02-24,台南市,永康區,183,111522,215.14
9588,2023-02-23,台南市,永康區,156,111339,218.14
9959,2023-02-22,台南市,永康區,223,111183,228.86
10333,2023-02-21,台南市,永康區,229,110960,225.29
10703,2023-02-20,台南市,永康區,292,110731,233.29
11080,2023-02-19,台南市,永康區,184,110439,232.14
11441,2023-02-18,台南市,永康區,239,110255,225.43
11808,2023-02-17,台南市,永康區,204,110016,226.00
12181,2023-02-16,台南市,永康區,231,109812,225.71
12555,2023-02-15,台南市,永康區,198,109581,225.29
12928,2023-02-14,台南市,永康區,285,109383,240.86
13300,2023-02-13,台南市,永康區,284,109098,237.86
13678,2023-02-12,台南市,永康區,137,108814,238.14
14036,2023-02-11,台南市,永康區,243,108677,248.43
14407,2023-02-10,台南市,永康區,202,108434,248.57
14781,2023-02-09,台南市,永康區,228,108232,260.43
15159,2023-02-08,台南市,永康區,307,108004,268.00
15537,2023-02-07,台南市,永康區,264,107697,276.86
15917,2023-02-06,台南市,永康區,286,107433,290.57
16294,2023-02-05,台南市,永康區,209,107147,314.14
16666,2023-02-04,台南市,永康區,244,106938,319.86
17046,2023-02-03,台南市,永康區,285,106694,334.00
17431,2023-02-02,台南市,永康區,281,106409,336.29
17813,2023-02-01,台南市,永康區,369,106128,333.00
18192,2023-01-31,台南市,永康區,360,105759,311.86
18577,2023-01-30,台南市,永康區,451,105399,292.71
18963,2023-01-29,台南市,永康區,249,104948,255.00
19341,2023-01-28,台南市,永康區,343,104699,235.29
19717,2023-01-27,台南市,永康區,301,104356,215.14
20098,2023-01-26,台南市,永康區,258,104055,210.71
20471,2023-01-25,台南市,永康區,221,103797,203.86
20839,2023-01-24,台南市,永康區,226,103576,203.86
21212,2023-01-23,台南市,永康區,187,103350,207.29
21580,2023-01-22,台南市,永康區,111,103163,218.57
21946,2023-01-21,台南市,永康區,202,103052,226.57
22319,2023-01-20,台南市,永康區,270,102850,235.86
22685,2023-01-19,台南市,永康區,210,102580,233.14
23057,2023-01-18,台南市,永康區,221,102370,239.29
23426,2023-01-17,台南市,永康區,250,102149,252.43
23791,2023-01-16,台南市,永康區,266,101899,264.14
24168,2023-01-15,台南市,永康區,167,101633,271.14
24533,2023-01-14,台南市,永康區,267,101466,277.14
24899,2023-01-13,台南市,永康區,251,101199,282.29
25269,2023-01-12,台南市,永康區,253,100948,291.14
25644,2023-01-11,台南市,永康區,313,100695,308.00
26020,2023-01-10,台南市,永康區,332,100382,332.43
26393,2023-01-09,台南市,永康區,315,100050,350.29
26767,2023-01-08,台南市,永康區,209,99735,347.57
27128,2023-01-07,台南市,永康區,303,99526,351.71
27500,2023-01-06,台南市,永康區,313,99223,352.86
27877,2023-01-05,台南市,永康區,371,98910,355.57
28256,2023-01-04,台南市,永康區,484,98539,353.86
28637,2023-01-03,台南市,永康區,457,98055,336.86
29018,2023-01-02,台南市,永康區,296,97598,331.29
29391,2023-01-01,台南市,永康區,238,97302,338.43
29752,2022-12-31,台南市,永康區,311,97064,331.00
30118,2022-12-30,台南市,永康區,332,96753,317.86
30492,2022-12-29,台南市,永康區,359,96421,306.43
30864,2022-12-28,台南市,永康區,365,96062,288.00
31233,2022-12-27,台南市,永康區,418,95697,278.57
31609,2022-12-26,台南市,永康區,346,95279,250.14
31977,2022-12-25,台南市,永康區,186,94933,233.29
32335,2022-12-24,台南市,永康區,219,94747,228.14
32694,2022-12-23,台南市,永康區,252,94528,224.43
33060,2022-12-22,台南市,永康區,230,94276,217.43
33426,2022-12-21,台南市,永康區,299,94046,211.14
33794,2022-12-20,台南市,永康區,219,93747,196.00
34160,2022-12-19,台南市,永康區,228,93528,195.00
34529,2022-12-18,台南市,永康區,150,93300,196.14
34877,2022-12-17,台南市,永康區,193,93150,193.57
35239,2022-12-16,台南市,永康區,203,92957,189.43
35603,2022-12-15,台南市,永康區,186,92754,185.29
35971,2022-12-14,台南市,永康區,193,92568,186.29
36331,2022-12-13,台南市,永康區,212,92375,183.00
36710,2022-12-12,台南市,永康區,236,92163,181.00
37074,2022-12-11,台南市,永康區,132,91927,176.57
37431,2022-12-10,台南市,永康區,164,91795,175.57
37800,2022-12-09,台南市,永康區,174,91631,175.14
38165,2022-12-08,台南市,永康區,193,91457,171.43
38538,2022-12-07,台南市,永康區,170,91264,169.57
38909,2022-12-06,台南市,永康區,198,91094,173.43
39282,2022-12-05,台南市,永康區,205,90896,176.29
39660,2022-12-04,台南市,永康區,125,90691,176.14
40024,2022-12-03,台南市,永康區,161,90566,175.86
40395,2022-12-02,台南市,永康區,148,90405,176.29
40760,2022-12-01,台南市,永康區,180,90257,182.86
41133,2022-11-30,台南市,永康區,197,90077,182.86
41506,2022-11-29,台南市,永康區,218,89880,189.43
41886,2022-11-28,台南市,永康區,204,89662,190.00
42262,2022-11-27,台南市,永康區,123,89458,195.00
42620,2022-11-26,台南市,永康區,164,89335,196.86
42980,2022-11-25,台南市,永康區,194,89171,207.43
43349,2022-11-24,台南市,永康區,180,88977,205.00
43718,2022-11-23,台南市,永康區,243,88797,216.71
44092,2022-11-22,台南市,永康區,222,88554,223.71
44467,2022-11-21,台南市,永康區,239,88332,233.00
44847,2022-11-20,台南市,永康區,136,88093,239.14
45213,2022-11-19,台南市,永康區,238,87957,254.86
45585,2022-11-18,台南市,永康區,177,87719,266.00
45958,2022-11-17,台南市,永康區,262,87542,284.29
46331,2022-11-16,台南市,永康區,292,87280,286.43
46713,2022-11-15,台南市,永康區,287,86988,291.29
47091,2022-11-14,台南市,永康區,282,86701,299.86
47471,2022-11-13,台南市,永康區,246,86419,309.86
47841,2022-11-12,台南市,永康區,316,86173,307.57
48219,2022-11-11,台南市,永康區,305,85857,306.00
48597,2022-11-10,台南市,永康區,277,85552,318.00
48981,2022-11-09,台南市,永康區,326,85275,333.43
49367,2022-11-08,台南市,永康區,347,84949,343.29
49752,2022-11-07,台南市,永康區,352,84602,361.43
50132,2022-11-06,台南市,永康區,230,84250,378.00
50503,2022-11-05,台南市,永康區,305,84020,387.71
50881,2022-11-04,台南市,永康區,389,83715,407.14
51266,2022-11-03,台南市,永康區,385,83326,411.57
51645,2022-11-02,台南市,永康區,395,82941,419.00
52033,2022-11-01,台南市,永康區,474,82546,432.86
52416,2022-10-31,台南市,永康區,468,82072,435.57
52800,2022-10-30,台南市,永康區,298,81604,443.29
53177,2022-10-29,台南市,永康區,441,81306,449.14
53559,2022-10-28,台南市,永康區,420,80865,448.00
53946,2022-10-27,台南市,永康區,437,80445,457.29
54330,2022-10-26,台南市,永康區,492,80008,457.14
54716,2022-10-25,台南市,永康區,493,79516,462.57
55106,2022-10-24,台南市,永康區,522,79023,474.00
55494,2022-10-23,台南市,永康區,339,78501,479.86
55872,2022-10-22,台南市,永康區,433,78162,487.14
56258,2022-10-21,台南市,永康區,485,77729,500.00
56648,2022-10-20,台南市,永康區,436,77244,502.71
57032,2022-10-19,台南市,永康區,530,76808,516.71
57419,2022-10-18,台南市,永康區,573,76278,532.57
57809,2022-10-17,台南市,永康區,563,75705,530.71
58198,2022-10-16,台南市,永康區,390,75142,508.71
58583,2022-10-15,台南市,永康區,523,74752,490.29
58969,2022-10-14,台南市,永康區,504,74229,478.57
59358,2022-10-13,台南市,永康區,534,73725,471.71
59749,2022-10-12,台南市,永康區,641,73191,467.14
60139,2022-10-11,台南市,永康區,560,72550,448.57
60529,2022-10-10,台南市,永康區,409,71990,442.29
60913,2022-10-09,台南市,永康區,261,71581,457.71
61301,2022-10-08,台南市,永康區,441,71320,464.86
61690,2022-10-07,台南市,永康區,456,70879,468.00
62077,2022-10-06,台南市,永康區,502,70423,466.00
62468,2022-10-05,台南市,永康區,511,69921,446.43
62856,2022-10-04,台南市,永康區,516,69410,430.43
63244,2022-10-03,台南市,永康區,517,68894,421.14
63635,2022-10-02,台南市,永康區,311,68377,407.14
64016,2022-10-01,台南市,永康區,463,68066,398.57
64402,2022-09-30,台南市,永康區,442,67603,380.43
64787,2022-09-29,台南市,永康區,365,67161,367.71
65175,2022-09-28,台南市,永康區,399,66796,366.00
65562,2022-09-27,台南市,永康區,451,66397,362.43
65949,2022-09-26,台南市,永康區,419,65946,352.71
66336,2022-09-25,台南市,永康區,251,65527,342.29
66721,2022-09-24,台南市,永康區,336,65276,338.57
67105,2022-09-23,台南市,永康區,353,64940,338.29
67493,2022-09-22,台南市,永康區,353,64587,340.00
67881,2022-09-21,台南市,永康區,374,64234,344.57
68270,2022-09-20,台南市,永康區,383,63860,347.71
68660,2022-09-19,台南市,永康區,346,63477,354.86
69050,2022-09-18,台南市,永康區,225,63131,363.57
69433,2022-09-17,台南市,永康區,334,62906,361.14
69820,2022-09-16,台南市,永康區,365,62572,346.57
70205,2022-09-15,台南市,永康區,385,62207,335.29
70592,2022-09-14,台南市,永康區,396,61822,319.71
70978,2022-09-13,台南市,永康區,433,61426,299.71
71367,2022-09-12,台南市,永康區,407,60993,286.43
71756,2022-09-11,台南市,永康區,208,60586,272.00
72138,2022-09-10,台南市,永康區,232,60378,269.00
72520,2022-09-09,台南市,永康區,286,60146,278.71
72902,2022-09-08,台南市,永康區,276,59860,278.43
73289,2022-09-07,台南市,永康區,256,59584,281.86
73673,2022-09-06,台南市,永康區,340,59328,290.29
74059,2022-09-05,台南市,永康區,306,58988,287.86
74445,2022-09-04,台南市,永康區,187,58682,281.29
74827,2022-09-03,台南市,永康區,300,58495,277.29
75215,2022-09-02,台南市,永康區,284,58195,273.71
75601,2022-09-01,台南市,永康區,300,57911,264.00
75990,2022-08-31,台南市,永康區,315,57611,253.00
76377,2022-08-30,台南市,永康區,323,57296,247.29
76765,2022-08-29,台南市,永康區,260,56973,237.57
77153,2022-08-28,台南市,永康區,159,56713,235.14
77537,2022-08-27,台南市,永康區,275,56554,237.00
77923,2022-08-26,台南市,永康區,216,56279,225.29
78307,2022-08-25,台南市,永康區,223,56063,226.14
78694,2022-08-24,台南市,永康區,275,55840,225.43
79080,2022-08-23,台南市,永康區,255,55565,221.00
79464,2022-08-22,台南市,永康區,243,55310,225.29
79852,2022-08-21,台南市,永康區,172,55067,225.43
80229,2022-08-20,台南市,永康區,193,54895,225.57
80613,2022-08-19,台南市,永康區,222,54702,232.57
80998,2022-08-18,台南市,永康區,218,54480,235.14
81387,2022-08-17,台南市,永康區,244,54262,239.71
81772,2022-08-16,台南市,永康區,285,54018,241.57
82159,2022-08-15,台南市,永康區,244,53733,242.71
82545,2022-08-14,台南市,永康區,173,53489,247.29
82921,2022-08-13,台南市,永康區,242,53316,248.00
83302,2022-08-12,台南市,永康區,240,53074,255.57
83688,2022-08-11,台南市,永康區,250,52834,255.43
84074,2022-08-10,台南市,永康區,257,52584,261.43
84460,2022-08-09,台南市,永康區,293,52327,269.71
84841,2022-08-08,台南市,永康區,276,52034,273.14
85224,2022-08-07,台南市,永康區,178,51758,278.86
85598,2022-08-06,台南市,永康區,295,51580,282.71
85979,2022-08-05,台南市,永康區,239,51285,277.71
86366,2022-08-04,台南市,永康區,292,51046,280.71
86750,2022-08-03,台南市,永康區,315,50754,286.43
87134,2022-08-02,台南市,永康區,317,50439,284.00
87519,2022-08-01,台南市,永康區,316,50122,287.43
87905,2022-07-31,台南市,永康區,205,49806,281.29
88282,2022-07-30,台南市,永康區,260,49601,282.29
88660,2022-07-29,台南市,永康區,260,49341,284.00
89047,2022-07-28,台南市,永康區,332,49081,279.00
89433,2022-07-27,台南市,永康區,298,48749,273.43
89823,2022-07-26,台南市,永康區,341,48451,272.71
90210,2022-07-25,台南市,永康區,273,48110,257.86
90593,2022-07-24,台南市,永康區,212,47837,248.29
90971,2022-07-23,台南市,永康區,272,47625,241.86
91356,2022-07-22,台南市,永康區,225,47353,239.00
91742,2022-07-21,台南市,永康區,293,47128,243.00
92126,2022-07-20,台南市,永康區,293,46835,233.43
92513,2022-07-19,台南市,永康區,237,46542,232.29
92902,2022-07-18,台南市,永康區,206,46305,246.86
93289,2022-07-17,台南市,永康區,167,46099,261.00
93669,2022-07-16,台南市,永康區,252,45932,269.14
94055,2022-07-15,台南市,永康區,253,45680,281.57
94442,2022-07-14,台南市,永康區,226,45427,287.71
94831,2022-07-13,台南市,永康區,285,45201,302.86
95220,2022-07-12,台南市,永康區,339,44916,314.29
95607,2022-07-11,台南市,永康區,305,44577,323.57
95994,2022-07-10,台南市,永康區,224,44272,337.71
96379,2022-07-09,台南市,永康區,339,44048,343.00
96766,2022-07-08,台南市,永康區,296,43709,347.71
97157,2022-07-07,台南市,永康區,332,43413,363.43
97548,2022-07-06,台南市,永康區,365,43081,379.43
97937,2022-07-05,台南市,永康區,404,42716,398.14
98326,2022-07-04,台南市,永康區,404,42312,422.57
98715,2022-07-03,台南市,永康區,261,41908,437.57
99098,2022-07-02,台南市,永康區,372,41647,453.86
99488,2022-07-01,台南市,永康區,406,41275,485.57
99880,2022-06-30,台南市,永康區,444,40869,503.00
100271,2022-06-29,台南市,永康區,496,40425,527.14
100661,2022-06-28,台南市,永康區,575,39929,553.00
101052,2022-06-27,台南市,永康區,509,39354,571.57
101440,2022-06-26,台南市,永康區,375,38845,604.29
101826,2022-06-25,台南市,永康區,594,38470,617.71
102216,2022-06-24,台南市,永康區,528,37876,641.29
102606,2022-06-23,台南市,永康區,613,37348,679.00
102999,2022-06-22,台南市,永康區,677,36735,704.43
103388,2022-06-21,台南市,永康區,705,36058,732.29
103780,2022-06-20,台南市,永康區,738,35353,762.14
104171,2022-06-19,台南市,永康區,469,34615,766.86
104561,2022-06-18,台南市,永康區,759,34146,789.43
104952,2022-06-17,台南市,永康區,792,33387,817.57
105342,2022-06-16,台南市,永康區,791,32595,793.14
105732,2022-06-15,台南市,永康區,872,31804,806.43
106122,2022-06-14,台南市,永康區,914,30932,821.00
106514,2022-06-13,台南市,永康區,771,30018,829.86
106904,2022-06-12,台南市,永康區,627,29247,857.86
107291,2022-06-11,台南市,永康區,956,28620,862.14
107683,2022-06-10,台南市,永康區,621,27664,828.86
108072,2022-06-09,台南市,永康區,884,27043,850.43
108461,2022-06-08,台南市,永康區,974,26159,859.00
108851,2022-06-07,台南市,永康區,976,25185,833.29
109243,2022-06-06,台南市,永康區,967,24209,860.86
109633,2022-06-05,台南市,永康區,657,23242,849.00
110022,2022-06-04,台南市,永康區,723,22585,847.71
110412,2022-06-03,台南市,永康區,772,21862,888.29
110803,2022-06-02,台南市,永康區,944,21090,945.57
111193,2022-06-01,台南市,永康區,794,20146,994.29
111585,2022-05-31,台南市,永康區,1169,19352,1041.57
111976,2022-05-30,台南市,永康區,884,18183,1045.29
112367,2022-05-29,台南市,永康區,648,17299,1059.86
112758,2022-05-28,台南市,永康區,1007,16651,1086.43
113148,2022-05-27,台南市,永康區,1173,15644,1056.00
113538,2022-05-26,台南市,永康區,1285,14471,1013.00
113929,2022-05-25,台南市,永康區,1125,13186,930.43
114319,2022-05-24,台南市,永康區,1195,12061,896.14
114711,2022-05-23,台南市,永康區,986,10866,819.71
115102,2022-05-22,台南市,永康區,834,9880,741.14
115493,2022-05-21,台南市,永康區,794,9046,699.00
115878,2022-05-20,台南市,永康區,872,8252,639.86
116266,2022-05-19,台南市,永康區,707,7380,580.29
116655,2022-05-18,台南市,永康區,885,6673,534.43
117045,2022-05-17,台南市,永康區,660,5788,465.86
117434,2022-05-16,台南市,永康區,436,5128,436.86
117823,2022-05-15,台南市,永康區,539,4692,414.71
118206,2022-05-14,台南市,永康區,380,4153,375.71
118591,2022-05-13,台南市,永康區,455,3773,361.00
118978,2022-05-12,台南市,永康區,386,3318,331.43
119362,2022-05-11,台南市,永康區,405,2932,301.57
119747,2022-05-10,台南市,永康區,457,2527,262.43
120129,2022-05-09,台南市,永康區,281,2070,220.71
120510,2022-05-08,台南市,永康區,266,1789,194.57
120895,2022-05-07,台南市,永康區,277,1523,170.00
121273,2022-05-06,台南市,永康區,248,1246,139.00
121652,2022-05-05,台南市,永康區,177,998,111.29
122020,2022-05-04,台南市,永康區,131,821,93.43
122383,2022-05-03,台南市,永康區,165,690,78.43
122741,2022-05-02,台南市,永康區,98,525,58.29
123085,2022-05-01,台南市,永康區,94,427,46.14
123424,2022-04-30,台南市,永康區,60,333,34.57
123752,2022-04-29,台南市,永康區,54,273,27.00
124067,2022-04-28,台南市,永康區,52,219,20.71
124377,2022-04-27,台南市,永康區,26,167,14.57
124672,2022-04-26,台南市,永康區,24,141,11.29
124956,2022-04-25,台南市,永康區,13,117,8.57
125226,2022-04-24,台南市,永康區,13,104,9.00
125471,2022-04-23,台南市,永康區,7,91,8.29
125717,2022-04-22,台南市,永康區,10,84,7.86
125957,2022-04-21,台南市,永康區,9,74,7.29
126189,2022-04-20,台南市,永康區,3,65,6.43
126390,2022-04-19,台南市,永康區,5,62,6.57
126587,2022-04-18,台南市,永康區,16,57,6.00
126756,2022-04-17,台南市,永康區,8,41,4.00
126910,2022-04-16,台南市,永康區,4,33,2.86
127082,2022-04-15,台南市,永康區,6,29,3.29
127250,2022-04-14,台南市,永康區,3,23,2.43
127407,2022-04-13,台南市,永康區,4,20,2.43
127558,2022-04-12,台南市,永康區,1,16,1.86
127698,2022-04-11,台南市,永康區,2,15,1.71
127948,2022-04-09,台南市,永康區,7,13,1.43
128177,2022-04-07,台南市,永康區,3,6,0.43
128902,2022-03-24,台南市,永康區,1,3,0.14
129541,2022-01-27,台南市,永康區,1,2,0.14
132514,2021-06-06,台南市,永康區,1,1,0.14
