UID,個案研判日,縣市別,區域,新增確診人數,累計確診人數,七天移動平均新增確診人數
2542,2023-03-15,台東縣,延平鄉,1,1319,0.14
8253,2023-02-27,台東縣,延平鄉,1,1318,0.86
8599,2023-02-26,台東縣,延平鄉,3,1317,0.86
8962,2023-02-25,台東縣,延平鄉,1,1314,0.43
10064,2023-02-22,台東縣,延平鄉,1,1313,0.43
10810,2023-02-20,台東縣,延平鄉,1,1312,0.43
11912,2023-02-17,台東縣,延平鄉,1,1311,1.00
12660,2023-02-15,台東縣,延平鄉,1,1310,1.00
13407,2023-02-13,台東縣,延平鄉,3,1309,0.86
14143,2023-02-11,台東縣,延平鄉,2,1306,0.71
14884,2023-02-09,台東縣,延平鄉,1,1304,0.86
16025,2023-02-06,台東縣,延平鄉,2,1303,1.14
16773,2023-02-04,台東縣,延平鄉,1,1301,1.43
17153,2023-02-03,台東縣,延平鄉,2,1300,2.43
17540,2023-02-02,台東縣,延平鄉,2,1298,2.43
18302,2023-01-31,台東縣,延平鄉,1,1296,2.43
18687,2023-01-30,台東縣,延平鄉,2,1295,2.71
19072,2023-01-29,台東縣,延平鄉,2,1293,2.43
19450,2023-01-28,台東縣,延平鄉,8,1291,2.57
19826,2023-01-27,台東縣,延平鄉,2,1283,1.57
20204,2023-01-26,台東縣,延平鄉,1,1281,2.00
20575,2023-01-25,台東縣,延平鄉,1,1280,1.86
20945,2023-01-24,台東縣,延平鄉,3,1279,2.29
21683,2023-01-22,台東縣,延平鄉,3,1276,2.29
22051,2023-01-21,台東縣,延平鄉,1,1273,1.86
22420,2023-01-20,台東縣,延平鄉,5,1272,1.71
23160,2023-01-18,台東縣,延平鄉,4,1267,1.29
23896,2023-01-16,台東縣,延平鄉,3,1263,1.00
25004,2023-01-13,台東縣,延平鄉,1,1260,0.86
25378,2023-01-12,台東縣,延平鄉,1,1259,1.14
25749,2023-01-11,台東縣,延平鄉,2,1258,1.29
26501,2023-01-09,台東縣,延平鄉,1,1256,2.29
27232,2023-01-07,台東縣,延平鄉,1,1255,2.57
27605,2023-01-06,台東縣,延平鄉,3,1254,2.86
27985,2023-01-05,台東縣,延平鄉,2,1251,2.57
28365,2023-01-04,台東縣,延平鄉,3,1249,2.29
28746,2023-01-03,台東縣,延平鄉,6,1246,2.57
29124,2023-01-02,台東縣,延平鄉,3,1240,1.71
29855,2022-12-31,台東縣,延平鄉,3,1237,1.29
30221,2022-12-30,台東縣,延平鄉,1,1234,1.71
30968,2022-12-28,台東縣,延平鄉,5,1233,2.14
32436,2022-12-24,台東縣,延平鄉,6,1228,2.43
32795,2022-12-23,台東縣,延平鄉,4,1222,1.57
33530,2022-12-21,台東縣,延平鄉,5,1218,1.14
33897,2022-12-20,台東縣,延平鄉,1,1213,0.43
34263,2022-12-19,台東縣,延平鄉,1,1212,0.57
35344,2022-12-16,台東縣,延平鄉,1,1211,0.57
36437,2022-12-13,台東縣,延平鄉,2,1210,0.71
37534,2022-12-10,台東縣,延平鄉,1,1208,0.57
37901,2022-12-09,台東縣,延平鄉,1,1207,0.86
38647,2022-12-07,台東縣,延平鄉,1,1206,1.14
39760,2022-12-04,台東縣,延平鄉,1,1205,1.14
40128,2022-12-03,台東縣,延平鄉,3,1204,1.00
40496,2022-12-02,台東縣,延平鄉,1,1201,0.57
40865,2022-12-01,台東縣,延平鄉,2,1200,0.57
41239,2022-11-30,台東縣,延平鄉,1,1198,0.71
43084,2022-11-25,台東縣,延平鄉,1,1197,2.00
43454,2022-11-24,台東縣,延平鄉,3,1196,2.29
43821,2022-11-23,台東縣,延平鄉,5,1193,1.86
44196,2022-11-22,台東縣,延平鄉,1,1188,1.14
44574,2022-11-21,台東縣,延平鄉,3,1187,1.29
45316,2022-11-19,台東縣,延平鄉,1,1184,1.14
45687,2022-11-18,台東縣,延平鄉,3,1183,1.43
46818,2022-11-15,台東縣,延平鄉,2,1180,1.57
47197,2022-11-14,台東縣,延平鄉,2,1178,1.43
47945,2022-11-12,台東縣,延平鄉,3,1176,1.43
48324,2022-11-11,台東縣,延平鄉,1,1173,1.14
48705,2022-11-10,台東縣,延平鄉,1,1172,1.00
49088,2022-11-09,台東縣,延平鄉,2,1171,1.14
49474,2022-11-08,台東縣,延平鄉,1,1169,1.14
49858,2022-11-07,台東縣,延平鄉,2,1168,1.29
50606,2022-11-05,台東縣,延平鄉,1,1166,1.14
51373,2022-11-03,台東縣,延平鄉,2,1165,1.43
51753,2022-11-02,台東縣,延平鄉,2,1163,1.29
52141,2022-11-01,台東縣,延平鄉,2,1161,1.00
52523,2022-10-31,台東縣,延平鄉,1,1159,1.00
53284,2022-10-29,台東縣,延平鄉,1,1158,0.86
53667,2022-10-28,台東縣,延平鄉,2,1157,0.71
54053,2022-10-27,台東縣,延平鄉,1,1155,0.71
54825,2022-10-25,台東縣,延平鄉,2,1154,1.71
56368,2022-10-21,台東縣,延平鄉,2,1152,2.71
56754,2022-10-20,台東縣,延平鄉,4,1150,2.71
57141,2022-10-19,台東縣,延平鄉,4,1146,3.00
57529,2022-10-18,台東縣,延平鄉,3,1142,3.14
57919,2022-10-17,台東縣,延平鄉,1,1139,3.14
58307,2022-10-16,台東縣,延平鄉,1,1138,3.57
58693,2022-10-15,台東縣,延平鄉,4,1137,3.43
59079,2022-10-14,台東縣,延平鄉,2,1133,3.14
59468,2022-10-13,台東縣,延平鄉,6,1131,3.00
59859,2022-10-12,台東縣,延平鄉,5,1125,2.71
60249,2022-10-11,台東縣,延平鄉,3,1120,2.00
60639,2022-10-10,台東縣,延平鄉,4,1117,1.71
61410,2022-10-08,台東縣,延平鄉,2,1113,1.43
61800,2022-10-07,台東縣,延平鄉,1,1111,1.43
62187,2022-10-06,台東縣,延平鄉,4,1110,1.57
62965,2022-10-04,台東縣,延平鄉,1,1106,1.43
63354,2022-10-03,台東縣,延平鄉,2,1105,1.71
64125,2022-10-01,台東縣,延平鄉,2,1103,2.29
64510,2022-09-30,台東縣,延平鄉,2,1101,2.29
64896,2022-09-29,台東縣,延平鄉,2,1099,2.71
65284,2022-09-28,台東縣,延平鄉,1,1097,2.57
65672,2022-09-27,台東縣,延平鄉,3,1096,3.00
66058,2022-09-26,台東縣,延平鄉,2,1093,3.29
66445,2022-09-25,台東縣,延平鄉,4,1091,3.71
66828,2022-09-24,台東縣,延平鄉,2,1087,3.14
67215,2022-09-23,台東縣,延平鄉,5,1085,3.14
67602,2022-09-22,台東縣,延平鄉,1,1080,2.43
67991,2022-09-21,台東縣,延平鄉,4,1079,2.43
68379,2022-09-20,台東縣,延平鄉,5,1075,1.86
68770,2022-09-19,台東縣,延平鄉,5,1070,1.57
69542,2022-09-17,台東縣,延平鄉,2,1065,1.00
70314,2022-09-15,台東縣,延平鄉,1,1063,1.29
71087,2022-09-13,台東縣,延平鄉,3,1062,2.00
71477,2022-09-12,台東縣,延平鄉,1,1059,2.43
72246,2022-09-10,台東縣,延平鄉,4,1058,3.14
73011,2022-09-08,台東縣,延平鄉,5,1054,3.71
73398,2022-09-07,台東縣,延平鄉,1,1049,3.57
73782,2022-09-06,台東縣,延平鄉,6,1048,3.86
74169,2022-09-05,台東縣,延平鄉,4,1042,4.14
74553,2022-09-04,台東縣,延平鄉,2,1038,5.14
74937,2022-09-03,台東縣,延平鄉,5,1036,4.86
75324,2022-09-02,台東縣,延平鄉,3,1031,4.43
75711,2022-09-01,台東縣,延平鄉,4,1028,5.43
76099,2022-08-31,台東縣,延平鄉,3,1024,5.86
76487,2022-08-30,台東縣,延平鄉,8,1021,6.14
76875,2022-08-29,台東縣,延平鄉,11,1013,6.14
77647,2022-08-27,台東縣,延平鄉,2,1002,5.57
78033,2022-08-26,台東縣,延平鄉,10,1000,5.29
78417,2022-08-25,台東縣,延平鄉,7,990,4.00
78802,2022-08-24,台東縣,延平鄉,5,983,3.29
79189,2022-08-23,台東縣,延平鄉,8,978,2.71
79574,2022-08-22,台東縣,延平鄉,7,970,1.86
80721,2022-08-19,台東縣,延平鄉,1,963,1.86
81108,2022-08-18,台東縣,延平鄉,2,962,1.71
81497,2022-08-17,台東縣,延平鄉,1,960,2.00
81882,2022-08-16,台東縣,延平鄉,2,959,2.14
82269,2022-08-15,台東縣,延平鄉,4,957,2.29
82651,2022-08-14,台東縣,延平鄉,1,953,2.14
83029,2022-08-13,台東縣,延平鄉,2,952,2.57
83795,2022-08-11,台東縣,延平鄉,4,950,3.00
84182,2022-08-10,台東縣,延平鄉,2,946,2.86
84565,2022-08-09,台東縣,延平鄉,3,944,3.14
84951,2022-08-08,台東縣,延平鄉,3,941,3.14
85330,2022-08-07,台東縣,延平鄉,4,938,2.86
85705,2022-08-06,台東縣,延平鄉,1,934,2.71
86089,2022-08-05,台東縣,延平鄉,4,933,2.86
86475,2022-08-04,台東縣,延平鄉,3,929,2.71
86860,2022-08-03,台東縣,延平鄉,4,926,2.29
87242,2022-08-02,台東縣,延平鄉,3,922,2.29
87629,2022-08-01,台東縣,延平鄉,1,919,2.14
88012,2022-07-31,台東縣,延平鄉,3,918,2.29
88388,2022-07-30,台東縣,延平鄉,2,915,1.86
88770,2022-07-29,台東縣,延平鄉,3,913,2.14
89543,2022-07-27,台東縣,延平鄉,4,910,2.29
89931,2022-07-26,台東縣,延平鄉,2,906,2.29
90319,2022-07-25,台東縣,延平鄉,2,904,3.00
91080,2022-07-23,台東縣,延平鄉,4,902,4.86
91466,2022-07-22,台東縣,延平鄉,2,898,4.86
91852,2022-07-21,台東縣,延平鄉,2,896,5.14
92234,2022-07-20,台東縣,延平鄉,4,894,6.71
92623,2022-07-19,台東縣,延平鄉,7,890,7.57
93012,2022-07-18,台東縣,延平鄉,6,883,7.57
93398,2022-07-17,台東縣,延平鄉,9,877,8.14
93777,2022-07-16,台東縣,延平鄉,4,868,7.29
94165,2022-07-15,台東縣,延平鄉,4,864,7.14
94552,2022-07-14,台東縣,延平鄉,13,860,6.86
94941,2022-07-13,台東縣,延平鄉,10,847,5.43
95328,2022-07-12,台東縣,延平鄉,7,837,5.00
95717,2022-07-11,台東縣,延平鄉,10,830,6.00
96103,2022-07-10,台東縣,延平鄉,3,820,6.14
96489,2022-07-09,台東縣,延平鄉,3,817,6.71
96876,2022-07-08,台東縣,延平鄉,2,814,7.29
97267,2022-07-07,台東縣,延平鄉,3,812,8.00
97656,2022-07-06,台東縣,延平鄉,7,809,8.43
98046,2022-07-05,台東縣,延平鄉,14,802,9.00
98435,2022-07-04,台東縣,延平鄉,11,788,8.43
98825,2022-07-03,台東縣,延平鄉,7,777,10.14
99207,2022-07-02,台東縣,延平鄉,7,770,10.14
99598,2022-07-01,台東縣,延平鄉,7,763,10.14
99990,2022-06-30,台東縣,延平鄉,6,756,10.43
100381,2022-06-29,台東縣,延平鄉,11,750,10.57
100771,2022-06-28,台東縣,延平鄉,10,739,11.57
101162,2022-06-27,台東縣,延平鄉,23,729,12.29
101548,2022-06-26,台東縣,延平鄉,7,706,12.00
101935,2022-06-25,台東縣,延平鄉,7,699,12.43
102324,2022-06-24,台東縣,延平鄉,9,692,15.71
102716,2022-06-23,台東縣,延平鄉,7,683,17.57
103109,2022-06-22,台東縣,延平鄉,18,676,17.71
103498,2022-06-21,台東縣,延平鄉,15,658,17.57
103890,2022-06-20,台東縣,延平鄉,21,643,20.86
104280,2022-06-19,台東縣,延平鄉,10,622,20.57
104671,2022-06-18,台東縣,延平鄉,30,612,20.43
105062,2022-06-17,台東縣,延平鄉,22,582,19.86
105452,2022-06-16,台東縣,延平鄉,8,560,18.14
105842,2022-06-15,台東縣,延平鄉,17,552,19.43
106232,2022-06-14,台東縣,延平鄉,38,535,19.14
106624,2022-06-13,台東縣,延平鄉,19,497,16.43
107014,2022-06-12,台東縣,延平鄉,9,478,15.43
107401,2022-06-11,台東縣,延平鄉,26,469,16.43
107793,2022-06-10,台東縣,延平鄉,10,443,14.43
108182,2022-06-09,台東縣,延平鄉,17,433,15.29
108571,2022-06-08,台東縣,延平鄉,15,416,14.71
108961,2022-06-07,台東縣,延平鄉,19,401,14.86
109353,2022-06-06,台東縣,延平鄉,12,382,16.14
109743,2022-06-05,台東縣,延平鄉,16,370,17.57
110132,2022-06-04,台東縣,延平鄉,12,354,17.43
110522,2022-06-03,台東縣,延平鄉,16,342,20.00
110913,2022-06-02,台東縣,延平鄉,13,326,20.14
111303,2022-06-01,台東縣,延平鄉,16,313,20.14
111695,2022-05-31,台東縣,延平鄉,28,297,20.71
112086,2022-05-30,台東縣,延平鄉,22,269,18.14
112477,2022-05-29,台東縣,延平鄉,15,247,17.43
112867,2022-05-28,台東縣,延平鄉,30,232,15.71
113258,2022-05-27,台東縣,延平鄉,17,202,12.29
113648,2022-05-26,台東縣,延平鄉,13,185,10.71
114039,2022-05-25,台東縣,延平鄉,20,172,10.29
114429,2022-05-24,台東縣,延平鄉,10,152,10.00
114821,2022-05-23,台東縣,延平鄉,17,142,8.86
115212,2022-05-22,台東縣,延平鄉,3,125,8.14
115603,2022-05-21,台東縣,延平鄉,6,122,9.71
115988,2022-05-20,台東縣,延平鄉,6,116,9.00
116376,2022-05-19,台東縣,延平鄉,10,110,8.57
116764,2022-05-18,台東縣,延平鄉,18,100,8.29
117155,2022-05-17,台東縣,延平鄉,2,82,6.29
117543,2022-05-16,台東縣,延平鄉,12,80,7.14
117931,2022-05-15,台東縣,延平鄉,14,68,5.86
118315,2022-05-14,台東縣,延平鄉,1,54,4.57
118700,2022-05-13,台東縣,延平鄉,3,53,4.86
119088,2022-05-12,台東縣,延平鄉,8,50,4.71
119470,2022-05-11,台東縣,延平鄉,4,42,3.86
119857,2022-05-10,台東縣,延平鄉,8,38,3.86
120239,2022-05-09,台東縣,延平鄉,3,30,3.14
120619,2022-05-08,台東縣,延平鄉,5,27,2.71
121005,2022-05-07,台東縣,延平鄉,3,22,2.29
121383,2022-05-06,台東縣,延平鄉,2,19,2.00
121756,2022-05-05,台東縣,延平鄉,2,17,1.86
122122,2022-05-04,台東縣,延平鄉,4,15,1.57
122485,2022-05-03,台東縣,延平鄉,3,11,1.14
123179,2022-05-01,台東縣,延平鄉,2,8,0.86
123515,2022-04-30,台東縣,延平鄉,1,6,0.57
123839,2022-04-29,台東縣,延平鄉,1,5,0.43
124457,2022-04-27,台東縣,延平鄉,1,4,0.29
124752,2022-04-26,台東縣,延平鄉,1,3,0.14
126786,2022-04-17,台東縣,延平鄉,2,2,0.29
