UID,個案死亡日,縣市別,區域,新增死亡人數,累計死亡人數,七天移動平均新增死亡人數
10,2023-05-29,台東縣,全區,1,214,0.14
99,2023-04-11,台東縣,全區,1,213,0.14
246,2023-03-29,台東縣,全區,1,212,0.14
400,2023-03-22,台東縣,全區,1,211,0.43
533,2023-03-18,台東縣,全區,1,210,0.29
620,2023-03-16,台東縣,全區,1,209,0.29
832,2023-03-11,台東縣,全區,1,208,0.43
923,2023-03-09,台東縣,全區,1,207,0.29
1117,2023-03-05,台東縣,全區,1,206,0.14
1671,2023-02-23,台東縣,全區,1,205,0.43
1742,2023-02-22,台東縣,全區,1,204,0.29
1800,2023-02-21,台東縣,全區,1,203,0.29
2141,2023-02-15,台東縣,全區,1,202,1.14
2207,2023-02-14,台東縣,全區,2,201,1.00
2278,2023-02-13,台東縣,全區,1,199,0.86
2334,2023-02-12,台東縣,全區,1,198,1.00
2395,2023-02-11,台東縣,全區,2,197,0.86
2526,2023-02-09,台東縣,全區,1,195,0.86
2677,2023-02-07,台東縣,全區,1,194,0.71
2736,2023-02-06,台東縣,全區,2,193,0.57
2911,2023-02-03,台東縣,全區,2,191,0.57
3226,2023-01-29,台東縣,全區,1,189,0.43
3287,2023-01-28,台東縣,全區,1,188,0.29
3335,2023-01-27,台東縣,全區,1,187,0.14
3930,2023-01-15,台東縣,全區,1,186,0.29
4183,2023-01-10,台東縣,全區,1,185,0.29
4476,2023-01-04,台東縣,全區,1,184,0.29
4793,2022-12-29,台東縣,全區,1,183,0.57
4828,2022-12-28,台東縣,全區,1,182,0.43
4869,2022-12-27,台東縣,全區,1,181,0.29
4993,2022-12-24,台東縣,全區,1,180,0.14
5467,2022-12-11,台東縣,全區,1,179,0.29
5582,2022-12-08,台東縣,全區,1,178,0.71
5737,2022-12-04,台東縣,全區,1,177,0.57
5770,2022-12-03,台東縣,全區,3,176,0.43
6126,2022-11-24,台東縣,全區,1,173,0.43
6172,2022-11-23,台東縣,全區,1,172,0.29
6217,2022-11-22,台東縣,全區,1,171,0.14
6966,2022-11-08,台東縣,全區,1,170,0.14
7508,2022-10-30,台東縣,全區,1,169,0.71
7701,2022-10-27,台東縣,全區,1,168,0.86
7771,2022-10-26,台東縣,全區,2,167,1.00
7913,2022-10-24,台東縣,全區,1,165,0.71
8059,2022-10-22,台東縣,全區,1,164,0.71
8125,2022-10-21,台東縣,全區,1,163,1.00
8205,2022-10-20,台東縣,全區,2,162,1.14
8493,2022-10-16,台東縣,全區,1,160,1.43
8555,2022-10-15,台東縣,全區,3,159,1.43
8620,2022-10-14,台東縣,全區,2,156,1.00
8697,2022-10-13,台東縣,全區,1,154,0.71
8766,2022-10-12,台東縣,全區,1,153,0.57
8836,2022-10-11,台東縣,全區,1,152,0.57
8903,2022-10-10,台東縣,全區,1,151,0.43
8975,2022-10-09,台東縣,全區,1,150,0.29
9223,2022-10-05,台東縣,全區,1,149,0.43
9510,2022-10-01,台東縣,全區,1,148,0.86
9569,2022-09-30,台東縣,全區,1,147,0.71
9695,2022-09-28,台東縣,全區,1,146,0.71
9811,2022-09-26,台東縣,全區,1,145,0.57
9864,2022-09-25,台東縣,全區,2,144,0.43
9977,2022-09-23,台東縣,全區,1,142,0.57
10255,2022-09-18,台東縣,全區,1,141,0.86
10301,2022-09-17,台東縣,全區,2,140,0.71
10362,2022-09-16,台東縣,全區,1,138,0.43
10424,2022-09-15,台東縣,全區,1,137,0.29
10534,2022-09-13,台東縣,全區,1,136,0.14
10955,2022-09-04,台東縣,全區,1,135,0.86
11050,2022-09-02,台東縣,全區,2,134,0.71
11082,2022-09-01,台東縣,全區,1,132,0.43
11162,2022-08-30,台東縣,全區,1,131,0.29
11207,2022-08-29,台東縣,全區,1,130,0.14
11476,2022-08-22,台東縣,全區,1,129,0.29
11588,2022-08-19,台東縣,全區,1,128,0.14
11878,2022-08-11,台東縣,全區,1,127,0.43
12047,2022-08-07,台東縣,全區,1,126,0.43
12077,2022-08-06,台東縣,全區,1,125,0.43
12306,2022-08-01,台東縣,全區,1,124,1.57
12355,2022-07-31,台東縣,全區,1,123,2.00
12408,2022-07-30,台東縣,全區,1,122,2.14
12455,2022-07-29,台東縣,全區,1,121,2.14
12513,2022-07-28,台東縣,全區,1,120,2.14
12561,2022-07-27,台東縣,全區,5,119,2.00
12618,2022-07-26,台東縣,全區,1,114,1.29
12685,2022-07-25,台東縣,全區,4,113,1.14
12739,2022-07-24,台東縣,全區,2,109,0.86
12794,2022-07-23,台東縣,全區,1,107,0.71
12849,2022-07-22,台東縣,全區,1,106,1.00
13091,2022-07-18,台東縣,全區,2,105,1.57
13148,2022-07-17,台東縣,全區,1,103,1.43
13215,2022-07-16,台東縣,全區,3,102,1.43
13288,2022-07-15,台東縣,全區,1,99,1.00
13358,2022-07-14,台東縣,全區,2,98,1.00
13422,2022-07-13,台東縣,全區,2,96,0.86
13572,2022-07-11,台東縣,全區,1,94,1.00
13640,2022-07-10,台東縣,全區,1,93,1.14
13775,2022-07-08,台東縣,全區,1,92,1.29
13843,2022-07-07,台東縣,全區,1,91,1.14
13929,2022-07-06,台東縣,全區,2,90,1.14
14015,2022-07-05,台東縣,全區,1,88,0.86
14101,2022-07-04,台東縣,全區,2,87,0.71
14200,2022-07-03,台東縣,全區,2,85,0.57
14466,2022-06-30,台東縣,全區,1,83,0.57
14758,2022-06-27,台東縣,全區,1,82,0.86
15057,2022-06-24,台東縣,全區,2,81,1.00
15147,2022-06-23,台東縣,全區,1,79,1.00
15381,2022-06-21,台東縣,全區,2,78,1.43
15493,2022-06-20,台東縣,全區,1,76,1.29
15720,2022-06-18,台東縣,全區,1,75,2.00
15840,2022-06-17,台東縣,全區,2,74,2.43
15976,2022-06-16,台東縣,全區,2,72,2.43
16093,2022-06-15,台東縣,全區,2,70,2.29
16229,2022-06-14,台東縣,全區,1,68,2.14
16360,2022-06-13,台東縣,全區,3,67,2.29
16479,2022-06-12,台東縣,全區,3,64,2.43
16603,2022-06-11,台東縣,全區,4,61,2.14
16733,2022-06-10,台東縣,全區,2,57,1.71
16841,2022-06-09,台東縣,全區,1,55,1.71
16962,2022-06-08,台東縣,全區,1,54,1.86
17094,2022-06-07,台東縣,全區,2,53,2.29
17220,2022-06-06,台東縣,全區,4,51,2.29
17348,2022-06-05,台東縣,全區,1,47,2.43
17455,2022-06-04,台東縣,全區,1,46,2.57
17584,2022-06-03,台東縣,全區,2,45,2.57
17707,2022-06-02,台東縣,全區,2,43,2.86
17811,2022-06-01,台東縣,全區,4,41,2.71
17945,2022-05-31,台東縣,全區,2,37,2.29
18070,2022-05-30,台東縣,全區,5,35,2.14
18199,2022-05-29,台東縣,全區,2,30,1.71
18306,2022-05-28,台東縣,全區,1,28,1.57
18409,2022-05-27,台東縣,全區,4,27,1.71
18503,2022-05-26,台東縣,全區,1,23,1.29
18607,2022-05-25,台東縣,全區,1,22,1.29
18701,2022-05-24,台東縣,全區,1,21,1.29
18786,2022-05-23,台東縣,全區,2,20,1.57
18879,2022-05-22,台東縣,全區,1,18,1.57
18969,2022-05-21,台東縣,全區,2,17,1.57
19052,2022-05-20,台東縣,全區,1,15,1.29
19124,2022-05-19,台東縣,全區,1,14,1.29
19193,2022-05-18,台東縣,全區,1,13,1.43
19262,2022-05-17,台東縣,全區,3,12,1.43
19323,2022-05-16,台東縣,全區,2,9,1.14
19380,2022-05-15,台東縣,全區,1,7,0.86
19491,2022-05-13,台東縣,全區,1,6,0.71
19533,2022-05-12,台東縣,全區,2,5,0.57
19574,2022-05-11,台東縣,全區,1,3,0.29
19617,2022-05-10,台東縣,全區,1,2,0.14
20567,2021-06-06,台東縣,全區,1,1,0.14
