UID,個案研判日,縣市別,區域,新增確診人數,累計確診人數,七天移動平均新增確診人數
830,2023-03-20,台東縣,東河鄉,1,2061,0.43
1142,2023-03-19,台東縣,東河鄉,1,2060,0.29
1825,2023-03-17,台東縣,東河鄉,1,2059,0.29
3941,2023-03-11,台東縣,東河鄉,1,2058,1.00
4649,2023-03-09,台東縣,東河鄉,1,2057,1.14
5005,2023-03-08,台東縣,東河鄉,1,2056,1.14
5359,2023-03-07,台東縣,東河鄉,4,2055,1.29
6777,2023-03-03,台東縣,東河鄉,2,2051,1.29
7139,2023-03-02,台東縣,東河鄉,1,2049,1.00
7504,2023-03-01,台東縣,東河鄉,2,2048,0.86
7875,2023-02-28,台東縣,東河鄉,2,2046,0.86
8237,2023-02-27,台東縣,東河鄉,1,2044,0.71
8943,2023-02-25,台東縣,東河鄉,1,2043,0.71
10046,2023-02-22,台東縣,東河鄉,2,2042,1.14
10419,2023-02-21,台東縣,東河鄉,1,2040,1.14
10791,2023-02-20,台東縣,東河鄉,1,2039,1.14
11525,2023-02-18,台東縣,東河鄉,2,2038,1.29
11893,2023-02-17,台東縣,東河鄉,1,2036,1.43
12266,2023-02-16,台東縣,東河鄉,1,2035,1.43
12642,2023-02-15,台東縣,東河鄉,2,2034,1.29
13017,2023-02-14,台東縣,東河鄉,1,2032,1.43
13388,2023-02-13,台東縣,東河鄉,2,2031,1.71
14124,2023-02-11,台東縣,東河鄉,3,2029,2.14
14494,2023-02-10,台東縣,東河鄉,1,2026,2.14
15248,2023-02-08,台東縣,東河鄉,3,2025,3.29
15626,2023-02-07,台東縣,東河鄉,3,2022,3.00
16006,2023-02-06,台東縣,東河鄉,3,2019,4.00
16381,2023-02-05,台東縣,東河鄉,2,2016,4.86
16755,2023-02-04,台東縣,東河鄉,3,2014,5.29
17134,2023-02-03,台東縣,東河鄉,7,2011,5.43
17521,2023-02-02,台東縣,東河鄉,2,2004,6.14
17901,2023-02-01,台東縣,東河鄉,1,2002,6.71
18283,2023-01-31,台東縣,東河鄉,10,2001,7.00
18668,2023-01-30,台東縣,東河鄉,9,1991,5.57
19053,2023-01-29,台東縣,東河鄉,5,1982,5.14
19431,2023-01-28,台東縣,東河鄉,4,1977,4.43
19807,2023-01-27,台東縣,東河鄉,12,1973,4.43
20186,2023-01-26,台東縣,東河鄉,6,1961,2.71
20557,2023-01-25,台東縣,東河鄉,3,1955,1.86
21295,2023-01-23,台東縣,東河鄉,6,1952,1.57
22034,2023-01-21,台東縣,東河鄉,4,1946,1.43
23143,2023-01-18,台東縣,東河鄉,1,1942,1.43
23878,2023-01-16,台東縣,東河鄉,4,1941,1.71
24252,2023-01-15,台東縣,東河鄉,1,1937,1.29
24987,2023-01-13,台東縣,東河鄉,2,1936,1.71
25359,2023-01-12,台東縣,東河鄉,2,1934,1.86
25730,2023-01-11,台東縣,東河鄉,2,1932,1.71
26108,2023-01-10,台東縣,東河鄉,1,1930,1.71
26482,2023-01-09,台東縣,東河鄉,1,1929,1.86
26851,2023-01-08,台東縣,東河鄉,2,1928,1.71
27213,2023-01-07,台東縣,東河鄉,2,1926,1.57
27587,2023-01-06,台東縣,東河鄉,3,1924,1.43
27966,2023-01-05,台東縣,東河鄉,1,1921,1.14
28346,2023-01-04,台東縣,東河鄉,2,1920,1.00
28728,2023-01-03,台東縣,東河鄉,2,1918,0.86
29477,2023-01-01,台東縣,東河鄉,1,1916,1.00
29837,2022-12-31,台東縣,東河鄉,1,1915,0.86
30204,2022-12-30,台東縣,東河鄉,1,1914,0.71
30950,2022-12-28,台東縣,東河鄉,1,1913,1.43
31323,2022-12-27,台東縣,東河鄉,1,1912,1.57
31697,2022-12-26,台東縣,東河鄉,2,1911,1.57
32779,2022-12-23,台東縣,東河鄉,2,1909,1.71
33145,2022-12-22,台東縣,東河鄉,4,1907,1.43
33511,2022-12-21,台東縣,東河鄉,2,1903,0.86
33879,2022-12-20,台東縣,東河鄉,1,1901,0.86
34245,2022-12-19,台東縣,東河鄉,2,1900,1.00
34960,2022-12-17,台東縣,東河鄉,1,1898,1.14
36053,2022-12-14,台東縣,東河鄉,2,1897,1.86
36419,2022-12-13,台東縣,東河鄉,2,1895,1.71
36797,2022-12-12,台東縣,東河鄉,3,1893,1.86
37883,2022-12-09,台東縣,東河鄉,1,1890,1.43
38254,2022-12-08,台東縣,東河鄉,5,1889,1.57
38628,2022-12-07,台東縣,東河鄉,1,1884,1.43
38993,2022-12-06,台東縣,東河鄉,3,1883,1.43
40478,2022-12-02,台東縣,東河鄉,2,1880,2.57
40847,2022-12-01,台東縣,東河鄉,4,1878,2.43
41220,2022-11-30,台東縣,東河鄉,1,1874,2.00
41595,2022-11-29,台東縣,東河鄉,4,1873,2.00
41973,2022-11-28,台東縣,東河鄉,4,1869,2.00
42346,2022-11-27,台東縣,東河鄉,2,1865,1.57
42701,2022-11-26,台東縣,東河鄉,1,1863,1.29
43066,2022-11-25,台東縣,東河鄉,1,1862,1.29
43436,2022-11-24,台東縣,東河鄉,1,1861,1.14
43804,2022-11-23,台東縣,東河鄉,1,1860,1.29
44177,2022-11-22,台東縣,東河鄉,4,1859,1.43
44556,2022-11-21,台東縣,東河鄉,1,1855,1.29
45299,2022-11-19,台東縣,東河鄉,1,1854,1.57
46042,2022-11-17,台東縣,東河鄉,2,1853,1.86
46418,2022-11-16,台東縣,東河鄉,2,1851,2.43
46800,2022-11-15,台東縣,東河鄉,3,1849,2.29
47178,2022-11-14,台東縣,東河鄉,1,1846,2.14
47555,2022-11-13,台東縣,東河鄉,2,1845,3.00
47928,2022-11-12,台東縣,東河鄉,2,1843,3.00
48306,2022-11-11,台東縣,東河鄉,1,1841,3.00
48686,2022-11-10,台東縣,東河鄉,6,1840,3.43
49069,2022-11-09,台東縣,東河鄉,1,1834,2.86
49456,2022-11-08,台東縣,東河鄉,2,1833,3.43
49841,2022-11-07,台東縣,東河鄉,7,1831,3.57
50218,2022-11-06,台東縣,東河鄉,2,1824,4.29
50588,2022-11-05,台東縣,東河鄉,2,1822,4.57
50972,2022-11-04,台東縣,東河鄉,4,1820,5.00
51355,2022-11-03,台東縣,東河鄉,2,1816,5.43
51735,2022-11-02,台東縣,東河鄉,5,1814,5.43
52122,2022-11-01,台東縣,東河鄉,3,1809,5.57
52505,2022-10-31,台東縣,東河鄉,12,1806,6.86
52886,2022-10-30,台東縣,東河鄉,4,1794,5.57
53265,2022-10-29,台東縣,東河鄉,5,1790,5.00
53649,2022-10-28,台東縣,東河鄉,7,1785,4.43
54035,2022-10-27,台東縣,東河鄉,2,1778,5.14
54420,2022-10-26,台東縣,東河鄉,6,1776,6.71
54806,2022-10-25,台東縣,東河鄉,12,1770,8.00
55197,2022-10-24,台東縣,東河鄉,3,1758,7.57
55963,2022-10-22,台東縣,東河鄉,1,1755,8.57
56349,2022-10-21,台東縣,東河鄉,12,1754,8.86
56735,2022-10-20,台東縣,東河鄉,13,1742,8.43
57122,2022-10-19,台東縣,東河鄉,15,1729,8.29
57510,2022-10-18,台東縣,東河鄉,9,1714,6.86
57900,2022-10-17,台東縣,東河鄉,9,1705,8.00
58288,2022-10-16,台東縣,東河鄉,1,1696,7.14
58674,2022-10-15,台東縣,東河鄉,3,1695,7.57
59060,2022-10-14,台東縣,東河鄉,9,1692,7.71
59449,2022-10-13,台東縣,東河鄉,12,1683,6.86
59840,2022-10-12,台東縣,東河鄉,5,1671,5.86
60230,2022-10-11,台東縣,東河鄉,17,1666,5.86
60620,2022-10-10,台東縣,東河鄉,3,1649,4.14
61003,2022-10-09,台東縣,東河鄉,4,1646,4.86
61392,2022-10-08,台東縣,東河鄉,4,1642,4.29
61781,2022-10-07,台東縣,東河鄉,3,1638,4.43
62168,2022-10-06,台東縣,東河鄉,5,1635,4.43
62559,2022-10-05,台東縣,東河鄉,5,1630,4.43
62946,2022-10-04,台東縣,東河鄉,5,1625,5.86
63335,2022-10-03,台東縣,東河鄉,8,1620,6.71
64106,2022-10-01,台東縣,東河鄉,5,1612,8.29
64492,2022-09-30,台東縣,東河鄉,3,1607,8.43
64877,2022-09-29,台東縣,東河鄉,5,1604,8.43
65266,2022-09-28,台東縣,東河鄉,15,1599,8.71
65653,2022-09-27,台東縣,東河鄉,11,1584,7.29
66039,2022-09-26,台東縣,東河鄉,13,1573,7.14
66426,2022-09-25,台東縣,東河鄉,6,1560,7.00
66810,2022-09-24,台東縣,東河鄉,6,1554,7.29
67196,2022-09-23,台東縣,東河鄉,3,1548,7.71
67583,2022-09-22,台東縣,東河鄉,7,1545,9.14
67972,2022-09-21,台東縣,東河鄉,5,1538,10.57
68361,2022-09-20,台東縣,東河鄉,10,1533,12.00
68751,2022-09-19,台東縣,東河鄉,12,1523,12.29
69141,2022-09-18,台東縣,東河鄉,8,1511,12.43
69524,2022-09-17,台東縣,東河鄉,9,1503,12.57
69911,2022-09-16,台東縣,東河鄉,13,1494,12.29
70296,2022-09-15,台東縣,東河鄉,17,1481,11.00
70683,2022-09-14,台東縣,東河鄉,15,1464,10.57
71069,2022-09-13,台東縣,東河鄉,12,1449,10.14
71458,2022-09-12,台東縣,東河鄉,13,1437,10.00
71845,2022-09-11,台東縣,東河鄉,9,1424,10.71
72227,2022-09-10,台東縣,東河鄉,7,1415,10.14
72609,2022-09-09,台東縣,東河鄉,4,1408,9.71
72993,2022-09-08,台東縣,東河鄉,14,1404,10.71
73380,2022-09-07,台東縣,東河鄉,12,1390,10.29
73764,2022-09-06,台東縣,東河鄉,11,1378,9.43
74150,2022-09-05,台東縣,東河鄉,18,1367,9.71
74534,2022-09-04,台東縣,東河鄉,5,1349,7.57
74918,2022-09-03,台東縣,東河鄉,4,1344,8.00
75306,2022-09-02,台東縣,東河鄉,11,1340,8.86
75692,2022-09-01,台東縣,東河鄉,11,1329,9.29
76081,2022-08-31,台東縣,東河鄉,6,1318,9.14
76468,2022-08-30,台東縣,東河鄉,13,1312,9.57
76856,2022-08-29,台東縣,東河鄉,3,1299,9.57
77243,2022-08-28,台東縣,東河鄉,8,1296,10.43
77628,2022-08-27,台東縣,東河鄉,10,1288,9.86
78014,2022-08-26,台東縣,東河鄉,14,1278,9.86
78398,2022-08-25,台東縣,東河鄉,10,1264,8.86
78783,2022-08-24,台東縣,東河鄉,9,1254,8.43
79170,2022-08-23,台東縣,東河鄉,13,1245,8.57
79555,2022-08-22,台東縣,東河鄉,9,1232,7.71
79939,2022-08-21,台東縣,東河鄉,4,1223,6.57
80319,2022-08-20,台東縣,東河鄉,10,1219,6.14
80703,2022-08-19,台東縣,東河鄉,7,1209,5.29
81089,2022-08-18,台東縣,東河鄉,7,1202,5.14
81478,2022-08-17,台東縣,東河鄉,10,1195,5.43
81863,2022-08-16,台東縣,東河鄉,7,1185,4.57
82250,2022-08-15,台東縣,東河鄉,1,1178,6.00
82633,2022-08-14,台東縣,東河鄉,1,1177,6.14
83010,2022-08-13,台東縣,東河鄉,4,1176,6.29
83392,2022-08-12,台東縣,東河鄉,6,1172,6.14
83776,2022-08-11,台東縣,東河鄉,9,1166,6.14
84163,2022-08-10,台東縣,東河鄉,4,1157,5.43
84546,2022-08-09,台東縣,東河鄉,17,1153,5.29
84932,2022-08-08,台東縣,東河鄉,2,1136,3.43
85311,2022-08-07,台東縣,東河鄉,2,1134,4.71
85686,2022-08-06,台東縣,東河鄉,3,1132,4.57
86070,2022-08-05,台東縣,東河鄉,6,1129,5.43
86456,2022-08-04,台東縣,東河鄉,4,1123,5.86
86841,2022-08-03,台東縣,東河鄉,3,1119,6.43
87223,2022-08-02,台東縣,東河鄉,4,1116,7.71
87610,2022-08-01,台東縣,東河鄉,11,1112,9.57
87993,2022-07-31,台東縣,東河鄉,1,1101,8.29
88370,2022-07-30,台東縣,東河鄉,9,1100,8.57
88751,2022-07-29,台東縣,東河鄉,9,1091,7.86
89137,2022-07-28,台東縣,東河鄉,8,1082,7.71
89524,2022-07-27,台東縣,東河鄉,12,1074,7.00
89914,2022-07-26,台東縣,東河鄉,17,1062,6.29
90301,2022-07-25,台東縣,東河鄉,2,1045,4.86
90681,2022-07-24,台東縣,東河鄉,3,1043,5.57
91061,2022-07-23,台東縣,東河鄉,4,1040,6.14
91447,2022-07-22,台東縣,東河鄉,8,1036,5.71
91833,2022-07-21,台東縣,東河鄉,3,1028,5.29
92215,2022-07-20,台東縣,東河鄉,7,1025,5.57
92604,2022-07-19,台東縣,東河鄉,7,1018,5.29
92993,2022-07-18,台東縣,東河鄉,7,1011,5.14
93379,2022-07-17,台東縣,東河鄉,7,1004,5.00
93758,2022-07-16,台東縣,東河鄉,1,997,4.86
94146,2022-07-15,台東縣,東河鄉,5,996,5.57
94533,2022-07-14,台東縣,東河鄉,5,991,5.43
94922,2022-07-13,台東縣,東河鄉,5,986,5.71
95309,2022-07-12,台東縣,東河鄉,6,981,5.71
95698,2022-07-11,台東縣,東河鄉,6,975,6.29
96084,2022-07-10,台東縣,東河鄉,6,969,6.00
96470,2022-07-09,台東縣,東河鄉,6,963,6.00
96857,2022-07-08,台東縣,東河鄉,4,957,5.71
97248,2022-07-07,台東縣,東河鄉,7,953,6.43
97638,2022-07-06,台東縣,東河鄉,5,946,6.71
98027,2022-07-05,台東縣,東河鄉,10,941,6.71
98416,2022-07-04,台東縣,東河鄉,4,931,6.86
98806,2022-07-03,台東縣,東河鄉,6,927,9.00
99188,2022-07-02,台東縣,東河鄉,4,921,8.86
99579,2022-07-01,台東縣,東河鄉,9,917,9.00
99971,2022-06-30,台東縣,東河鄉,9,908,9.43
100362,2022-06-29,台東縣,東河鄉,5,899,9.43
100752,2022-06-28,台東縣,東河鄉,11,894,10.86
101143,2022-06-27,台東縣,東河鄉,19,883,13.29
101530,2022-06-26,台東縣,東河鄉,5,864,14.57
101917,2022-06-25,台東縣,東河鄉,5,859,14.43
102305,2022-06-24,台東縣,東河鄉,12,854,14.86
102697,2022-06-23,台東縣,東河鄉,9,842,15.29
103090,2022-06-22,台東縣,東河鄉,15,833,16.29
103479,2022-06-21,台東縣,東河鄉,28,818,17.29
103871,2022-06-20,台東縣,東河鄉,28,790,18.00
104261,2022-06-19,台東縣,東河鄉,4,762,15.71
104652,2022-06-18,台東縣,東河鄉,8,758,16.14
105043,2022-06-17,台東縣,東河鄉,15,750,18.00
105433,2022-06-16,台東縣,東河鄉,16,735,16.71
105823,2022-06-15,台東縣,東河鄉,22,719,16.57
106213,2022-06-14,台東縣,東河鄉,33,697,16.71
106605,2022-06-13,台東縣,東河鄉,12,664,15.00
106995,2022-06-12,台東縣,東河鄉,7,652,16.14
107382,2022-06-11,台東縣,東河鄉,21,645,16.00
107774,2022-06-10,台東縣,東河鄉,6,624,14.86
108163,2022-06-09,台東縣,東河鄉,15,618,17.86
108552,2022-06-08,台東縣,東河鄉,23,603,19.86
108942,2022-06-07,台東縣,東河鄉,21,580,19.00
109334,2022-06-06,台東縣,東河鄉,20,559,22.00
109724,2022-06-05,台東縣,東河鄉,6,539,20.86
110113,2022-06-04,台東縣,東河鄉,13,533,21.14
110503,2022-06-03,台東縣,東河鄉,27,520,21.71
110894,2022-06-02,台東縣,東河鄉,29,493,21.71
111284,2022-06-01,台東縣,東河鄉,17,464,20.29
111676,2022-05-31,台東縣,東河鄉,42,447,21.29
112067,2022-05-30,台東縣,東河鄉,12,405,19.00
112458,2022-05-29,台東縣,東河鄉,8,393,19.86
112848,2022-05-28,台東縣,東河鄉,17,385,21.71
113239,2022-05-27,台東縣,東河鄉,27,368,21.71
113629,2022-05-26,台東縣,東河鄉,19,341,20.14
114020,2022-05-25,台東縣,東河鄉,24,322,20.00
114410,2022-05-24,台東縣,東河鄉,26,298,19.57
114802,2022-05-23,台東縣,東河鄉,18,272,25.29
115193,2022-05-22,台東縣,東河鄉,21,254,25.00
115584,2022-05-21,台東縣,東河鄉,17,233,24.00
115969,2022-05-20,台東縣,東河鄉,16,216,23.43
116357,2022-05-19,台東縣,東河鄉,18,200,23.00
116745,2022-05-18,台東縣,東河鄉,21,182,21.14
117136,2022-05-17,台東縣,東河鄉,66,161,18.14
117524,2022-05-16,台東縣,東河鄉,16,95,9.71
117912,2022-05-15,台東縣,東河鄉,14,79,8.43
118296,2022-05-14,台東縣,東河鄉,13,65,7.00
118681,2022-05-13,台東縣,東河鄉,13,52,5.29
119069,2022-05-12,台東縣,東河鄉,5,39,3.57
119838,2022-05-10,台東縣,東河鄉,7,34,3.00
120220,2022-05-09,台東縣,東河鄉,7,27,2.00
120600,2022-05-08,台東縣,東河鄉,4,20,1.00
120986,2022-05-07,台東縣,東河鄉,1,16,0.86
121364,2022-05-06,台東縣,東河鄉,1,15,0.86
121738,2022-05-05,台東縣,東河鄉,1,14,0.86
123164,2022-05-01,台東縣,東河鄉,3,13,1.29
123499,2022-04-30,台東縣,東河鄉,1,10,0.86
123823,2022-04-29,台東縣,東河鄉,1,9,0.86
124443,2022-04-27,台東縣,東河鄉,2,8,1.00
124739,2022-04-26,台東縣,東河鄉,1,6,0.71
125018,2022-04-25,台東縣,東河鄉,1,5,0.57
125517,2022-04-23,台東縣,東河鄉,1,4,0.43
125764,2022-04-22,台東縣,東河鄉,2,3,0.29
127429,2022-04-13,台東縣,東河鄉,1,1,0.14
