UID,個案研判日,縣市別,區域,新增確診人數,累計確診人數,七天移動平均新增確診人數
3226,2023-03-13,台東縣,達仁鄉,2,1029,0.71
4639,2023-03-09,台東縣,達仁鄉,2,1027,0.71
4995,2023-03-08,台東縣,達仁鄉,1,1025,0.43
6069,2023-03-05,台東縣,達仁鄉,1,1024,0.43
6767,2023-03-03,台東縣,達仁鄉,1,1023,0.43
7494,2023-03-01,台東縣,達仁鄉,1,1022,0.43
8933,2023-02-25,台東縣,達仁鄉,1,1021,1.00
9300,2023-02-24,台東縣,達仁鄉,1,1020,0.86
10409,2023-02-21,台東縣,達仁鄉,1,1019,1.43
10781,2023-02-20,台東縣,達仁鄉,3,1018,1.86
11151,2023-02-19,台東縣,達仁鄉,1,1015,2.00
11883,2023-02-17,台東縣,達仁鄉,2,1014,2.14
12257,2023-02-16,台東縣,達仁鄉,1,1012,1.86
12632,2023-02-15,台東縣,達仁鄉,2,1011,2.00
13007,2023-02-14,台東縣,達仁鄉,4,1009,1.71
13378,2023-02-13,台東縣,達仁鄉,4,1005,1.71
13752,2023-02-12,台東縣,達仁鄉,2,1001,1.71
14857,2023-02-09,台東縣,達仁鄉,2,999,1.71
15616,2023-02-07,台東縣,達仁鄉,4,997,2.00
15996,2023-02-06,台東縣,達仁鄉,4,993,1.57
17124,2023-02-03,台東縣,達仁鄉,2,989,2.00
17511,2023-02-02,台東縣,達仁鄉,3,987,2.00
17891,2023-02-01,台東縣,達仁鄉,1,984,1.86
18273,2023-01-31,台東縣,達仁鄉,1,983,1.71
18658,2023-01-30,台東縣,達仁鄉,2,982,1.71
19043,2023-01-29,台東縣,達仁鄉,4,980,1.43
19421,2023-01-28,台東縣,達仁鄉,1,976,1.00
19797,2023-01-27,台東縣,達仁鄉,2,975,0.86
20176,2023-01-26,台東縣,達仁鄉,2,973,0.57
20917,2023-01-24,台東縣,達仁鄉,1,971,0.29
21657,2023-01-22,台東縣,達仁鄉,1,970,0.14
25720,2023-01-11,台東縣,達仁鄉,1,969,1.00
26098,2023-01-10,台東縣,達仁鄉,2,968,1.14
26472,2023-01-09,台東縣,達仁鄉,2,966,1.00
27577,2023-01-06,台東縣,達仁鄉,1,964,1.00
27956,2023-01-05,台東縣,達仁鄉,1,963,0.86
28336,2023-01-04,台東縣,達仁鄉,2,962,0.71
28718,2023-01-03,台東縣,達仁鄉,1,960,0.71
29467,2023-01-01,台東縣,達仁鄉,2,959,0.86
30941,2022-12-28,台東縣,達仁鄉,2,957,0.86
31313,2022-12-27,台東縣,達仁鄉,1,955,0.57
31687,2022-12-26,台東縣,達仁鄉,1,954,0.57
32769,2022-12-23,台東縣,達仁鄉,2,953,0.71
33869,2022-12-20,台東縣,達仁鄉,1,951,0.71
34235,2022-12-19,台東縣,達仁鄉,2,950,1.14
35318,2022-12-16,台東縣,達仁鄉,1,948,1.43
35679,2022-12-15,台東縣,達仁鄉,1,947,1.29
36410,2022-12-13,台東縣,達仁鄉,4,946,1.71
36787,2022-12-12,台東縣,達仁鄉,1,942,1.14
37146,2022-12-11,台東縣,達仁鄉,1,941,1.14
37508,2022-12-10,台東縣,達仁鄉,2,940,1.29
38244,2022-12-08,台東縣,達仁鄉,3,938,1.43
38618,2022-12-07,台東縣,達仁鄉,1,935,1.00
39360,2022-12-05,台東縣,達仁鄉,1,934,1.86
39735,2022-12-04,台東縣,達仁鄉,2,933,1.86
40101,2022-12-03,台東縣,達仁鄉,1,931,1.71
40468,2022-12-02,台東縣,達仁鄉,2,930,1.57
41210,2022-11-30,台東縣,達仁鄉,1,928,1.57
41585,2022-11-29,台東縣,達仁鄉,6,927,1.43
41963,2022-11-28,台東縣,達仁鄉,1,921,0.57
42336,2022-11-27,台東縣,達仁鄉,1,920,0.86
43426,2022-11-24,台東縣,達仁鄉,2,919,1.00
44546,2022-11-21,台東縣,達仁鄉,3,917,1.00
44922,2022-11-20,台東縣,達仁鄉,1,914,0.71
45289,2022-11-19,台東縣,達仁鄉,1,913,0.71
46408,2022-11-16,台東縣,達仁鄉,1,912,1.57
46790,2022-11-15,台東縣,達仁鄉,1,911,1.57
47168,2022-11-14,台東縣,達仁鄉,1,910,2.00
47545,2022-11-13,台東縣,達仁鄉,1,909,2.43
48297,2022-11-11,台東縣,達仁鄉,2,908,2.57
48676,2022-11-10,台東縣,達仁鄉,5,906,2.86
49059,2022-11-09,台東縣,達仁鄉,1,901,3.43
49446,2022-11-08,台東縣,達仁鄉,4,900,3.86
49831,2022-11-07,台東縣,達仁鄉,4,896,3.43
50208,2022-11-06,台東縣,達仁鄉,1,892,4.14
50578,2022-11-05,台東縣,達仁鄉,1,891,4.00
50962,2022-11-04,台東縣,達仁鄉,4,890,4.00
51345,2022-11-03,台東縣,達仁鄉,9,886,4.00
51725,2022-11-02,台東縣,達仁鄉,4,877,2.86
52112,2022-11-01,台東縣,達仁鄉,1,873,2.86
52495,2022-10-31,台東縣,達仁鄉,9,872,3.29
53255,2022-10-29,台東縣,達仁鄉,1,863,2.71
53639,2022-10-28,台東縣,達仁鄉,4,862,2.71
54025,2022-10-27,台東縣,達仁鄉,1,858,2.29
54410,2022-10-26,台東縣,達仁鄉,4,857,2.14
54796,2022-10-25,台東縣,達仁鄉,4,853,1.57
55187,2022-10-24,台東縣,達仁鄉,2,849,1.29
55572,2022-10-23,台東縣,達仁鄉,3,847,1.43
55953,2022-10-22,台東縣,達仁鄉,1,844,1.00
56339,2022-10-21,台東縣,達仁鄉,1,843,1.14
57500,2022-10-18,台東縣,達仁鄉,2,842,2.14
57890,2022-10-17,台東縣,達仁鄉,3,840,2.43
58664,2022-10-15,台東縣,達仁鄉,2,837,2.43
59050,2022-10-14,台東縣,達仁鄉,1,835,2.86
59439,2022-10-13,台東縣,達仁鄉,4,834,2.86
59830,2022-10-12,台東縣,達仁鄉,3,830,2.86
60220,2022-10-11,台東縣,達仁鄉,4,827,2.57
60610,2022-10-10,台東縣,達仁鄉,3,823,2.14
61382,2022-10-08,台東縣,達仁鄉,5,820,2.71
61771,2022-10-07,台東縣,達仁鄉,1,815,2.14
62158,2022-10-06,台東縣,達仁鄉,4,814,2.71
62549,2022-10-05,台東縣,達仁鄉,1,810,2.57
62936,2022-10-04,台東縣,達仁鄉,1,809,3.00
63325,2022-10-03,台東縣,達仁鄉,2,808,3.43
63715,2022-10-02,台東縣,達仁鄉,5,806,3.57
64096,2022-10-01,台東縣,達仁鄉,1,801,3.29
64482,2022-09-30,台東縣,達仁鄉,5,800,3.29
64867,2022-09-29,台東縣,達仁鄉,3,795,3.14
65256,2022-09-28,台東縣,達仁鄉,4,792,3.00
65643,2022-09-27,台東縣,達仁鄉,4,788,3.57
66029,2022-09-26,台東縣,達仁鄉,3,784,3.43
66416,2022-09-25,台東縣,達仁鄉,3,781,4.00
66800,2022-09-24,台東縣,達仁鄉,1,778,3.71
67186,2022-09-23,台東縣,達仁鄉,4,777,4.14
67573,2022-09-22,台東縣,達仁鄉,2,773,4.00
67962,2022-09-21,台東縣,達仁鄉,8,771,3.86
68351,2022-09-20,台東縣,達仁鄉,3,763,3.14
68741,2022-09-19,台東縣,達仁鄉,7,760,2.86
69131,2022-09-18,台東縣,達仁鄉,1,753,2.86
69514,2022-09-17,台東縣,達仁鄉,4,752,3.57
69901,2022-09-16,台東縣,達仁鄉,3,748,3.00
70286,2022-09-15,台東縣,達仁鄉,1,745,3.00
70673,2022-09-14,台東縣,達仁鄉,3,744,3.29
71059,2022-09-13,台東縣,達仁鄉,1,741,3.29
71448,2022-09-12,台東縣,達仁鄉,7,740,4.29
71835,2022-09-11,台東縣,達仁鄉,6,733,3.71
72599,2022-09-09,台東縣,達仁鄉,3,727,4.14
72983,2022-09-08,台東縣,達仁鄉,3,724,3.86
73370,2022-09-07,台東縣,達仁鄉,3,721,3.71
73754,2022-09-06,台東縣,達仁鄉,8,718,3.86
74140,2022-09-05,台東縣,達仁鄉,3,710,4.57
74524,2022-09-04,台東縣,達仁鄉,5,707,6.29
74908,2022-09-03,台東縣,達仁鄉,4,702,5.71
75296,2022-09-02,台東縣,達仁鄉,1,698,5.71
75682,2022-09-01,台東縣,達仁鄉,2,697,6.86
76071,2022-08-31,台東縣,達仁鄉,4,695,7.14
76458,2022-08-30,台東縣,達仁鄉,13,691,7.86
76846,2022-08-29,台東縣,達仁鄉,15,678,7.14
77233,2022-08-28,台東縣,達仁鄉,1,663,8.14
77618,2022-08-27,台東縣,達仁鄉,4,662,9.57
78004,2022-08-26,台東縣,達仁鄉,9,658,10.29
78388,2022-08-25,台東縣,達仁鄉,4,649,9.86
78773,2022-08-24,台東縣,達仁鄉,9,645,10.00
79160,2022-08-23,台東縣,達仁鄉,8,636,9.43
79545,2022-08-22,台東縣,達仁鄉,22,628,8.43
79929,2022-08-21,台東縣,達仁鄉,11,606,6.00
80309,2022-08-20,台東縣,達仁鄉,9,595,4.86
80693,2022-08-19,台東縣,達仁鄉,6,586,4.71
81079,2022-08-18,台東縣,達仁鄉,5,580,5.57
81468,2022-08-17,台東縣,達仁鄉,5,575,5.14
81853,2022-08-16,台東縣,達仁鄉,1,570,4.86
82240,2022-08-15,台東縣,達仁鄉,5,569,5.14
82623,2022-08-14,台東縣,達仁鄉,3,564,4.71
83000,2022-08-13,台東縣,達仁鄉,8,561,4.71
83382,2022-08-12,台東縣,達仁鄉,12,553,3.86
83766,2022-08-11,台東縣,達仁鄉,2,541,2.43
84153,2022-08-10,台東縣,達仁鄉,3,539,2.57
84536,2022-08-09,台東縣,達仁鄉,3,536,2.29
84922,2022-08-08,台東縣,達仁鄉,2,533,2.00
85301,2022-08-07,台東縣,達仁鄉,3,531,2.00
85676,2022-08-06,台東縣,達仁鄉,2,528,2.00
86060,2022-08-05,台東縣,達仁鄉,2,526,1.71
86446,2022-08-04,台東縣,達仁鄉,3,524,1.86
86831,2022-08-03,台東縣,達仁鄉,1,521,2.14
87213,2022-08-02,台東縣,達仁鄉,1,520,2.71
87600,2022-08-01,台東縣,達仁鄉,2,519,2.86
87983,2022-07-31,台東縣,達仁鄉,3,517,3.14
88741,2022-07-29,台東縣,達仁鄉,3,514,3.43
89127,2022-07-28,台東縣,達仁鄉,5,511,4.14
89514,2022-07-27,台東縣,達仁鄉,5,506,4.29
89904,2022-07-26,台東縣,達仁鄉,2,501,4.43
90291,2022-07-25,台東縣,達仁鄉,4,499,5.14
90671,2022-07-24,台東縣,達仁鄉,2,495,5.00
91051,2022-07-23,台東縣,達仁鄉,3,493,5.43
91437,2022-07-22,台東縣,達仁鄉,8,490,5.57
91823,2022-07-21,台東縣,達仁鄉,6,482,5.29
92205,2022-07-20,台東縣,達仁鄉,6,476,5.00
92594,2022-07-19,台東縣,達仁鄉,7,470,5.71
92983,2022-07-18,台東縣,達仁鄉,3,463,6.14
93369,2022-07-17,台東縣,達仁鄉,5,460,6.14
93748,2022-07-16,台東縣,達仁鄉,4,455,5.43
94136,2022-07-15,台東縣,達仁鄉,6,451,5.14
94523,2022-07-14,台東縣,達仁鄉,4,445,5.43
94912,2022-07-13,台東縣,達仁鄉,11,441,5.57
95299,2022-07-12,台東縣,達仁鄉,10,430,5.29
95688,2022-07-11,台東縣,達仁鄉,3,420,4.57
96460,2022-07-09,台東縣,達仁鄉,2,417,6.14
96847,2022-07-08,台東縣,達仁鄉,8,415,6.57
97238,2022-07-07,台東縣,達仁鄉,5,407,6.57
97628,2022-07-06,台東縣,達仁鄉,9,402,7.00
98017,2022-07-05,台東縣,達仁鄉,5,393,6.86
98406,2022-07-04,台東縣,達仁鄉,9,388,9.00
98796,2022-07-03,台東縣,達仁鄉,5,379,8.29
99178,2022-07-02,台東縣,達仁鄉,5,374,7.86
99569,2022-07-01,台東縣,達仁鄉,8,369,7.71
99961,2022-06-30,台東縣,達仁鄉,8,361,7.43
100352,2022-06-29,台東縣,達仁鄉,8,353,7.00
100742,2022-06-28,台東縣,達仁鄉,20,345,6.86
101133,2022-06-27,台東縣,達仁鄉,4,325,5.43
101520,2022-06-26,台東縣,達仁鄉,2,321,6.43
101907,2022-06-25,台東縣,達仁鄉,4,319,7.00
102295,2022-06-24,台東縣,達仁鄉,6,315,7.71
102687,2022-06-23,台東縣,達仁鄉,5,309,7.43
103080,2022-06-22,台東縣,達仁鄉,7,304,8.29
103469,2022-06-21,台東縣,達仁鄉,10,297,8.86
103861,2022-06-20,台東縣,達仁鄉,11,287,8.57
104251,2022-06-19,台東縣,達仁鄉,6,276,8.29
104642,2022-06-18,台東縣,達仁鄉,9,270,8.14
105033,2022-06-17,台東縣,達仁鄉,4,261,9.00
105423,2022-06-16,台東縣,達仁鄉,11,257,8.86
105813,2022-06-15,台東縣,達仁鄉,11,246,8.71
106203,2022-06-14,台東縣,達仁鄉,8,235,8.71
106595,2022-06-13,台東縣,達仁鄉,9,227,8.86
106985,2022-06-12,台東縣,達仁鄉,5,218,9.29
107372,2022-06-11,台東縣,達仁鄉,15,213,9.57
107764,2022-06-10,台東縣,達仁鄉,3,198,8.43
108153,2022-06-09,台東縣,達仁鄉,10,195,8.43
108542,2022-06-08,台東縣,達仁鄉,11,185,9.00
108932,2022-06-07,台東縣,達仁鄉,9,174,10.14
109324,2022-06-06,台東縣,達仁鄉,12,165,9.43
109714,2022-06-05,台東縣,達仁鄉,7,153,8.43
110103,2022-06-04,台東縣,達仁鄉,7,146,8.43
110493,2022-06-03,台東縣,達仁鄉,3,139,7.43
110884,2022-06-02,台東縣,達仁鄉,14,136,7.29
111274,2022-06-01,台東縣,達仁鄉,19,122,7.00
111666,2022-05-31,台東縣,達仁鄉,4,103,5.14
112057,2022-05-30,台東縣,達仁鄉,5,99,5.43
112448,2022-05-29,台東縣,達仁鄉,7,94,6.29
113229,2022-05-27,台東縣,達仁鄉,2,87,6.00
113619,2022-05-26,台東縣,達仁鄉,12,85,6.86
114010,2022-05-25,台東縣,達仁鄉,6,73,5.57
114400,2022-05-24,台東縣,達仁鄉,6,67,5.14
114792,2022-05-23,台東縣,達仁鄉,11,61,4.57
115183,2022-05-22,台東縣,達仁鄉,1,50,3.00
115574,2022-05-21,台東縣,達仁鄉,4,49,2.86
115959,2022-05-20,台東縣,達仁鄉,8,45,2.29
116347,2022-05-19,台東縣,達仁鄉,3,37,1.14
116735,2022-05-18,台東縣,達仁鄉,3,34,1.71
117126,2022-05-17,台東縣,達仁鄉,2,31,1.43
119059,2022-05-12,台東縣,達仁鄉,7,29,2.57
119442,2022-05-11,台東縣,達仁鄉,1,22,1.57
119828,2022-05-10,台東縣,達仁鄉,2,21,1.57
120210,2022-05-09,台東縣,達仁鄉,2,19,1.43
120590,2022-05-08,台東縣,達仁鄉,1,17,1.43
120976,2022-05-07,台東縣,達仁鄉,1,16,1.57
121354,2022-05-06,台東縣,達仁鄉,4,15,1.43
122097,2022-05-04,台東縣,達仁鄉,1,11,0.86
122460,2022-05-03,台東縣,達仁鄉,1,10,0.86
122815,2022-05-02,台東縣,達仁鄉,2,9,0.71
123155,2022-05-01,台東縣,達仁鄉,2,7,0.43
124434,2022-04-27,台東縣,達仁鄉,1,5,0.29
125997,2022-04-21,台東縣,達仁鄉,1,4,0.43
126613,2022-04-18,台東縣,達仁鄉,1,3,0.29
126931,2022-04-16,台東縣,達仁鄉,1,2,0.29
127718,2022-04-11,台東縣,達仁鄉,1,1,0.14
