UID,個案研判日,縣市別,區域,新增確診人數,累計確診人數,七天移動平均新增確診人數
2056,2023-03-16,台東縣,金峰鄉,1,1438,1.43
2758,2023-03-14,台東縣,金峰鄉,1,1437,1.29
3116,2023-03-13,台東縣,金峰鄉,4,1436,1.57
3473,2023-03-12,台東縣,金峰鄉,1,1432,1.43
3822,2023-03-11,台東縣,金峰鄉,3,1431,1.29
5241,2023-03-07,台東縣,金峰鄉,3,1428,1.29
5602,2023-03-06,台東縣,金峰鄉,3,1425,1.00
7016,2023-03-02,台東縣,金峰鄉,1,1422,1.00
7379,2023-03-01,台東縣,金峰鄉,2,1421,1.14
7751,2023-02-28,台東縣,金峰鄉,1,1419,1.00
8115,2023-02-27,台東縣,金峰鄉,1,1418,1.00
8817,2023-02-25,台東縣,金峰鄉,2,1417,1.29
9549,2023-02-23,台東縣,金峰鄉,2,1415,1.14
9919,2023-02-22,台東縣,金峰鄉,1,1413,1.29
10294,2023-02-21,台東縣,金峰鄉,1,1412,1.14
10664,2023-02-20,台東縣,金峰鄉,2,1411,1.00
11041,2023-02-19,台東縣,金峰鄉,1,1409,0.71
11768,2023-02-17,台東縣,金峰鄉,1,1408,1.00
12141,2023-02-16,台東縣,金峰鄉,3,1407,0.86
13639,2023-02-12,台東縣,金峰鄉,2,1404,1.43
13996,2023-02-11,台東縣,金峰鄉,1,1402,1.29
15498,2023-02-07,台東縣,金峰鄉,1,1401,2.57
15877,2023-02-06,台東縣,金峰鄉,6,1400,3.43
16257,2023-02-05,台東縣,金峰鄉,1,1394,2.57
16627,2023-02-04,台東縣,金峰鄉,2,1393,2.57
17006,2023-02-03,台東縣,金峰鄉,1,1391,2.29
17392,2023-02-02,台東縣,金峰鄉,1,1390,2.14
17775,2023-02-01,台東縣,金峰鄉,6,1389,2.29
18152,2023-01-31,台東縣,金峰鄉,7,1383,1.43
18924,2023-01-29,台東縣,金峰鄉,1,1376,0.57
20059,2023-01-26,台東縣,金峰鄉,2,1375,0.57
21173,2023-01-23,台東縣,金峰鄉,1,1373,0.71
21906,2023-01-21,台東縣,金峰鄉,1,1372,0.71
22645,2023-01-19,台東縣,金峰鄉,2,1371,1.57
23017,2023-01-18,台東縣,金峰鄉,1,1369,1.71
23753,2023-01-16,台東縣,金峰鄉,1,1368,2.29
24494,2023-01-14,台東縣,金峰鄉,4,1367,2.71
24863,2023-01-13,台東縣,金峰鄉,3,1363,2.29
25232,2023-01-12,台東縣,金峰鄉,3,1360,2.00
25981,2023-01-10,台東縣,金峰鄉,5,1357,2.29
26354,2023-01-09,台東縣,金峰鄉,4,1352,2.00
27090,2023-01-07,台東縣,金峰鄉,1,1348,1.71
27461,2023-01-06,台東縣,金峰鄉,1,1347,1.71
27838,2023-01-05,台東縣,金峰鄉,1,1346,2.29
28217,2023-01-04,台東縣,金峰鄉,4,1345,2.43
28598,2023-01-03,台東縣,金峰鄉,3,1341,2.00
29351,2023-01-01,台東縣,金峰鄉,2,1338,2.71
29713,2022-12-31,台東縣,金峰鄉,1,1336,2.43
30078,2022-12-30,台東縣,金峰鄉,5,1335,2.29
30452,2022-12-29,台東縣,金峰鄉,2,1330,1.71
30824,2022-12-28,台東縣,金峰鄉,1,1328,1.57
31194,2022-12-27,台東縣,金峰鄉,3,1327,2.14
31571,2022-12-26,台東縣,金峰鄉,5,1324,1.86
32656,2022-12-23,台東縣,金峰鄉,1,1319,2.14
33021,2022-12-22,台東縣,金峰鄉,1,1318,2.57
33387,2022-12-21,台東縣,金峰鄉,5,1317,3.00
33758,2022-12-20,台東縣,金峰鄉,1,1312,2.57
34122,2022-12-19,台東縣,金峰鄉,4,1311,2.43
34840,2022-12-17,台東縣,金峰鄉,3,1307,2.57
35201,2022-12-16,台東縣,金峰鄉,4,1304,2.57
35565,2022-12-15,台東縣,金峰鄉,4,1300,2.43
35935,2022-12-14,台東縣,金峰鄉,2,1296,1.86
36670,2022-12-12,台東縣,金峰鄉,5,1294,2.00
37392,2022-12-10,台東縣,金峰鄉,3,1289,1.86
37761,2022-12-09,台東縣,金峰鄉,3,1286,1.71
38499,2022-12-07,台東縣,金峰鄉,3,1283,2.43
39243,2022-12-05,台東縣,金峰鄉,1,1280,3.14
39620,2022-12-04,台東縣,金峰鄉,3,1279,3.71
39985,2022-12-03,台東縣,金峰鄉,2,1276,3.43
40356,2022-12-02,台東縣,金峰鄉,4,1274,3.14
40723,2022-12-01,台東縣,金峰鄉,4,1270,2.86
41094,2022-11-30,台東縣,金峰鄉,5,1266,2.29
41466,2022-11-29,台東縣,金峰鄉,3,1261,2.00
41846,2022-11-28,台東縣,金峰鄉,5,1258,2.14
42223,2022-11-27,台東縣,金峰鄉,1,1253,1.57
42940,2022-11-25,台東縣,金峰鄉,2,1252,2.43
43681,2022-11-23,台東縣,金峰鄉,3,1250,2.57
44052,2022-11-22,台東縣,金峰鄉,4,1247,3.00
44427,2022-11-21,台東縣,金峰鄉,1,1243,3.43
44807,2022-11-20,台東縣,金峰鄉,2,1242,4.00
45172,2022-11-19,台東縣,金峰鄉,5,1240,3.71
45918,2022-11-17,台東縣,金峰鄉,3,1235,3.43
46291,2022-11-16,台東縣,金峰鄉,6,1232,3.43
46672,2022-11-15,台東縣,金峰鄉,7,1226,2.57
47051,2022-11-14,台東縣,金峰鄉,5,1219,1.86
48179,2022-11-11,台東縣,金峰鄉,3,1214,1.86
48559,2022-11-10,台東縣,金峰鄉,3,1211,1.57
49326,2022-11-08,台東縣,金峰鄉,2,1208,1.71
49711,2022-11-07,台東縣,金峰鄉,4,1206,1.57
50464,2022-11-05,台東縣,金峰鄉,1,1202,1.86
50840,2022-11-04,台東縣,金峰鄉,1,1201,2.14
51226,2022-11-03,台東縣,金峰鄉,3,1200,2.71
51606,2022-11-02,台東縣,金峰鄉,1,1197,3.14
51992,2022-11-01,台東縣,金峰鄉,1,1196,3.29
52377,2022-10-31,台東縣,金峰鄉,5,1195,3.71
52760,2022-10-30,台東縣,金峰鄉,1,1190,4.00
53138,2022-10-29,台東縣,金峰鄉,3,1189,4.14
53518,2022-10-28,台東縣,金峰鄉,5,1186,4.29
53905,2022-10-27,台東縣,金峰鄉,6,1181,3.86
54291,2022-10-26,台東縣,金峰鄉,2,1175,3.29
54676,2022-10-25,台東縣,金峰鄉,4,1173,3.57
55065,2022-10-24,台東縣,金峰鄉,7,1169,3.86
55454,2022-10-23,台東縣,金峰鄉,2,1162,3.29
55832,2022-10-22,台東縣,金峰鄉,4,1160,3.29
56217,2022-10-21,台東縣,金峰鄉,2,1156,3.43
56607,2022-10-20,台東縣,金峰鄉,2,1154,3.71
56992,2022-10-19,台東縣,金峰鄉,4,1152,4.00
57379,2022-10-18,台東縣,金峰鄉,6,1148,4.14
57769,2022-10-17,台東縣,金峰鄉,3,1142,4.57
58159,2022-10-16,台東縣,金峰鄉,2,1139,4.14
58543,2022-10-15,台東縣,金峰鄉,5,1137,4.43
58928,2022-10-14,台東縣,金峰鄉,4,1132,4.29
59318,2022-10-13,台東縣,金峰鄉,4,1128,4.57
59709,2022-10-12,台東縣,金峰鄉,5,1124,4.43
60098,2022-10-11,台東縣,金峰鄉,9,1119,3.86
60874,2022-10-09,台東縣,金峰鄉,4,1110,3.43
61261,2022-10-08,台東縣,金峰鄉,4,1106,3.71
61650,2022-10-07,台東縣,金峰鄉,6,1102,3.43
62037,2022-10-06,台東縣,金峰鄉,3,1096,3.00
62428,2022-10-05,台東縣,金峰鄉,1,1093,2.71
62815,2022-10-04,台東縣,金峰鄉,4,1092,3.14
63203,2022-10-03,台東縣,金峰鄉,2,1088,3.71
63594,2022-10-02,台東縣,金峰鄉,6,1086,3.86
63976,2022-10-01,台東縣,金峰鄉,2,1080,3.00
64362,2022-09-30,台東縣,金峰鄉,3,1078,3.71
64746,2022-09-29,台東縣,金峰鄉,1,1075,3.71
65134,2022-09-28,台東縣,金峰鄉,4,1074,4.86
65522,2022-09-27,台東縣,金峰鄉,8,1070,5.00
65909,2022-09-26,台東縣,金峰鄉,3,1062,4.29
66681,2022-09-24,台東縣,金峰鄉,7,1059,4.57
67064,2022-09-23,台東縣,金峰鄉,3,1052,4.43
67453,2022-09-22,台東縣,金峰鄉,9,1049,5.71
67840,2022-09-21,台東縣,金峰鄉,5,1040,6.29
68229,2022-09-20,台東縣,金峰鄉,3,1035,7.00
68619,2022-09-19,台東縣,金峰鄉,5,1032,8.00
69392,2022-09-17,台東縣,金峰鄉,6,1027,10.57
69780,2022-09-16,台東縣,金峰鄉,12,1021,10.71
70165,2022-09-15,台東縣,金峰鄉,13,1009,10.43
70552,2022-09-14,台東縣,金峰鄉,10,996,11.29
70937,2022-09-13,台東縣,金峰鄉,10,986,12.00
71326,2022-09-12,台東縣,金峰鄉,13,976,12.14
71716,2022-09-11,台東縣,金峰鄉,10,963,11.86
72098,2022-09-10,台東縣,金峰鄉,7,953,10.43
72480,2022-09-09,台東縣,金峰鄉,10,946,10.00
72862,2022-09-08,台東縣,金峰鄉,19,936,9.29
73249,2022-09-07,台東縣,金峰鄉,15,917,7.29
73633,2022-09-06,台東縣,金峰鄉,11,902,6.14
74019,2022-09-05,台東縣,金峰鄉,11,891,4.86
74788,2022-09-03,台東縣,金峰鄉,4,880,4.43
75175,2022-09-02,台東縣,金峰鄉,5,876,4.00
75561,2022-09-01,台東縣,金峰鄉,5,871,4.29
75950,2022-08-31,台東縣,金峰鄉,7,866,4.86
76337,2022-08-30,台東縣,金峰鄉,2,859,4.86
76725,2022-08-29,台東縣,金峰鄉,6,857,5.43
77114,2022-08-28,台東縣,金峰鄉,2,851,6.00
77496,2022-08-27,台東縣,金峰鄉,1,849,6.57
77883,2022-08-26,台東縣,金峰鄉,7,848,7.43
78268,2022-08-25,台東縣,金峰鄉,9,841,7.29
78654,2022-08-24,台東縣,金峰鄉,7,832,6.71
79041,2022-08-23,台東縣,金峰鄉,6,825,6.57
79424,2022-08-22,台東縣,金峰鄉,10,819,6.71
79813,2022-08-21,台東縣,金峰鄉,6,809,6.29
80189,2022-08-20,台東縣,金峰鄉,7,803,5.86
80574,2022-08-19,台東縣,金峰鄉,6,796,5.86
80958,2022-08-18,台東縣,金峰鄉,5,790,5.29
81347,2022-08-17,台東縣,金峰鄉,6,785,5.71
81732,2022-08-16,台東縣,金峰鄉,7,779,5.57
82119,2022-08-15,台東縣,金峰鄉,7,772,5.29
82506,2022-08-14,台東縣,金峰鄉,3,765,5.71
82883,2022-08-13,台東縣,金峰鄉,7,762,5.29
83262,2022-08-12,台東縣,金峰鄉,2,755,4.71
83648,2022-08-11,台東縣,金峰鄉,8,753,4.57
84034,2022-08-10,台東縣,金峰鄉,5,745,3.86
84420,2022-08-09,台東縣,金峰鄉,5,740,3.86
84802,2022-08-08,台東縣,金峰鄉,10,735,3.57
85559,2022-08-06,台東縣,金峰鄉,3,725,2.29
85939,2022-08-05,台東縣,金峰鄉,1,722,2.43
86326,2022-08-04,台東縣,金峰鄉,3,721,2.29
86711,2022-08-03,台東縣,金峰鄉,5,718,2.29
87094,2022-08-02,台東縣,金峰鄉,3,713,2.00
87866,2022-07-31,台東縣,金峰鄉,1,710,3.00
88242,2022-07-30,台東縣,金峰鄉,4,709,3.29
89006,2022-07-28,台東縣,金峰鄉,3,705,4.14
89392,2022-07-27,台東縣,金峰鄉,3,702,4.86
89783,2022-07-26,台東縣,金峰鄉,1,699,5.43
90170,2022-07-25,台東縣,金峰鄉,9,698,7.14
90553,2022-07-24,台東縣,金峰鄉,3,689,6.86
90931,2022-07-23,台東縣,金峰鄉,4,686,7.86
91316,2022-07-22,台東縣,金峰鄉,6,682,7.71
91702,2022-07-21,台東縣,金峰鄉,8,676,7.86
92086,2022-07-20,台東縣,金峰鄉,7,668,7.71
92473,2022-07-19,台東縣,金峰鄉,13,661,9.00
92861,2022-07-18,台東縣,金峰鄉,7,648,7.86
93249,2022-07-17,台東縣,金峰鄉,10,641,8.86
93628,2022-07-16,台東縣,金峰鄉,3,631,7.43
94014,2022-07-15,台東縣,金峰鄉,7,628,7.57
94402,2022-07-14,台東縣,金峰鄉,7,621,7.29
94790,2022-07-13,台東縣,金峰鄉,16,614,8.29
95179,2022-07-12,台東縣,金峰鄉,5,598,6.71
95567,2022-07-11,台東縣,金峰鄉,14,593,8.14
96338,2022-07-09,台東縣,金峰鄉,4,579,8.29
96725,2022-07-08,台東縣,金峰鄉,5,575,9.00
97116,2022-07-07,台東縣,金峰鄉,14,570,9.29
97507,2022-07-06,台東縣,金峰鄉,5,556,8.43
97896,2022-07-05,台東縣,金峰鄉,15,551,8.71
98285,2022-07-04,台東縣,金峰鄉,8,536,8.86
98674,2022-07-03,台東縣,金峰鄉,7,528,9.14
99059,2022-07-02,台東縣,金峰鄉,9,521,9.00
99447,2022-07-01,台東縣,金峰鄉,7,512,9.57
99839,2022-06-30,台東縣,金峰鄉,8,505,9.14
100230,2022-06-29,台東縣,金峰鄉,7,497,10.29
100620,2022-06-28,台東縣,金峰鄉,16,490,10.14
101011,2022-06-27,台東縣,金峰鄉,10,474,8.43
101400,2022-06-26,台東縣,金峰鄉,6,464,8.29
101785,2022-06-25,台東縣,金峰鄉,13,458,7.57
102175,2022-06-24,台東縣,金峰鄉,4,445,6.14
102566,2022-06-23,台東縣,金峰鄉,16,441,6.29
102958,2022-06-22,台東縣,金峰鄉,6,425,5.00
103348,2022-06-21,台東縣,金峰鄉,4,419,5.57
103739,2022-06-20,台東縣,金峰鄉,9,415,6.14
104130,2022-06-19,台東縣,金峰鄉,1,406,5.86
104520,2022-06-18,台東縣,金峰鄉,3,405,6.57
104911,2022-06-17,台東縣,金峰鄉,5,402,7.00
105302,2022-06-16,台東縣,金峰鄉,7,397,7.00
105692,2022-06-15,台東縣,金峰鄉,10,390,7.14
106082,2022-06-14,台東縣,金峰鄉,8,380,7.57
106473,2022-06-13,台東縣,金峰鄉,7,372,8.14
106864,2022-06-12,台東縣,金峰鄉,6,365,8.29
107251,2022-06-11,台東縣,金峰鄉,6,359,8.71
107642,2022-06-10,台東縣,金峰鄉,5,353,8.29
108031,2022-06-09,台東縣,金峰鄉,8,348,8.14
108422,2022-06-08,台東縣,金峰鄉,13,340,7.14
108810,2022-06-07,台東縣,金峰鄉,12,327,5.86
109202,2022-06-06,台東縣,金峰鄉,8,315,4.86
109593,2022-06-05,台東縣,金峰鄉,9,307,4.43
109982,2022-06-04,台東縣,金峰鄉,3,298,4.29
110371,2022-06-03,台東縣,金峰鄉,4,295,5.14
110763,2022-06-02,台東縣,金峰鄉,1,291,6.14
111153,2022-06-01,台東縣,金峰鄉,4,290,8.00
111544,2022-05-31,台東縣,金峰鄉,5,286,9.00
111936,2022-05-30,台東縣,金峰鄉,5,281,9.71
112326,2022-05-29,台東縣,金峰鄉,8,276,11.71
112717,2022-05-28,台東縣,金峰鄉,9,268,10.86
113107,2022-05-27,台東縣,金峰鄉,11,259,10.29
113498,2022-05-26,台東縣,金峰鄉,14,248,11.57
113889,2022-05-25,台東縣,金峰鄉,11,234,12.29
114279,2022-05-24,台東縣,金峰鄉,10,223,12.71
114670,2022-05-23,台東縣,金峰鄉,19,213,16.00
115061,2022-05-22,台東縣,金峰鄉,2,194,14.14
115452,2022-05-21,台東縣,金峰鄉,5,192,15.14
115839,2022-05-20,台東縣,金峰鄉,20,187,16.43
116225,2022-05-19,台東縣,金峰鄉,19,167,14.86
116614,2022-05-18,台東縣,金峰鄉,14,148,14.00
117004,2022-05-17,台東縣,金峰鄉,33,134,13.71
117394,2022-05-16,台東縣,金峰鄉,6,101,9.71
117782,2022-05-15,台東縣,金峰鄉,9,95,9.57
118168,2022-05-14,台東縣,金峰鄉,14,86,9.14
118551,2022-05-13,台東縣,金峰鄉,9,72,7.71
118938,2022-05-12,台東縣,金峰鄉,13,63,7.14
119322,2022-05-11,台東縣,金峰鄉,12,50,5.71
119707,2022-05-10,台東縣,金峰鄉,5,38,4.00
120092,2022-05-09,台東縣,金峰鄉,5,33,3.43
120471,2022-05-08,台東縣,金峰鄉,6,28,2.86
120855,2022-05-07,台東縣,金峰鄉,4,22,2.14
121233,2022-05-06,台東縣,金峰鄉,5,18,1.57
121612,2022-05-05,台東縣,金峰鄉,3,13,0.86
122344,2022-05-03,台東縣,金峰鄉,1,10,0.43
122702,2022-05-02,台東縣,金峰鄉,1,9,0.29
123053,2022-05-01,台東縣,金峰鄉,1,8,0.14
133133,2021-05-29,台東縣,金峰鄉,4,7,1.00
133220,2021-05-28,台東縣,金峰鄉,1,3,0.43
133328,2021-05-27,台東縣,金峰鄉,1,2,0.29
133418,2021-05-26,台東縣,金峰鄉,1,1,0.14
