UID,個案研判日,縣市別,區域,新增確診人數,累計確診人數,七天移動平均新增確診人數
217,2023-06-14,台東縣,台東市,1,47721,0.14
568,2023-03-21,台東縣,台東市,4,47720,28.86
804,2023-03-20,台東縣,台東市,11,47716,35.43
1108,2023-03-19,台東縣,台東市,13,47705,43.29
1443,2023-03-18,台東縣,台東市,47,47692,45.14
1788,2023-03-17,台東縣,台東市,47,47645,43.86
2141,2023-03-16,台東縣,台東市,44,47598,42.43
2494,2023-03-15,台東縣,台東市,36,47554,43.14
2844,2023-03-14,台東縣,台東市,50,47518,45.57
3201,2023-03-13,台東縣,台東市,66,47468,43.86
3556,2023-03-12,台東縣,台東市,26,47402,40.71
3906,2023-03-11,台東縣,台東市,38,47376,41.86
4256,2023-03-10,台東縣,台東市,37,47338,43.14
4613,2023-03-09,台東縣,台東市,49,47301,44.71
4969,2023-03-08,台東縣,台東市,53,47252,46.29
5325,2023-03-07,台東縣,台東市,38,47199,48.71
5688,2023-03-06,台東縣,台東市,44,47161,49.43
6046,2023-03-05,台東縣,台東市,34,47117,47.00
6387,2023-03-04,台東縣,台東市,47,47083,45.43
6741,2023-03-03,台東縣,台東市,48,47036,46.00
7103,2023-03-02,台東縣,台東市,60,46988,47.71
7465,2023-03-01,台東縣,台東市,70,46928,47.00
7836,2023-02-28,台東縣,台東市,43,46858,45.86
8202,2023-02-27,台東縣,台東市,27,46815,52.00
8552,2023-02-26,台東縣,台東市,23,46788,62.71
8906,2023-02-25,台東縣,台東市,51,46765,66.71
9275,2023-02-24,台東縣,台東市,60,46714,70.00
9637,2023-02-23,台東縣,台東市,55,46654,69.29
10008,2023-02-22,台東縣,台東市,62,46599,73.57
10380,2023-02-21,台東縣,台東市,86,46537,73.71
10753,2023-02-20,台東縣,台東市,102,46451,72.14
11126,2023-02-19,台東縣,台東市,51,46349,68.29
11488,2023-02-18,台東縣,台東市,74,46298,67.00
11854,2023-02-17,台東縣,台東市,55,46224,65.57
12229,2023-02-16,台東縣,台東市,85,46169,66.00
12603,2023-02-15,台東縣,台東市,63,46084,65.43
12978,2023-02-14,台東縣,台東市,75,46021,68.71
13349,2023-02-13,台東縣,台東市,75,45946,69.86
13725,2023-02-12,台東縣,台東市,42,45871,72.57
14086,2023-02-11,台東縣,台東市,64,45829,74.00
14455,2023-02-10,台東縣,台東市,58,45765,79.43
14829,2023-02-09,台東縣,台東市,81,45707,86.29
15208,2023-02-08,台東縣,台東市,86,45626,95.43
15586,2023-02-07,台東縣,台東市,83,45540,99.29
15966,2023-02-06,台東縣,台東市,94,45457,108.00
16342,2023-02-05,台東縣,台東市,52,45363,113.71
16716,2023-02-04,台東縣,台東市,102,45311,120.29
17095,2023-02-03,台東縣,台東市,106,45209,118.14
17481,2023-02-02,台東縣,台東市,145,45103,114.29
17862,2023-02-01,台東縣,台東市,113,44958,105.43
18242,2023-01-31,台東縣,台東市,144,44845,98.14
18627,2023-01-30,台東縣,台東市,134,44701,85.29
19013,2023-01-29,台東縣,台東市,98,44567,75.57
19391,2023-01-28,台東縣,台東市,87,44469,67.57
19767,2023-01-27,台東縣,台東市,79,44382,61.71
20148,2023-01-26,台東縣,台東市,83,44303,61.00
20519,2023-01-25,台東縣,台東市,62,44220,58.57
20887,2023-01-24,台東縣,台東市,54,44158,56.86
21260,2023-01-23,台東縣,台東市,66,44104,59.71
21628,2023-01-22,台東縣,台東市,42,44038,60.57
21996,2023-01-21,台東縣,台東市,46,43996,60.14
22369,2023-01-20,台東縣,台東市,74,43950,64.57
22734,2023-01-19,台東縣,台東市,66,43876,61.43
23107,2023-01-18,台東縣,台東市,50,43810,62.29
23472,2023-01-17,台東縣,台東市,74,43760,64.86
23840,2023-01-16,台東縣,台東市,72,43686,64.29
24218,2023-01-15,台東縣,台東市,39,43614,63.43
24581,2023-01-14,台東縣,台東市,77,43575,64.43
24948,2023-01-13,台東縣,台東市,52,43498,64.43
25319,2023-01-12,台東縣,台東市,72,43446,69.57
25692,2023-01-11,台東縣,台東市,68,43374,72.71
26069,2023-01-10,台東縣,台東市,70,43306,80.14
26442,2023-01-09,台東縣,台東市,66,43236,87.29
26816,2023-01-08,台東縣,台東市,46,43170,89.29
27176,2023-01-07,台東縣,台東市,77,43124,92.43
27550,2023-01-06,台東縣,台東市,88,43047,91.86
27926,2023-01-05,台東縣,台東市,94,42959,89.43
28305,2023-01-04,台東縣,台東市,120,42865,88.86
28687,2023-01-03,台東縣,台東市,120,42745,83.14
29067,2023-01-02,台東縣,台東市,80,42625,78.29
29439,2023-01-01,台東縣,台東市,68,42545,78.43
29799,2022-12-31,台東縣,台東市,73,42477,74.43
30167,2022-12-30,台東縣,台東市,71,42404,73.14
30541,2022-12-29,台東縣,台東市,90,42333,69.57
30912,2022-12-28,台東縣,台東市,80,42243,67.29
31282,2022-12-27,台東縣,台東市,86,42163,64.86
31657,2022-12-26,台東縣,台東市,81,42077,65.14
32025,2022-12-25,台東縣,台東市,40,41996,64.29
32384,2022-12-24,台東縣,台東市,64,41956,63.71
32742,2022-12-23,台東縣,台東市,46,41892,62.43
33110,2022-12-22,台東縣,台東市,74,41846,65.14
33475,2022-12-21,台東縣,台東市,63,41772,63.29
33842,2022-12-20,台東縣,台東市,88,41709,62.43
34208,2022-12-19,台東縣,台東市,75,41621,60.29
34574,2022-12-18,台東縣,台東市,36,41546,57.14
34925,2022-12-17,台東縣,台東市,55,41510,57.29
35287,2022-12-16,台東縣,台東市,65,41455,57.71
35650,2022-12-15,台東縣,台東市,61,41390,56.71
36020,2022-12-14,台東縣,台東市,57,41329,57.43
36379,2022-12-13,台東縣,台東市,73,41272,58.00
36759,2022-12-12,台東縣,台東市,53,41199,55.43
37121,2022-12-11,台東縣,台東市,37,41146,58.29
37480,2022-12-10,台東縣,台東市,58,41109,59.29
37847,2022-12-09,台東縣,台東市,58,41051,60.00
38214,2022-12-08,台東縣,台東市,66,40993,59.57
38588,2022-12-07,台東縣,台東市,61,40927,61.71
38955,2022-12-06,台東縣,台東市,55,40866,62.14
39331,2022-12-05,台東縣,台東市,73,40811,62.57
39706,2022-12-04,台東縣,台東市,44,40738,65.57
40074,2022-12-03,台東縣,台東市,63,40694,64.86
40442,2022-12-02,台東縣,台東市,55,40631,65.43
40809,2022-12-01,台東縣,台東市,81,40576,65.43
41181,2022-11-30,台東縣,台東市,64,40495,64.71
41555,2022-11-29,台東縣,台東市,58,40431,63.29
41933,2022-11-28,台東縣,台東市,94,40373,65.86
42310,2022-11-27,台東縣,台東市,39,40279,64.71
42666,2022-11-26,台東縣,台東市,67,40240,64.86
43029,2022-11-25,台東縣,台東市,55,40173,66.00
43398,2022-11-24,台東縣,台東市,76,40118,67.14
43766,2022-11-23,台東縣,台東市,54,40042,68.14
44139,2022-11-22,台東縣,台東市,76,39988,69.71
44517,2022-11-21,台東縣,台東市,86,39912,68.86
44895,2022-11-20,台東縣,台東市,40,39826,69.43
45262,2022-11-19,台東縣,台東市,75,39786,70.29
45633,2022-11-18,台東縣,台東市,63,39711,70.00
46007,2022-11-17,台東縣,台東市,83,39648,72.29
46381,2022-11-16,台東縣,台東市,65,39565,71.43
46762,2022-11-15,台東縣,台東市,70,39500,72.57
47140,2022-11-14,台東縣,台東市,90,39430,78.57
47518,2022-11-13,台東縣,台東市,46,39340,77.86
47891,2022-11-12,台東縣,台東市,73,39294,79.14
48268,2022-11-11,台東縣,台東市,79,39221,82.86
48646,2022-11-10,台東縣,台東市,77,39142,86.57
49030,2022-11-09,台東縣,台東市,73,39065,88.29
49417,2022-11-08,台東縣,台東市,112,38992,93.14
49802,2022-11-07,台東縣,台東市,85,38880,91.00
50180,2022-11-06,台東縣,台東市,55,38795,98.43
50550,2022-11-05,台東縣,台東市,99,38740,101.86
50931,2022-11-04,台東縣,台東市,105,38641,105.57
51316,2022-11-03,台東縣,台東市,89,38536,104.43
51695,2022-11-02,台東縣,台東市,107,38447,112.71
52082,2022-11-01,台東縣,台東市,97,38340,116.29
52465,2022-10-31,台東縣,台東市,137,38243,126.43
52849,2022-10-30,台東縣,台東市,79,38106,128.00
53225,2022-10-29,台東縣,台東市,125,38027,127.29
53609,2022-10-28,台東縣,台東市,97,37902,128.29
53996,2022-10-27,台東縣,台東市,147,37805,135.71
54379,2022-10-26,台東縣,台東市,132,37658,138.57
54765,2022-10-25,台東縣,台東市,168,37526,141.86
55156,2022-10-24,台東縣,台東市,148,37358,138.57
55542,2022-10-23,台東縣,台東市,74,37210,142.71
55922,2022-10-22,台東縣,台東市,132,37136,148.57
56308,2022-10-21,台東縣,台東市,149,37004,152.43
56697,2022-10-20,台東縣,台東市,167,36855,160.43
57082,2022-10-19,台東縣,台東市,155,36688,167.29
57469,2022-10-18,台東縣,台東市,145,36533,179.86
57859,2022-10-17,台東縣,台東市,177,36388,194.43
58248,2022-10-16,台東縣,台東市,115,36211,189.86
58633,2022-10-15,台東縣,台東市,159,36096,195.14
59019,2022-10-14,台東縣,台東市,205,35937,202.57
59408,2022-10-13,台東縣,台東市,215,35732,197.43
59799,2022-10-12,台東縣,台東市,243,35517,204.71
60189,2022-10-11,台東縣,台東市,247,35274,200.29
60579,2022-10-10,台東縣,台東市,145,35027,210.14
60963,2022-10-09,台東縣,台東市,152,34882,230.43
61351,2022-10-08,台東縣,台東市,211,34730,229.57
61740,2022-10-07,台東縣,台東市,169,34519,235.14
62127,2022-10-06,台東縣,台東市,266,34350,238.86
62518,2022-10-05,台東縣,台東市,212,34084,235.57
62906,2022-10-04,台東縣,台東市,316,33872,227.86
63294,2022-10-03,台東縣,台東市,287,33556,212.29
63685,2022-10-02,台東縣,台東市,146,33269,202.00
64065,2022-10-01,台東縣,台東市,250,33123,200.14
64451,2022-09-30,台東縣,台東市,195,32873,190.57
64837,2022-09-29,台東縣,台東市,243,32678,190.57
65225,2022-09-28,台東縣,台東市,158,32435,187.29
65612,2022-09-27,台東縣,台東市,207,32277,192.43
65999,2022-09-26,台東縣,台東市,215,32070,195.29
66386,2022-09-25,台東縣,台東市,133,31855,195.14
66770,2022-09-24,台東縣,台東市,183,31722,195.00
67155,2022-09-23,台東縣,台東市,195,31539,194.43
67543,2022-09-22,台東縣,台東市,220,31344,189.14
67931,2022-09-21,台東縣,台東市,194,31124,183.43
68320,2022-09-20,台東縣,台東市,227,30930,178.00
68710,2022-09-19,台東縣,台東市,214,30703,177.29
69100,2022-09-18,台東縣,台東市,132,30489,174.71
69483,2022-09-17,台東縣,台東市,179,30357,170.57
69870,2022-09-16,台東縣,台東市,158,30178,166.43
70255,2022-09-15,台東縣,台東市,180,30020,163.86
70642,2022-09-14,台東縣,台東市,156,29840,157.14
71028,2022-09-13,台東縣,台東市,222,29684,156.14
71417,2022-09-12,台東縣,台東市,196,29462,152.71
71805,2022-09-11,台東縣,台東市,103,29266,149.14
72187,2022-09-10,台東縣,台東市,150,29163,150.71
72570,2022-09-09,台東縣,台東市,140,29013,152.71
72952,2022-09-08,台東縣,台東市,133,28873,151.14
73339,2022-09-07,台東縣,台東市,149,28740,151.00
73723,2022-09-06,台東縣,台東市,198,28591,149.71
74109,2022-09-05,台東縣,台東市,171,28393,148.00
74494,2022-09-04,台東縣,台東市,114,28222,151.29
74877,2022-09-03,台東縣,台東市,164,28108,150.14
75265,2022-09-02,台東縣,台東市,129,27944,146.14
75651,2022-09-01,台東縣,台東市,132,27815,148.57
76040,2022-08-31,台東縣,台東市,140,27683,150.14
76427,2022-08-30,台東縣,台東市,186,27543,150.00
76815,2022-08-29,台東縣,台東市,194,27357,150.43
77202,2022-08-28,台東縣,台東市,106,27163,146.43
77587,2022-08-27,台東縣,台東市,136,27057,144.14
77973,2022-08-26,台東縣,台東市,146,26921,140.43
78357,2022-08-25,台東縣,台東市,143,26775,135.86
78742,2022-08-24,台東縣,台東市,139,26632,134.57
79130,2022-08-23,台東縣,台東市,189,26493,131.71
79514,2022-08-22,台東縣,台東市,166,26304,126.00
79900,2022-08-21,台東縣,台東市,90,26138,119.29
80279,2022-08-20,台東縣,台東市,110,26048,116.29
80662,2022-08-19,台東縣,台東市,114,25938,115.00
81048,2022-08-18,台東縣,台東市,134,25824,116.14
81437,2022-08-17,台東縣,台東市,119,25690,110.71
81822,2022-08-16,台東縣,台東市,149,25571,109.00
82209,2022-08-15,台東縣,台東市,119,25422,106.00
82593,2022-08-14,台東縣,台東市,69,25303,111.14
82970,2022-08-13,台東縣,台東市,101,25234,114.29
83351,2022-08-12,台東縣,台東市,122,25133,120.00
83736,2022-08-11,台東縣,台東市,96,25011,118.29
84122,2022-08-10,台東縣,台東市,107,24915,124.71
84508,2022-08-09,台東縣,台東市,128,24808,128.71
84891,2022-08-08,台東縣,台東市,155,24680,132.14
85272,2022-08-07,台東縣,台東市,91,24525,131.43
85646,2022-08-06,台東縣,台東市,141,24434,132.71
86029,2022-08-05,台東縣,台東市,110,24293,130.14
86415,2022-08-04,台東縣,台東市,141,24183,137.86
86800,2022-08-03,台東縣,台東市,135,24042,138.29
87182,2022-08-02,台東縣,台東市,152,23907,138.29
87569,2022-08-01,台東縣,台東市,150,23755,139.14
87954,2022-07-31,台東縣,台東市,100,23605,142.29
88331,2022-07-30,台東縣,台東市,123,23505,142.29
88710,2022-07-29,台東縣,台東市,164,23382,143.43
89096,2022-07-28,台東縣,台東市,144,23218,139.86
89483,2022-07-27,台東縣,台東市,135,23074,142.00
89873,2022-07-26,台東縣,台東市,158,22939,146.71
90260,2022-07-25,台東縣,台東市,172,22781,150.00
90641,2022-07-24,台東縣,台東市,100,22609,150.29
91021,2022-07-23,台東縣,台東市,131,22509,146.57
91406,2022-07-22,台東縣,台東市,139,22378,148.00
91792,2022-07-21,台東縣,台東市,159,22239,147.86
92175,2022-07-20,台東縣,台東市,168,22080,148.86
92563,2022-07-19,台東縣,台東市,181,21912,148.14
92952,2022-07-18,台東縣,台東市,174,21731,151.86
93338,2022-07-17,台東縣,台東市,74,21557,167.71
93717,2022-07-16,台東縣,台東市,141,21483,172.29
94105,2022-07-15,台東縣,台東市,138,21342,179.29
94492,2022-07-14,台東縣,台東市,166,21204,194.57
94881,2022-07-13,台東縣,台東市,163,21038,200.86
95269,2022-07-12,台東縣,台東市,207,20875,202.86
95657,2022-07-11,台東縣,台東市,285,20668,207.29
96044,2022-07-10,台東縣,台東市,106,20383,203.29
96429,2022-07-09,台東縣,台東市,190,20277,203.00
96816,2022-07-08,台東縣,台東市,245,20087,200.57
97207,2022-07-07,台東縣,台東市,210,19842,201.14
97598,2022-07-06,台東縣,台東市,177,19632,204.71
97986,2022-07-05,台東縣,台東市,238,19455,215.00
98376,2022-07-04,台東縣,台東市,257,19217,223.43
98765,2022-07-03,台東縣,台東市,104,18960,232.71
99148,2022-07-02,台東縣,台東市,173,18856,237.57
99538,2022-07-01,台東縣,台東市,249,18683,243.14
99930,2022-06-30,台東縣,台東市,235,18434,244.29
100321,2022-06-29,台東縣,台東市,249,18199,248.43
100711,2022-06-28,台東縣,台東市,297,17950,242.57
101102,2022-06-27,台東縣,台東市,322,17653,241.57
101489,2022-06-26,台東縣,台東市,138,17331,250.29
101876,2022-06-25,台東縣,台東市,212,17193,254.29
102265,2022-06-24,台東縣,台東市,257,16981,259.29
102656,2022-06-23,台東縣,台東市,264,16724,270.00
103049,2022-06-22,台東縣,台東市,208,16460,278.14
103438,2022-06-21,台東縣,台東市,290,16252,298.86
103830,2022-06-20,台東縣,台東市,383,15962,317.00
104220,2022-06-19,台東縣,台東市,166,15579,325.86
104611,2022-06-18,台東縣,台東市,247,15413,337.57
105002,2022-06-17,台東縣,台東市,332,15166,376.00
105392,2022-06-16,台東縣,台東市,321,14834,378.86
105782,2022-06-15,台東縣,台東市,353,14513,399.14
106172,2022-06-14,台東縣,台東市,417,14160,405.86
106564,2022-06-13,台東縣,台東市,445,13743,428.86
106954,2022-06-12,台東縣,台東市,248,13298,430.14
107341,2022-06-11,台東縣,台東市,516,13050,438.86
107733,2022-06-10,台東縣,台東市,352,12534,428.29
108122,2022-06-09,台東縣,台東市,463,12182,434.86
108511,2022-06-08,台東縣,台東市,400,11719,450.29
108901,2022-06-07,台東縣,台東市,578,11319,466.29
109293,2022-06-06,台東縣,台東市,454,10741,461.57
109683,2022-06-05,台東縣,台東市,309,10287,464.57
110072,2022-06-04,台東縣,台東市,442,9978,467.71
110462,2022-06-03,台東縣,台東市,398,9536,477.86
110853,2022-06-02,台東縣,台東市,571,9138,479.29
111243,2022-06-01,台東縣,台東市,512,8567,467.86
111635,2022-05-31,台東縣,台東市,545,8055,448.71
112026,2022-05-30,台東縣,台東市,475,7510,424.43
112417,2022-05-29,台東縣,台東市,331,7035,421.71
112808,2022-05-28,台東縣,台東市,513,6704,418.71
113198,2022-05-27,台東縣,台東市,408,6191,386.71
113588,2022-05-26,台東縣,台東市,491,5783,370.14
113979,2022-05-25,台東縣,台東市,378,5292,348.57
114369,2022-05-24,台東縣,台東市,375,4914,344.14
114761,2022-05-23,台東縣,台東市,456,4539,332.57
115152,2022-05-22,台東縣,台東市,310,4083,295.43
115543,2022-05-21,台東縣,台東市,289,3773,273.43
115928,2022-05-20,台東縣,台東市,292,3484,252.14
116316,2022-05-19,台東縣,台東市,340,3192,237.00
116704,2022-05-18,台東縣,台東市,347,2852,214.43
117095,2022-05-17,台東縣,台東市,294,2505,184.43
117484,2022-05-16,台東縣,台東市,196,2211,172.57
117872,2022-05-15,台東縣,台東市,156,2015,156.29
118256,2022-05-14,台東縣,台東市,140,1859,156.14
118641,2022-05-13,台東縣,台東市,186,1719,149.86
119028,2022-05-12,台東縣,台東市,182,1533,142.71
119412,2022-05-11,台東縣,台東市,137,1351,131.29
119797,2022-05-10,台東縣,台東市,211,1214,121.00
120179,2022-05-09,台東縣,台東市,82,1003,100.29
120560,2022-05-08,台東縣,台東市,155,921,93.29
120945,2022-05-07,台東縣,台東市,96,766,76.14
121323,2022-05-06,台東縣,台東市,136,670,67.71
121700,2022-05-05,台東縣,台東市,102,534,51.86
122067,2022-05-04,台東縣,台東市,65,432,40.14
122432,2022-05-03,台東縣,台東市,66,367,36.57
122787,2022-05-02,台東縣,台東市,33,301,28.29
123131,2022-05-01,台東縣,台東市,35,268,26.29
123465,2022-04-30,台東縣,台東市,37,233,22.71
123790,2022-04-29,台東縣,台東市,25,196,20.00
124106,2022-04-28,台東縣,台東市,20,171,18.57
124413,2022-04-27,台東縣,台東市,40,151,17.43
124709,2022-04-26,台東縣,台東市,8,111,12.71
124990,2022-04-25,台東縣,台東市,19,103,11.71
125258,2022-04-24,台東縣,台東市,10,84,9.29
125495,2022-04-23,台東縣,台東市,18,74,8.71
125745,2022-04-22,台東縣,台東市,15,56,6.57
125983,2022-04-21,台東縣,台東市,12,41,5.00
126214,2022-04-20,台東縣,台東市,7,29,3.57
126411,2022-04-19,台東縣,台東市,1,22,2.57
126601,2022-04-18,台東縣,台東市,2,21,2.57
126770,2022-04-17,台東縣,台東市,6,19,2.29
126922,2022-04-16,台東縣,台東市,3,13,1.57
127094,2022-04-15,台東縣,台東市,4,10,1.14
127264,2022-04-14,台東縣,台東市,2,6,0.57
127573,2022-04-12,台東縣,台東市,1,4,0.29
127841,2022-04-10,台東縣,台東市,1,3,0.14
128756,2022-03-30,台東縣,台東市,2,2,0.29
