UID,個案研判日,縣市別,區域,新增確診人數,累計確診人數,七天移動平均新增確診人數
532,2023-03-21,嘉義市,西區,2,54357,40.71
713,2023-03-20,嘉義市,西區,11,54355,49.00
1005,2023-03-19,嘉義市,西區,32,54344,57.29
1334,2023-03-18,嘉義市,西區,59,54312,58.00
1673,2023-03-17,嘉義市,西區,58,54253,59.43
2026,2023-03-16,嘉義市,西區,56,54195,57.00
2378,2023-03-15,嘉義市,西區,67,54139,57.86
2729,2023-03-14,嘉義市,西區,60,54072,55.57
3086,2023-03-13,嘉義市,西區,69,54012,55.29
3444,2023-03-12,嘉義市,西區,37,53943,56.29
3791,2023-03-11,嘉義市,西區,69,53906,57.43
4143,2023-03-10,嘉義市,西區,41,53837,59.14
4499,2023-03-09,嘉義市,西區,62,53796,61.00
4858,2023-03-08,嘉義市,西區,51,53734,61.43
5211,2023-03-07,嘉義市,西區,58,53683,65.86
5571,2023-03-06,嘉義市,西區,76,53625,67.57
5935,2023-03-05,嘉義市,西區,45,53549,65.71
6274,2023-03-04,嘉義市,西區,81,53504,66.14
6627,2023-03-03,嘉義市,西區,54,53423,66.14
6986,2023-03-02,嘉義市,西區,65,53369,69.29
7350,2023-03-01,嘉義市,西區,82,53304,69.43
7721,2023-02-28,嘉義市,西區,70,53222,67.00
8084,2023-02-27,嘉義市,西區,63,53152,67.57
8443,2023-02-26,嘉義市,西區,48,53089,75.29
8787,2023-02-25,嘉義市,西區,81,53041,76.86
9157,2023-02-24,嘉義市,西區,76,52960,76.00
9518,2023-02-23,嘉義市,西區,66,52884,74.00
9889,2023-02-22,嘉義市,西區,65,52818,78.14
10263,2023-02-21,嘉義市,西區,74,52753,81.00
10633,2023-02-20,嘉義市,西區,117,52679,85.29
11012,2023-02-19,嘉義市,西區,59,52562,84.43
11371,2023-02-18,嘉義市,西區,75,52503,85.29
11737,2023-02-17,嘉義市,西區,62,52428,87.29
12110,2023-02-16,嘉義市,西區,95,52366,90.00
12485,2023-02-15,嘉義市,西區,85,52271,87.00
12858,2023-02-14,嘉義市,西區,104,52186,89.14
13230,2023-02-13,嘉義市,西區,111,52082,88.71
13608,2023-02-12,嘉義市,西區,65,51971,88.00
13966,2023-02-11,嘉義市,西區,89,51906,86.57
14338,2023-02-10,嘉義市,西區,81,51817,89.00
14711,2023-02-09,嘉義市,西區,74,51736,91.43
15088,2023-02-08,嘉義市,西區,100,51662,95.43
15467,2023-02-07,嘉義市,西區,101,51562,99.14
15846,2023-02-06,嘉義市,西區,106,51461,107.14
16227,2023-02-05,嘉義市,西區,55,51355,109.86
16596,2023-02-04,嘉義市,西區,106,51300,119.43
16975,2023-02-03,嘉義市,西區,98,51194,127.00
17361,2023-02-02,嘉義市,西區,102,51096,129.71
17744,2023-02-01,嘉義市,西區,126,50994,130.86
18121,2023-01-31,嘉義市,西區,157,50868,125.57
18506,2023-01-30,嘉義市,西區,125,50711,114.86
18895,2023-01-29,嘉義市,西區,122,50586,109.43
19271,2023-01-28,嘉義市,西區,159,50464,98.57
19650,2023-01-27,嘉義市,西區,117,50305,88.57
20028,2023-01-26,嘉義市,西區,110,50188,86.43
20405,2023-01-25,嘉義市,西區,89,50078,79.43
20770,2023-01-24,嘉義市,西區,82,49989,78.43
21145,2023-01-23,嘉義市,西區,87,49907,79.29
21512,2023-01-22,嘉義市,西區,46,49820,81.57
21876,2023-01-21,嘉義市,西區,89,49774,84.71
22248,2023-01-20,嘉義市,西區,102,49685,86.29
22615,2023-01-19,嘉義市,西區,61,49583,86.00
22986,2023-01-18,嘉義市,西區,82,49522,90.00
23356,2023-01-17,嘉義市,西區,88,49440,91.14
23722,2023-01-16,嘉義市,西區,103,49352,96.14
24098,2023-01-15,嘉義市,西區,68,49249,100.29
24464,2023-01-14,嘉義市,西區,100,49181,99.29
24833,2023-01-13,嘉義市,西區,100,49081,101.57
25201,2023-01-12,嘉義市,西區,89,48981,108.43
25576,2023-01-11,嘉義市,西區,90,48892,119.71
25952,2023-01-10,嘉義市,西區,123,48802,126.00
26324,2023-01-09,嘉義市,西區,132,48679,135.71
26701,2023-01-08,嘉義市,西區,61,48547,137.43
27059,2023-01-07,嘉義市,西區,116,48486,140.14
27431,2023-01-06,嘉義市,西區,148,48370,141.57
27807,2023-01-05,嘉義市,西區,168,48222,139.29
28187,2023-01-04,嘉義市,西區,134,48054,132.86
28568,2023-01-03,嘉義市,西區,191,47920,132.14
28949,2023-01-02,嘉義市,西區,144,47729,122.86
29321,2023-01-01,嘉義市,西區,80,47585,119.00
29683,2022-12-31,嘉義市,西區,126,47505,115.14
30049,2022-12-30,嘉義市,西區,132,47379,108.29
30421,2022-12-29,嘉義市,西區,123,47247,100.29
30793,2022-12-28,嘉義市,西區,129,47124,93.71
31164,2022-12-27,嘉義市,西區,126,46995,87.86
31540,2022-12-26,嘉義市,西區,117,46869,83.14
31912,2022-12-25,嘉義市,西區,53,46752,77.00
32267,2022-12-24,嘉義市,西區,78,46699,75.00
32627,2022-12-23,嘉義市,西區,76,46621,74.71
32991,2022-12-22,嘉義市,西區,77,46545,76.29
33358,2022-12-21,嘉義市,西區,88,46468,73.86
33728,2022-12-20,嘉義市,西區,93,46380,72.43
34091,2022-12-19,嘉義市,西區,74,46287,71.57
34461,2022-12-18,嘉義市,西區,39,46213,73.86
34810,2022-12-17,嘉義市,西區,76,46174,77.14
35170,2022-12-16,嘉義市,西區,87,46098,76.43
35535,2022-12-15,嘉義市,西區,60,46011,77.00
35906,2022-12-14,嘉義市,西區,78,45951,76.71
36264,2022-12-13,嘉義市,西區,87,45873,75.71
36639,2022-12-12,嘉義市,西區,90,45786,77.14
37009,2022-12-11,嘉義市,西區,62,45696,78.57
37362,2022-12-10,嘉義市,西區,71,45634,76.00
37731,2022-12-09,嘉義市,西區,91,45563,79.00
38096,2022-12-08,嘉義市,西區,58,45472,78.00
38469,2022-12-07,嘉義市,西區,71,45414,81.43
38840,2022-12-06,嘉義市,西區,97,45343,85.71
39212,2022-12-05,嘉義市,西區,100,45246,90.71
39590,2022-12-04,嘉義市,西區,44,45146,92.29
39955,2022-12-03,嘉義市,西區,92,45102,94.29
40325,2022-12-02,嘉義市,西區,84,45010,93.29
40694,2022-12-01,嘉義市,西區,82,44926,94.71
41063,2022-11-30,嘉義市,西區,101,44844,93.86
41435,2022-11-29,嘉義市,西區,132,44743,94.86
41815,2022-11-28,嘉義市,西區,111,44611,92.14
42192,2022-11-27,嘉義市,西區,58,44500,93.43
42553,2022-11-26,嘉義市,西區,85,44442,93.57
42909,2022-11-25,嘉義市,西區,94,44357,98.29
43281,2022-11-24,嘉義市,西區,76,44263,98.14
43651,2022-11-23,嘉義市,西區,108,44187,101.86
44022,2022-11-22,嘉義市,西區,113,44079,104.00
44396,2022-11-21,嘉義市,西區,120,43966,108.57
44777,2022-11-20,嘉義市,西區,59,43846,112.57
45142,2022-11-19,嘉義市,西區,118,43787,119.00
45516,2022-11-18,嘉義市,西區,93,43669,120.57
45888,2022-11-17,嘉義市,西區,102,43576,126.43
46261,2022-11-16,嘉義市,西區,123,43474,135.29
46641,2022-11-15,嘉義市,西區,145,43351,136.86
47022,2022-11-14,嘉義市,西區,148,43206,140.43
47403,2022-11-13,嘉義市,西區,104,43058,146.57
47773,2022-11-12,嘉義市,西區,129,42954,148.86
48149,2022-11-11,嘉義市,西區,134,42825,159.00
48529,2022-11-10,嘉義市,西區,164,42691,165.43
48911,2022-11-09,嘉義市,西區,134,42527,171.00
49295,2022-11-08,嘉義市,西區,170,42393,181.14
49680,2022-11-07,嘉義市,西區,191,42223,186.43
50065,2022-11-06,嘉義市,西區,120,42032,194.57
50434,2022-11-05,嘉義市,西區,200,41912,197.14
50809,2022-11-04,嘉義市,西區,179,41712,201.00
51195,2022-11-03,嘉義市,西區,203,41533,211.43
51575,2022-11-02,嘉義市,西區,205,41330,218.00
51961,2022-11-01,嘉義市,西區,207,41125,223.86
52346,2022-10-31,嘉義市,西區,248,40918,230.43
52729,2022-10-30,嘉義市,西區,138,40670,243.00
53108,2022-10-29,嘉義市,西區,227,40532,248.29
53487,2022-10-28,嘉義市,西區,252,40305,250.57
53874,2022-10-27,嘉義市,西區,249,40053,245.71
54261,2022-10-26,嘉義市,西區,246,39804,242.29
54645,2022-10-25,嘉義市,西區,253,39558,243.86
55034,2022-10-24,嘉義市,西區,336,39305,248.57
55424,2022-10-23,嘉義市,西區,175,38969,250.00
55801,2022-10-22,嘉義市,西區,243,38794,247.57
56186,2022-10-21,嘉義市,西區,218,38551,249.43
56576,2022-10-20,嘉義市,西區,225,38333,260.43
56961,2022-10-19,嘉義市,西區,257,38108,271.29
57348,2022-10-18,嘉義市,西區,286,37851,281.00
57738,2022-10-17,嘉義市,西區,346,37565,289.29
58128,2022-10-16,嘉義市,西區,158,37219,279.43
58512,2022-10-15,嘉義市,西區,256,37061,282.29
58897,2022-10-14,嘉義市,西區,295,36805,281.57
59287,2022-10-13,嘉義市,西區,301,36510,275.86
59678,2022-10-12,嘉義市,西區,325,36209,272.14
60067,2022-10-11,嘉義市,西區,344,35884,258.00
60459,2022-10-10,嘉義市,西區,277,35540,247.57
60843,2022-10-09,嘉義市,西區,178,35263,251.00
61230,2022-10-08,嘉義市,西區,251,35085,246.86
61619,2022-10-07,嘉義市,西區,255,34834,242.00
62006,2022-10-06,嘉義市,西區,275,34579,243.00
62397,2022-10-05,嘉義市,西區,226,34304,235.43
62784,2022-10-04,嘉義市,西區,271,34078,240.57
63172,2022-10-03,嘉義市,西區,301,33807,236.29
63563,2022-10-02,嘉義市,西區,149,33506,230.57
63945,2022-10-01,嘉義市,西區,217,33357,230.71
64331,2022-09-30,嘉義市,西區,262,33140,225.43
64715,2022-09-29,嘉義市,西區,222,32878,224.43
65103,2022-09-28,嘉義市,西區,262,32656,226.43
65491,2022-09-27,嘉義市,西區,241,32394,215.43
65878,2022-09-26,嘉義市,西區,261,32153,212.43
66267,2022-09-25,嘉義市,西區,150,31892,209.86
66650,2022-09-24,嘉義市,西區,180,31742,205.57
67033,2022-09-23,嘉義市,西區,255,31562,213.43
67422,2022-09-22,嘉義市,西區,236,31307,204.00
67809,2022-09-21,嘉義市,西區,185,31071,197.71
68198,2022-09-20,嘉義市,西區,220,30886,205.86
68588,2022-09-19,嘉義市,西區,243,30666,209.71
68979,2022-09-18,嘉義市,西區,120,30423,220.57
69361,2022-09-17,嘉義市,西區,235,30303,220.71
69749,2022-09-16,嘉義市,西區,189,30068,210.57
70134,2022-09-15,嘉義市,西區,192,29879,210.86
70521,2022-09-14,嘉義市,西區,242,29687,209.71
70906,2022-09-13,嘉義市,西區,247,29445,198.57
71295,2022-09-12,嘉義市,西區,319,29198,190.86
71685,2022-09-11,嘉義市,西區,121,28879,173.71
72067,2022-09-10,嘉義市,西區,164,28758,174.43
72449,2022-09-09,嘉義市,西區,191,28594,174.43
72831,2022-09-08,嘉義市,西區,184,28403,170.43
73218,2022-09-07,嘉義市,西區,164,28219,168.86
73602,2022-09-06,嘉義市,西區,193,28055,171.71
73988,2022-09-05,嘉義市,西區,199,27862,164.43
74375,2022-09-04,嘉義市,西區,126,27663,164.14
74757,2022-09-03,嘉義市,西區,164,27537,160.14
75144,2022-09-02,嘉義市,西區,163,27373,157.57
75530,2022-09-01,嘉義市,西區,173,27210,155.71
75919,2022-08-31,嘉義市,西區,184,27037,149.57
76306,2022-08-30,嘉義市,西區,142,26853,141.43
76694,2022-08-29,嘉義市,西區,197,26711,138.71
77084,2022-08-28,嘉義市,西區,98,26514,132.43
77465,2022-08-27,嘉義市,西區,146,26416,130.14
77852,2022-08-26,嘉義市,西區,150,26270,122.86
78237,2022-08-25,嘉義市,西區,130,26120,116.86
78623,2022-08-24,嘉義市,西區,127,25990,112.43
79010,2022-08-23,嘉義市,西區,123,25863,113.71
79393,2022-08-22,嘉義市,西區,153,25740,111.57
79783,2022-08-21,嘉義市,西區,82,25587,113.14
80158,2022-08-20,嘉義市,西區,95,25505,109.57
80543,2022-08-19,嘉義市,西區,108,25410,108.71
80927,2022-08-18,嘉義市,西區,99,25302,110.43
81316,2022-08-17,嘉義市,西區,136,25203,113.86
81701,2022-08-16,嘉義市,西區,108,25067,111.00
82088,2022-08-15,嘉義市,西區,164,24959,116.86
82475,2022-08-14,嘉義市,西區,57,24795,114.43
82852,2022-08-13,嘉義市,西區,89,24738,118.29
83231,2022-08-12,嘉義市,西區,120,24649,122.29
83617,2022-08-11,嘉義市,西區,123,24529,122.00
84003,2022-08-10,嘉義市,西區,116,24406,124.57
84389,2022-08-09,嘉義市,西區,149,24290,128.43
84771,2022-08-08,嘉義市,西區,147,24141,135.00
85156,2022-08-07,嘉義市,西區,84,23994,139.14
85529,2022-08-06,嘉義市,西區,117,23910,143.00
85908,2022-08-05,嘉義市,西區,118,23793,147.71
86295,2022-08-04,嘉義市,西區,141,23675,150.43
86680,2022-08-03,嘉義市,西區,143,23534,152.43
87063,2022-08-02,嘉義市,西區,195,23391,153.57
87448,2022-08-01,嘉義市,西區,176,23196,152.43
87836,2022-07-31,嘉義市,西區,111,23020,153.29
88212,2022-07-30,嘉義市,西區,150,22909,152.86
88591,2022-07-29,嘉義市,西區,137,22759,151.14
88975,2022-07-28,嘉義市,西區,155,22622,153.14
89361,2022-07-27,嘉義市,西區,151,22467,155.00
89752,2022-07-26,嘉義市,西區,187,22316,154.57
90139,2022-07-25,嘉義市,西區,182,22129,149.86
90523,2022-07-24,嘉義市,西區,108,21947,148.43
90900,2022-07-23,嘉義市,西區,138,21839,150.86
91285,2022-07-22,嘉義市,西區,151,21701,147.29
91671,2022-07-21,嘉義市,西區,168,21550,151.71
92055,2022-07-20,嘉義市,西區,148,21382,148.43
92442,2022-07-19,嘉義市,西區,154,21234,153.00
92830,2022-07-18,嘉義市,西區,172,21080,157.29
93219,2022-07-17,嘉義市,西區,125,20908,162.29
93597,2022-07-16,嘉義市,西區,113,20783,162.29
93984,2022-07-15,嘉義市,西區,182,20670,167.71
94371,2022-07-14,嘉義市,西區,145,20488,165.43
94759,2022-07-13,嘉義市,西區,180,20343,173.43
95148,2022-07-12,嘉義市,西區,184,20163,175.71
95536,2022-07-11,嘉義市,西區,207,19979,183.00
95924,2022-07-10,嘉義市,西區,125,19772,199.43
96307,2022-07-09,嘉義市,西區,151,19647,199.71
96694,2022-07-08,嘉義市,西區,166,19496,207.86
97085,2022-07-07,嘉義市,西區,201,19330,218.43
97476,2022-07-06,嘉義市,西區,196,19129,229.00
97865,2022-07-05,嘉義市,西區,235,18933,243.43
98254,2022-07-04,嘉義市,西區,322,18698,257.57
98643,2022-07-03,嘉義市,西區,127,18376,262.00
99028,2022-07-02,嘉義市,西區,208,18249,273.29
99416,2022-07-01,嘉義市,西區,240,18041,291.14
99808,2022-06-30,嘉義市,西區,275,17801,302.14
100199,2022-06-29,嘉義市,西區,297,17526,311.86
100589,2022-06-28,嘉義市,西區,334,17229,326.43
100980,2022-06-27,嘉義市,西區,353,16895,341.43
101369,2022-06-26,嘉義市,西區,206,16542,367.00
101754,2022-06-25,嘉義市,西區,333,16336,369.86
102144,2022-06-24,嘉義市,西區,317,16003,371.71
102535,2022-06-23,嘉義市,西區,343,15686,389.43
102927,2022-06-22,嘉義市,西區,399,15343,400.43
103317,2022-06-21,嘉義市,西區,439,14944,408.29
103708,2022-06-20,嘉義市,西區,532,14505,405.71
104099,2022-06-19,嘉義市,西區,226,13973,402.43
104489,2022-06-18,嘉義市,西區,346,13747,410.14
104880,2022-06-17,嘉義市,西區,441,13401,439.43
105271,2022-06-16,嘉義市,西區,420,12960,422.71
105661,2022-06-15,嘉義市,西區,454,12540,418.71
106051,2022-06-14,嘉義市,西區,421,12086,427.00
106442,2022-06-13,嘉義市,西區,509,11665,434.71
106833,2022-06-12,嘉義市,西區,280,11156,448.86
107220,2022-06-11,嘉義市,西區,551,10876,451.14
107611,2022-06-10,嘉義市,西區,324,10325,416.57
108000,2022-06-09,嘉義市,西區,392,10001,426.14
108391,2022-06-08,嘉義市,西區,512,9609,428.57
108779,2022-06-07,嘉義市,西區,475,9097,414.86
109171,2022-06-06,嘉義市,西區,608,8622,405.29
109562,2022-06-05,嘉義市,西區,296,8014,379.00
109951,2022-06-04,嘉義市,西區,309,7718,369.86
110340,2022-06-03,嘉義市,西區,391,7409,369.43
110732,2022-06-02,嘉義市,西區,409,7018,356.86
111122,2022-06-01,嘉義市,西區,416,6609,345.29
111513,2022-05-31,嘉義市,西區,408,6193,327.86
111905,2022-05-30,嘉義市,西區,424,5785,315.43
112295,2022-05-29,嘉義市,西區,232,5361,300.71
112686,2022-05-28,嘉義市,西區,306,5129,293.71
113076,2022-05-27,嘉義市,西區,303,4823,288.14
113467,2022-05-26,嘉義市,西區,328,4520,293.43
113858,2022-05-25,嘉義市,西區,294,4192,275.57
114248,2022-05-24,嘉義市,西區,321,3898,280.14
114639,2022-05-23,嘉義市,西區,321,3577,270.00
115030,2022-05-22,嘉義市,西區,183,3256,254.71
115421,2022-05-21,嘉義市,西區,267,3073,250.43
115808,2022-05-20,嘉義市,西區,340,2806,232.14
116194,2022-05-19,嘉義市,西區,203,2466,200.29
116583,2022-05-18,嘉義市,西區,326,2263,190.57
116973,2022-05-17,嘉義市,西區,250,1937,157.29
117363,2022-05-16,嘉義市,西區,214,1687,147.43
117751,2022-05-15,嘉義市,西區,153,1473,123.57
118137,2022-05-14,嘉義市,西區,139,1320,114.71
118520,2022-05-13,嘉義市,西區,117,1181,105.14
118907,2022-05-12,嘉義市,西區,135,1064,97.29
119291,2022-05-11,嘉義市,西區,93,929,86.29
119676,2022-05-10,嘉義市,西區,181,836,80.57
120061,2022-05-09,嘉義市,西區,47,655,60.86
120440,2022-05-08,嘉義市,西區,91,608,60.86
120825,2022-05-07,嘉義市,西區,72,517,54.57
121203,2022-05-06,嘉義市,西區,62,445,46.71
121581,2022-05-05,嘉義市,西區,58,383,40.57
121953,2022-05-04,嘉義市,西區,53,325,35.00
122314,2022-05-03,嘉義市,西區,43,272,28.71
122673,2022-05-02,嘉義市,西區,47,229,24.00
123023,2022-05-01,嘉義市,西區,47,182,17.71
123358,2022-04-30,嘉義市,西區,17,135,11.86
123688,2022-04-29,嘉義市,西區,19,118,11.43
124005,2022-04-28,嘉義市,西區,19,99,9.43
124321,2022-04-27,嘉義市,西區,9,80,7.00
124615,2022-04-26,嘉義市,西區,10,71,6.43
124904,2022-04-25,嘉義市,西區,3,61,5.14
125181,2022-04-24,嘉義市,西區,6,58,5.00
125420,2022-04-23,嘉義市,西區,14,52,4.14
125670,2022-04-22,嘉義市,西區,5,38,2.43
125916,2022-04-21,嘉義市,西區,2,33,1.86
126144,2022-04-20,嘉義市,西區,5,31,1.71
126355,2022-04-19,嘉義市,西區,1,26,1.29
126549,2022-04-18,嘉義市,西區,2,25,1.43
126888,2022-04-16,嘉義市,西區,2,23,1.14
127051,2022-04-15,嘉義市,西區,1,21,1.00
127221,2022-04-14,嘉義市,西區,1,20,1.00
127383,2022-04-13,嘉義市,西區,2,19,0.86
127532,2022-04-12,嘉義市,西區,2,17,0.57
127937,2022-04-09,嘉義市,西區,1,15,0.29
128050,2022-04-08,嘉義市,西區,1,14,0.14
128946,2022-03-20,嘉義市,西區,2,13,0.57
128958,2022-03-19,嘉義市,西區,1,11,0.29
128968,2022-03-18,嘉義市,西區,1,10,0.14
130664,2021-07-28,嘉義市,西區,1,9,0.14
132321,2021-06-09,嘉義市,西區,1,8,0.14
133214,2021-05-28,嘉義市,西區,2,7,1.00
133316,2021-05-27,嘉義市,西區,3,5,0.71
133406,2021-05-26,嘉義市,西區,1,2,0.29
133673,2021-05-23,嘉義市,西區,1,1,0.14
