UID,個案研判日,縣市別,區域,新增確診人數,累計確診人數,七天移動平均新增確診人數
45,2023-06-30,嘉義市,東區,1,44039,0.14
769,2023-03-20,嘉義市,東區,25,44038,35.86
1071,2023-03-19,嘉義市,東區,21,44013,42.00
1399,2023-03-18,嘉義市,東區,39,43992,42.57
1742,2023-03-17,嘉義市,東區,44,43953,42.43
2096,2023-03-16,嘉義市,東區,33,43909,40.14
2449,2023-03-15,嘉義市,東區,38,43876,40.43
2797,2023-03-14,嘉義市,東區,51,43838,42.57
3155,2023-03-13,嘉義市,東區,68,43787,42.00
3510,2023-03-12,嘉義市,東區,25,43719,41.14
3860,2023-03-11,嘉義市,東區,38,43694,41.43
4211,2023-03-10,嘉義市,東區,28,43656,42.14
4568,2023-03-09,嘉義市,東區,35,43628,44.86
4924,2023-03-08,嘉義市,東區,53,43593,47.43
5280,2023-03-07,嘉義市,東區,47,43540,49.71
5643,2023-03-06,嘉義市,東區,62,43493,51.00
6002,2023-03-05,嘉義市,東區,27,43431,48.57
6342,2023-03-04,嘉義市,東區,43,43404,48.14
6697,2023-03-03,嘉義市,東區,47,43361,49.57
7056,2023-03-02,嘉義市,東區,53,43314,51.29
7421,2023-03-01,嘉義市,東區,69,43261,53.00
7791,2023-02-28,嘉義市,東區,56,43192,53.00
8157,2023-02-27,嘉義市,東區,45,43136,55.57
8509,2023-02-26,嘉義市,東區,24,43091,62.57
8859,2023-02-25,嘉義市,東區,53,43067,65.14
9227,2023-02-24,嘉義市,東區,59,43014,67.71
9590,2023-02-23,嘉義市,東區,65,42955,67.43
9961,2023-02-22,嘉義市,東區,69,42890,66.43
10335,2023-02-21,嘉義市,東區,74,42821,64.43
10705,2023-02-20,嘉義市,東區,94,42747,63.71
11082,2023-02-19,嘉義市,東區,42,42653,64.43
11443,2023-02-18,嘉義市,東區,71,42611,65.00
11810,2023-02-17,嘉義市,東區,57,42540,64.57
12183,2023-02-16,嘉義市,東區,58,42483,67.57
12557,2023-02-15,嘉義市,東區,55,42425,71.14
12930,2023-02-14,嘉義市,東區,69,42370,76.43
13302,2023-02-13,嘉義市,東區,99,42301,81.57
13680,2023-02-12,嘉義市,東區,46,42202,83.00
14038,2023-02-11,嘉義市,東區,68,42156,86.86
14409,2023-02-10,嘉義市,東區,78,42088,89.57
14783,2023-02-09,嘉義市,東區,83,42010,91.14
15161,2023-02-08,嘉義市,東區,92,41927,94.43
15539,2023-02-07,嘉義市,東區,105,41835,97.14
15919,2023-02-06,嘉義市,東區,109,41730,97.00
16296,2023-02-05,嘉義市,東區,73,41621,101.71
16668,2023-02-04,嘉義市,東區,87,41548,103.00
17048,2023-02-03,嘉義市,東區,89,41461,106.29
17433,2023-02-02,嘉義市,東區,106,41372,109.29
17815,2023-02-01,嘉義市,東區,111,41266,110.86
18194,2023-01-31,嘉義市,東區,104,41155,107.71
18579,2023-01-30,嘉義市,東區,142,41051,104.71
18965,2023-01-29,嘉義市,東區,82,40909,94.00
19343,2023-01-28,嘉義市,東區,110,40827,90.00
19719,2023-01-27,嘉義市,東區,110,40717,85.71
20100,2023-01-26,嘉義市,東區,117,40607,82.00
20473,2023-01-25,嘉義市,東區,89,40490,76.14
20841,2023-01-24,嘉義市,東區,83,40401,71.86
21214,2023-01-23,嘉義市,東區,67,40318,70.86
21582,2023-01-22,嘉義市,東區,54,40251,73.29
21948,2023-01-21,嘉義市,東區,80,40197,72.43
22321,2023-01-20,嘉義市,東區,84,40117,72.00
22687,2023-01-19,嘉義市,東區,76,40033,69.00
23059,2023-01-18,嘉義市,東區,59,39957,69.57
23428,2023-01-17,嘉義市,東區,76,39898,72.43
23793,2023-01-16,嘉義市,東區,84,39822,76.43
24170,2023-01-15,嘉義市,東區,48,39738,82.43
24535,2023-01-14,嘉義市,東區,77,39690,87.43
24901,2023-01-13,嘉義市,東區,63,39613,89.71
25271,2023-01-12,嘉義市,東區,80,39550,92.71
25646,2023-01-11,嘉義市,東區,79,39470,93.86
26022,2023-01-10,嘉義市,東區,104,39391,100.57
26395,2023-01-09,嘉義市,東區,126,39287,102.57
26769,2023-01-08,嘉義市,東區,83,39161,103.00
27130,2023-01-07,嘉義市,東區,93,39078,102.29
27502,2023-01-06,嘉義市,東區,84,38985,99.14
27879,2023-01-05,嘉義市,東區,88,38901,101.14
28258,2023-01-04,嘉義市,東區,126,38813,101.86
28639,2023-01-03,嘉義市,東區,118,38687,102.71
29020,2023-01-02,嘉義市,東區,129,38569,100.00
29393,2023-01-01,嘉義市,東區,78,38440,98.14
29754,2022-12-31,嘉義市,東區,71,38362,91.43
30120,2022-12-30,嘉義市,東區,98,38291,92.43
30494,2022-12-29,嘉義市,東區,93,38193,89.14
30866,2022-12-28,嘉義市,東區,132,38100,84.57
31235,2022-12-27,嘉義市,東區,99,37968,76.86
31611,2022-12-26,嘉義市,東區,116,37869,74.57
31979,2022-12-25,嘉義市,東區,31,37753,70.29
32337,2022-12-24,嘉義市,東區,78,37722,72.14
32696,2022-12-23,嘉義市,東區,75,37644,68.43
33062,2022-12-22,嘉義市,東區,61,37569,67.43
33428,2022-12-21,嘉義市,東區,78,37508,67.14
33796,2022-12-20,嘉義市,東區,83,37430,67.00
34162,2022-12-19,嘉義市,東區,86,37347,68.71
34531,2022-12-18,嘉義市,東區,44,37261,69.14
34879,2022-12-17,嘉義市,東區,52,37217,69.14
35241,2022-12-16,嘉義市,東區,68,37165,71.14
35605,2022-12-15,嘉義市,東區,59,37097,70.29
35973,2022-12-14,嘉義市,東區,77,37038,72.43
36333,2022-12-13,嘉義市,東區,95,36961,70.71
36712,2022-12-12,嘉義市,東區,89,36866,66.14
37076,2022-12-11,嘉義市,東區,44,36777,66.00
37433,2022-12-10,嘉義市,東區,66,36733,63.57
37802,2022-12-09,嘉義市,東區,62,36667,63.43
38167,2022-12-08,嘉義市,東區,74,36605,65.00
38540,2022-12-07,嘉義市,東區,65,36531,62.29
38911,2022-12-06,嘉義市,東區,63,36466,60.86
39284,2022-12-05,嘉義市,東區,88,36403,63.00
39662,2022-12-04,嘉義市,東區,27,36315,62.14
40026,2022-12-03,嘉義市,東區,65,36288,64.00
40397,2022-12-02,嘉義市,東區,73,36223,62.71
40762,2022-12-01,嘉義市,東區,55,36150,61.43
41135,2022-11-30,嘉義市,東區,55,36095,63.71
41508,2022-11-29,嘉義市,東區,78,36040,67.71
41888,2022-11-28,嘉義市,東區,82,35962,69.14
42264,2022-11-27,嘉義市,東區,40,35880,74.00
42622,2022-11-26,嘉義市,東區,56,35840,73.43
42982,2022-11-25,嘉義市,東區,64,35784,78.14
43351,2022-11-24,嘉義市,東區,71,35720,82.00
43720,2022-11-23,嘉義市,東區,83,35649,84.57
44094,2022-11-22,嘉義市,東區,88,35566,87.57
44469,2022-11-21,嘉義市,東區,116,35478,88.57
44849,2022-11-20,嘉義市,東區,36,35362,93.71
45215,2022-11-19,嘉義市,東區,89,35326,98.43
45587,2022-11-18,嘉義市,東區,91,35237,102.29
45960,2022-11-17,嘉義市,東區,89,35146,104.57
46333,2022-11-16,嘉義市,東區,104,35057,108.86
46715,2022-11-15,嘉義市,東區,95,34953,111.43
47093,2022-11-14,嘉義市,東區,152,34858,117.71
47473,2022-11-13,嘉義市,東區,69,34706,122.71
47843,2022-11-12,嘉義市,東區,116,34637,125.57
48221,2022-11-11,嘉義市,東區,107,34521,123.86
48599,2022-11-10,嘉義市,東區,119,34414,133.86
48983,2022-11-09,嘉義市,東區,122,34295,136.71
49369,2022-11-08,嘉義市,東區,139,34173,141.43
49754,2022-11-07,嘉義市,東區,187,34034,146.57
50134,2022-11-06,嘉義市,東區,89,33847,152.57
50505,2022-11-05,嘉義市,東區,104,33758,156.86
50883,2022-11-04,嘉義市,東區,177,33654,163.86
51268,2022-11-03,嘉義市,東區,139,33477,168.14
51647,2022-11-02,嘉義市,東區,155,33338,181.86
52035,2022-11-01,嘉義市,東區,175,33183,188.43
52418,2022-10-31,嘉義市,東區,229,33008,192.71
52802,2022-10-30,嘉義市,東區,119,32779,195.43
53179,2022-10-29,嘉義市,東區,153,32660,204.14
53561,2022-10-28,嘉義市,東區,207,32507,209.43
53948,2022-10-27,嘉義市,東區,235,32300,210.00
54332,2022-10-26,嘉義市,東區,201,32065,206.14
54718,2022-10-25,嘉義市,東區,205,31864,204.86
55108,2022-10-24,嘉義市,東區,248,31659,206.71
55496,2022-10-23,嘉義市,東區,180,31411,216.57
55874,2022-10-22,嘉義市,東區,190,31231,207.43
56260,2022-10-21,嘉義市,東區,211,31041,208.14
56650,2022-10-20,嘉義市,東區,208,30830,209.00
57034,2022-10-19,嘉義市,東區,192,30622,212.86
57421,2022-10-18,嘉義市,東區,218,30430,218.71
57811,2022-10-17,嘉義市,東區,317,30212,224.57
58200,2022-10-16,嘉義市,東區,116,29895,211.86
58585,2022-10-15,嘉義市,東區,195,29779,216.71
58971,2022-10-14,嘉義市,東區,217,29584,215.14
59360,2022-10-13,嘉義市,東區,235,29367,213.43
59751,2022-10-12,嘉義市,東區,233,29132,212.86
60141,2022-10-11,嘉義市,東區,259,28899,211.29
60531,2022-10-10,嘉義市,東區,228,28640,210.43
60915,2022-10-09,嘉義市,東區,150,28412,220.29
61303,2022-10-08,嘉義市,東區,184,28262,217.71
61692,2022-10-07,嘉義市,東區,205,28078,216.86
62079,2022-10-06,嘉義市,東區,231,27873,216.00
62470,2022-10-05,嘉義市,東區,222,27642,215.00
62858,2022-10-04,嘉義市,東區,253,27420,215.43
63246,2022-10-03,嘉義市,東區,297,27167,208.57
63637,2022-10-02,嘉義市,東區,132,26870,201.43
64018,2022-10-01,嘉義市,東區,178,26738,202.57
64404,2022-09-30,嘉義市,東區,199,26560,204.43
64789,2022-09-29,嘉義市,東區,224,26361,200.57
65177,2022-09-28,嘉義市,東區,225,26137,194.86
65564,2022-09-27,嘉義市,東區,205,25912,192.57
65951,2022-09-26,嘉義市,東區,247,25707,191.71
66338,2022-09-25,嘉義市,東區,140,25460,188.86
66723,2022-09-24,嘉義市,東區,191,25320,187.86
67107,2022-09-23,嘉義市,東區,172,25129,185.14
67495,2022-09-22,嘉義市,東區,184,24957,183.43
67883,2022-09-21,嘉義市,東區,209,24773,180.86
68272,2022-09-20,嘉義市,東區,199,24564,178.14
68662,2022-09-19,嘉義市,東區,227,24365,177.71
69052,2022-09-18,嘉義市,東區,133,24138,177.57
69435,2022-09-17,嘉義市,東區,172,24005,175.00
69822,2022-09-16,嘉義市,東區,160,23833,168.29
70207,2022-09-15,嘉義市,東區,166,23673,165.00
70594,2022-09-14,嘉義市,東區,190,23507,158.57
70980,2022-09-13,嘉義市,東區,196,23317,150.57
71369,2022-09-12,嘉義市,東區,226,23121,144.71
71758,2022-09-11,嘉義市,東區,115,22895,136.29
72140,2022-09-10,嘉義市,東區,125,22780,130.43
72522,2022-09-09,嘉義市,東區,137,22655,132.57
72904,2022-09-08,嘉義市,東區,121,22518,133.43
73291,2022-09-07,嘉義市,東區,134,22397,140.86
73675,2022-09-06,嘉義市,東區,155,22263,145.29
74061,2022-09-05,嘉義市,東區,167,22108,144.57
74447,2022-09-04,嘉義市,東區,74,21941,145.86
74829,2022-09-03,嘉義市,東區,140,21867,149.14
75217,2022-09-02,嘉義市,東區,143,21727,144.57
75603,2022-09-01,嘉義市,東區,173,21584,137.57
75992,2022-08-31,嘉義市,東區,165,21411,130.57
76379,2022-08-30,嘉義市,東區,150,21246,121.86
76767,2022-08-29,嘉義市,東區,176,21096,111.43
77155,2022-08-28,嘉義市,東區,97,20920,106.57
77539,2022-08-27,嘉義市,東區,108,20823,104.71
77925,2022-08-26,嘉義市,東區,94,20715,101.14
78309,2022-08-25,嘉義市,東區,124,20621,100.29
78696,2022-08-24,嘉義市,東區,104,20497,95.43
79082,2022-08-23,嘉義市,東區,77,20393,95.86
79466,2022-08-22,嘉義市,東區,142,20316,99.00
79854,2022-08-21,嘉義市,東區,84,20174,94.71
80231,2022-08-20,嘉義市,東區,83,20090,92.14
80615,2022-08-19,嘉義市,東區,88,20007,92.00
81000,2022-08-18,嘉義市,東區,90,19919,92.43
81389,2022-08-17,嘉義市,東區,107,19829,91.86
81774,2022-08-16,嘉義市,東區,99,19722,91.86
82161,2022-08-15,嘉義市,東區,112,19623,90.57
82547,2022-08-14,嘉義市,東區,66,19511,91.57
82923,2022-08-13,嘉義市,東區,82,19445,91.57
83304,2022-08-12,嘉義市,東區,91,19363,95.00
83690,2022-08-11,嘉義市,東區,86,19272,96.29
84076,2022-08-10,嘉義市,東區,107,19186,99.86
84462,2022-08-09,嘉義市,東區,90,19079,99.14
84843,2022-08-08,嘉義市,東區,119,18989,102.86
85226,2022-08-07,嘉義市,東區,66,18870,108.43
85600,2022-08-06,嘉義市,東區,106,18804,111.14
85981,2022-08-05,嘉義市,東區,100,18698,112.43
86368,2022-08-04,嘉義市,東區,111,18598,111.57
86752,2022-08-03,嘉義市,東區,102,18487,116.57
87136,2022-08-02,嘉義市,東區,116,18385,117.86
87521,2022-08-01,嘉義市,東區,158,18269,119.14
87907,2022-07-31,嘉義市,東區,85,18111,120.14
88284,2022-07-30,嘉義市,東區,115,18026,117.00
88662,2022-07-29,嘉義市,東區,94,17911,114.57
89049,2022-07-28,嘉義市,東區,146,17817,119.29
89435,2022-07-27,嘉義市,東區,111,17671,115.71
89825,2022-07-26,嘉義市,東區,125,17560,114.29
90212,2022-07-25,嘉義市,東區,165,17435,116.57
90595,2022-07-24,嘉義市,東區,63,17270,116.57
90973,2022-07-23,嘉義市,東區,98,17207,122.57
91358,2022-07-22,嘉義市,東區,127,17109,123.71
91744,2022-07-21,嘉義市,東區,121,16982,126.29
92128,2022-07-20,嘉義市,東區,101,16861,124.43
92515,2022-07-19,嘉義市,東區,141,16760,128.86
92904,2022-07-18,嘉義市,東區,165,16619,127.43
93291,2022-07-17,嘉義市,東區,105,16454,133.14
93671,2022-07-16,嘉義市,東區,106,16349,129.14
94057,2022-07-15,嘉義市,東區,145,16243,133.43
94444,2022-07-14,嘉義市,東區,108,16098,137.71
94833,2022-07-13,嘉義市,東區,132,15990,145.14
95222,2022-07-12,嘉義市,東區,131,15858,147.86
95609,2022-07-11,嘉義市,東區,205,15727,153.14
95996,2022-07-10,嘉義市,東區,77,15522,158.29
96381,2022-07-09,嘉義市,東區,136,15445,159.57
96768,2022-07-08,嘉義市,東區,175,15309,166.86
97159,2022-07-07,嘉義市,東區,160,15134,172.57
97550,2022-07-06,嘉義市,東區,151,14974,179.86
97939,2022-07-05,嘉義市,東區,168,14823,189.57
98328,2022-07-04,嘉義市,東區,241,14655,202.14
98717,2022-07-03,嘉義市,東區,86,14414,210.00
99100,2022-07-02,嘉義市,東區,187,14328,218.43
99490,2022-07-01,嘉義市,東區,215,14141,222.29
99882,2022-06-30,嘉義市,東區,211,13926,232.71
100273,2022-06-29,嘉義市,東區,219,13715,237.57
100663,2022-06-28,嘉義市,東區,256,13496,250.00
101054,2022-06-27,嘉義市,東區,296,13240,261.00
101442,2022-06-26,嘉義市,東區,145,12944,277.86
101828,2022-06-25,嘉義市,東區,214,12799,285.86
102218,2022-06-24,嘉義市,東區,288,12585,300.43
102608,2022-06-23,嘉義市,東區,245,12297,301.57
103001,2022-06-22,嘉義市,東區,306,12052,311.57
103390,2022-06-21,嘉義市,東區,333,11746,309.00
103782,2022-06-20,嘉義市,東區,414,11413,310.29
104173,2022-06-19,嘉義市,東區,201,10999,305.86
104563,2022-06-18,嘉義市,東區,316,10798,313.43
104954,2022-06-17,嘉義市,東區,296,10482,327.57
105344,2022-06-16,嘉義市,東區,315,10186,321.57
105734,2022-06-15,嘉義市,東區,288,9871,325.14
106124,2022-06-14,嘉義市,東區,342,9583,343.43
106516,2022-06-13,嘉義市,東區,383,9241,351.57
106906,2022-06-12,嘉義市,東區,254,8858,362.43
107293,2022-06-11,嘉義市,東區,415,8604,364.00
107685,2022-06-10,嘉義市,東區,254,8189,343.43
108074,2022-06-09,嘉義市,東區,340,7935,359.86
108463,2022-06-08,嘉義市,東區,416,7595,359.86
108853,2022-06-07,嘉義市,東區,399,7179,350.86
109245,2022-06-06,嘉義市,東區,459,6780,338.57
109635,2022-06-05,嘉義市,東區,265,6321,328.86
110024,2022-06-04,嘉義市,東區,271,6056,320.57
110414,2022-06-03,嘉義市,東區,369,5785,313.86
110805,2022-06-02,嘉義市,東區,340,5416,302.71
111195,2022-06-01,嘉義市,東區,353,5076,301.57
111587,2022-05-31,嘉義市,東區,313,4723,283.14
111978,2022-05-30,嘉義市,東區,391,4410,271.71
112369,2022-05-29,嘉義市,東區,207,4019,252.00
112760,2022-05-28,嘉義市,東區,224,3812,244.43
113150,2022-05-27,嘉義市,東區,291,3588,240.14
113540,2022-05-26,嘉義市,東區,332,3297,225.57
113931,2022-05-25,嘉義市,東區,224,2965,203.71
114321,2022-05-24,嘉義市,東區,233,2741,195.29
114713,2022-05-23,嘉義市,東區,253,2508,182.57
115104,2022-05-22,嘉義市,東區,154,2255,169.86
115495,2022-05-21,嘉義市,東區,194,2101,164.00
115880,2022-05-20,嘉義市,東區,189,1907,146.14
116268,2022-05-19,嘉義市,東區,179,1718,135.43
116657,2022-05-18,嘉義市,東區,165,1539,125.00
117047,2022-05-17,嘉義市,東區,144,1374,113.71
117436,2022-05-16,嘉義市,東區,164,1230,106.43
117825,2022-05-15,嘉義市,東區,113,1066,91.57
118208,2022-05-14,嘉義市,東區,69,953,82.57
118593,2022-05-13,嘉義市,東區,114,884,80.00
118980,2022-05-12,嘉義市,東區,106,770,70.43
119364,2022-05-11,嘉義市,東區,86,664,63.14
119749,2022-05-10,嘉義市,東區,93,578,57.14
120131,2022-05-09,嘉義市,東區,60,485,49.00
120512,2022-05-08,嘉義市,東區,50,425,44.86
120897,2022-05-07,嘉義市,東區,51,375,40.43
121275,2022-05-06,嘉義市,東區,47,324,35.00
121654,2022-05-05,嘉義市,東區,55,277,30.71
122022,2022-05-04,嘉義市,東區,44,222,25.14
122385,2022-05-03,嘉義市,東區,36,178,21.00
122743,2022-05-02,嘉義市,東區,31,142,16.43
123087,2022-05-01,嘉義市,東區,19,111,12.57
123426,2022-04-30,嘉義市,東區,13,92,10.29
123754,2022-04-29,嘉義市,東區,17,79,9.00
124069,2022-04-28,嘉義市,東區,16,62,7.00
124379,2022-04-27,嘉義市,東區,15,46,4.71
124674,2022-04-26,嘉義市,東區,4,31,2.71
124958,2022-04-25,嘉義市,東區,4,27,2.43
125228,2022-04-24,嘉義市,東區,3,23,1.86
125473,2022-04-23,嘉義市,東區,4,20,1.43
125719,2022-04-22,嘉義市,東區,3,16,0.86
126191,2022-04-20,嘉義市,東區,1,13,0.57
126391,2022-04-19,嘉義市,東區,2,12,0.43
127252,2022-04-14,嘉義市,東區,1,10,1.29
127560,2022-04-12,嘉義市,東區,1,9,1.14
127829,2022-04-10,嘉義市,東區,1,8,1.00
127949,2022-04-09,嘉義市,東區,5,7,0.86
128063,2022-04-08,嘉義市,東區,1,2,0.14
132516,2021-06-06,嘉義市,東區,1,1,0.14
