UID,個案研判日,縣市別,區域,新增確診人數,累計確診人數,七天移動平均新增確診人數
2932,2023-03-14,嘉義縣,大埔鄉,1,400,0.29
4345,2023-03-10,嘉義縣,大埔鄉,1,399,0.29
6475,2023-03-04,嘉義縣,大埔鄉,1,398,0.71
6832,2023-03-03,嘉義縣,大埔鄉,2,397,0.57
7563,2023-03-01,嘉義縣,大埔鄉,1,395,0.86
8288,2023-02-27,嘉義縣,大埔鄉,1,394,0.86
9731,2023-02-23,嘉義縣,大埔鄉,4,393,0.71
10106,2023-02-22,嘉義縣,大埔鄉,1,389,0.14
13075,2023-02-14,嘉義縣,大埔鄉,1,388,0.57
14185,2023-02-11,嘉義縣,大埔鄉,2,387,0.86
15306,2023-02-08,嘉義縣,大埔鄉,1,385,0.86
16067,2023-02-06,嘉義縣,大埔鄉,3,384,0.86
17198,2023-02-03,嘉義縣,大埔鄉,1,381,0.57
17582,2023-02-02,嘉義縣,大埔鄉,1,380,0.43
18344,2023-01-31,嘉義縣,大埔鄉,1,379,0.29
18732,2023-01-30,嘉義縣,大埔鄉,1,378,0.14
24313,2023-01-15,嘉義縣,大埔鄉,1,377,0.14
30264,2022-12-30,嘉義縣,大埔鄉,1,376,0.43
31756,2022-12-26,嘉義縣,大埔鄉,1,375,0.43
32474,2022-12-24,嘉義縣,大埔鄉,1,374,0.57
33202,2022-12-22,嘉義縣,大埔鄉,1,373,0.43
34304,2022-12-19,嘉義縣,大埔鄉,2,372,0.57
35747,2022-12-15,嘉義縣,大埔鄉,1,370,0.43
36108,2022-12-14,嘉義縣,大埔鄉,1,369,0.43
37576,2022-12-10,嘉義縣,大埔鄉,1,368,1.00
38312,2022-12-08,嘉義縣,大埔鄉,1,367,1.14
39052,2022-12-06,嘉義縣,大埔鄉,1,366,1.57
39431,2022-12-05,嘉義縣,大埔鄉,4,365,1.43
40539,2022-12-02,嘉義縣,大埔鄉,2,361,1.71
40906,2022-12-01,嘉義縣,大埔鄉,3,359,1.71
41280,2022-11-30,嘉義縣,大埔鄉,1,356,1.43
42034,2022-11-28,嘉義縣,大埔鄉,3,355,1.57
42754,2022-11-26,嘉義縣,大埔鄉,3,352,1.29
43125,2022-11-25,嘉義縣,大埔鄉,2,349,0.86
43495,2022-11-24,嘉義縣,大埔鄉,1,347,0.57
43864,2022-11-23,嘉義縣,大埔鄉,2,346,0.71
44617,2022-11-21,嘉義縣,大埔鄉,1,344,1.29
46100,2022-11-17,嘉義縣,大埔鄉,2,343,2.29
46480,2022-11-16,嘉義縣,大埔鄉,5,341,2.14
46861,2022-11-15,嘉義縣,大埔鄉,1,336,1.57
47240,2022-11-14,嘉義縣,大埔鄉,7,335,1.43
48369,2022-11-11,嘉義縣,大埔鄉,1,328,1.00
48749,2022-11-10,嘉義縣,大埔鄉,1,327,1.14
49133,2022-11-09,嘉義縣,大埔鄉,1,326,2.14
49903,2022-11-07,嘉義縣,大埔鄉,1,325,2.29
50274,2022-11-06,嘉義縣,大埔鄉,1,324,2.43
50647,2022-11-05,嘉義縣,大埔鄉,2,323,2.43
51032,2022-11-04,嘉義縣,大埔鄉,2,321,2.29
51416,2022-11-03,嘉義縣,大埔鄉,8,319,2.29
52186,2022-11-01,嘉義縣,大埔鄉,2,311,1.57
52567,2022-10-31,嘉義縣,大埔鄉,2,309,1.57
52948,2022-10-30,嘉義縣,大埔鄉,1,307,1.57
53328,2022-10-29,嘉義縣,大埔鄉,1,306,1.43
53712,2022-10-28,嘉義縣,大埔鄉,2,305,1.43
54098,2022-10-27,嘉義縣,大埔鄉,1,303,1.43
54482,2022-10-26,嘉義縣,大埔鄉,2,302,1.57
54870,2022-10-25,嘉義縣,大埔鄉,2,300,1.57
55260,2022-10-24,嘉義縣,大埔鄉,2,298,1.43
56025,2022-10-22,嘉義縣,大埔鄉,1,296,1.57
56413,2022-10-21,嘉義縣,大埔鄉,2,295,1.43
56799,2022-10-20,嘉義縣,大埔鄉,2,293,1.29
57186,2022-10-19,嘉義縣,大埔鄉,2,291,1.14
57574,2022-10-18,嘉義縣,大埔鄉,1,289,0.86
57964,2022-10-17,嘉義縣,大埔鄉,3,288,1.14
59124,2022-10-14,嘉義縣,大埔鄉,1,285,1.00
59513,2022-10-13,嘉義縣,大埔鄉,1,284,0.86
60294,2022-10-11,嘉義縣,大埔鄉,3,283,1.57
61065,2022-10-09,嘉義縣,大埔鄉,2,280,1.71
62232,2022-10-06,嘉義縣,大埔鄉,5,278,1.71
62622,2022-10-05,嘉義縣,大埔鄉,1,273,1.14
63398,2022-10-03,嘉義縣,大埔鄉,4,272,1.57
64555,2022-09-30,嘉義縣,大埔鄉,2,268,1.43
64940,2022-09-29,嘉義縣,大埔鄉,1,266,1.57
65329,2022-09-28,嘉義縣,大埔鄉,1,265,1.86
65717,2022-09-27,嘉義縣,大埔鄉,3,264,1.71
66103,2022-09-26,嘉義縣,大埔鄉,2,261,1.43
66873,2022-09-24,嘉義縣,大埔鄉,1,259,1.57
67260,2022-09-23,嘉義縣,大埔鄉,3,258,1.43
67647,2022-09-22,嘉義縣,大埔鄉,3,255,1.00
68424,2022-09-20,嘉義縣,大埔鄉,1,252,0.57
68815,2022-09-19,嘉義縣,大埔鄉,3,251,0.43
71906,2022-09-11,嘉義縣,大埔鄉,1,248,0.29
73442,2022-09-07,嘉義縣,大埔鄉,1,247,1.29
74982,2022-09-03,嘉義縣,大埔鄉,1,246,2.71
75368,2022-09-02,嘉義縣,大埔鄉,3,245,3.00
75756,2022-09-01,嘉義縣,大埔鄉,4,242,2.86
76143,2022-08-31,嘉義縣,大埔鄉,2,238,2.86
76532,2022-08-30,嘉義縣,大埔鄉,3,236,3.71
76920,2022-08-29,嘉義縣,大埔鄉,3,233,3.29
77304,2022-08-28,嘉義縣,大埔鄉,3,230,3.00
77690,2022-08-27,嘉義縣,大埔鄉,3,227,2.86
78076,2022-08-26,嘉義縣,大埔鄉,2,224,2.43
78462,2022-08-25,嘉義縣,大埔鄉,4,222,2.57
78847,2022-08-24,嘉義縣,大埔鄉,8,218,2.14
79619,2022-08-22,嘉義縣,大埔鄉,1,210,1.14
79999,2022-08-21,嘉義縣,大埔鄉,2,209,1.29
80766,2022-08-19,嘉義縣,大埔鄉,3,207,1.00
81153,2022-08-18,嘉義縣,大埔鄉,1,204,0.57
81540,2022-08-17,嘉義縣,大埔鄉,1,203,0.43
82313,2022-08-15,嘉義縣,大埔鄉,2,202,0.43
84227,2022-08-10,嘉義縣,大埔鄉,1,200,2.00
84995,2022-08-08,嘉義縣,大埔鄉,8,199,2.29
85747,2022-08-06,嘉義縣,大埔鄉,1,191,1.29
86132,2022-08-05,嘉義縣,大埔鄉,1,190,1.14
86519,2022-08-04,嘉義縣,大埔鄉,3,189,1.00
86903,2022-08-03,嘉義縣,大埔鄉,2,186,0.86
87287,2022-08-02,嘉義縣,大埔鄉,1,184,0.86
87674,2022-08-01,嘉義縣,大埔鄉,1,183,0.86
89199,2022-07-28,嘉義縣,大埔鄉,2,182,0.86
89587,2022-07-27,嘉義縣,大埔鄉,2,180,0.71
89976,2022-07-26,嘉義縣,大埔鄉,1,178,0.71
91509,2022-07-22,嘉義縣,大埔鄉,1,177,1.00
91896,2022-07-21,嘉義縣,大埔鄉,1,176,0.86
92279,2022-07-20,嘉義縣,大埔鄉,2,175,0.86
92666,2022-07-19,嘉義縣,大埔鄉,1,173,0.86
93056,2022-07-18,嘉義縣,大埔鄉,2,172,0.71
94596,2022-07-14,嘉義縣,大埔鄉,1,170,0.71
94985,2022-07-13,嘉義縣,大埔鄉,2,169,0.57
95761,2022-07-11,嘉義縣,大埔鄉,1,167,0.43
96532,2022-07-09,嘉義縣,大埔鄉,1,166,0.29
97701,2022-07-06,嘉義縣,大埔鄉,1,165,1.29
99251,2022-07-02,嘉義縣,大埔鄉,2,164,1.71
99643,2022-07-01,嘉義縣,大埔鄉,4,162,2.14
100035,2022-06-30,嘉義縣,大埔鄉,2,158,1.86
101207,2022-06-27,嘉義縣,大埔鄉,4,156,1.86
101979,2022-06-25,嘉義縣,大埔鄉,5,152,2.57
102369,2022-06-24,嘉義縣,大埔鄉,2,147,2.29
102761,2022-06-23,嘉義縣,大埔鄉,1,145,2.86
103543,2022-06-21,嘉義縣,大埔鄉,1,144,4.57
103935,2022-06-20,嘉義縣,大埔鄉,9,143,5.71
104716,2022-06-18,嘉義縣,大埔鄉,3,134,6.14
105107,2022-06-17,嘉義縣,大埔鄉,6,131,5.86
105497,2022-06-16,嘉義縣,大埔鄉,7,125,5.00
105887,2022-06-15,嘉義縣,大埔鄉,6,118,4.00
106277,2022-06-14,嘉義縣,大埔鄉,9,112,4.43
106669,2022-06-13,嘉義縣,大埔鄉,12,103,4.29
107446,2022-06-11,嘉義縣,大埔鄉,1,91,3.43
108616,2022-06-08,嘉義縣,大埔鄉,9,90,4.86
109006,2022-06-07,嘉義縣,大埔鄉,8,81,4.71
109398,2022-06-06,嘉義縣,大埔鄉,6,73,4.29
110177,2022-06-04,嘉義縣,大埔鄉,2,67,4.86
110567,2022-06-03,嘉義縣,大埔鄉,5,65,5.14
110958,2022-06-02,嘉義縣,大埔鄉,4,60,5.00
111348,2022-06-01,嘉義縣,大埔鄉,8,56,4.71
111740,2022-05-31,嘉義縣,大埔鄉,5,48,3.71
112131,2022-05-30,嘉義縣,大埔鄉,8,43,3.86
112522,2022-05-29,嘉義縣,大埔鄉,2,35,3.00
112912,2022-05-28,嘉義縣,大埔鄉,4,33,2.86
113303,2022-05-27,嘉義縣,大埔鄉,4,29,2.29
113693,2022-05-26,嘉義縣,大埔鄉,2,25,2.00
114084,2022-05-25,嘉義縣,大埔鄉,1,23,2.00
114474,2022-05-24,嘉義縣,大埔鄉,6,22,2.43
114866,2022-05-23,嘉義縣,大埔鄉,2,16,1.57
115256,2022-05-22,嘉義縣,大埔鄉,1,14,1.43
116033,2022-05-20,嘉義縣,大埔鄉,2,13,1.29
116421,2022-05-19,嘉義縣,大埔鄉,2,11,1.00
116809,2022-05-18,嘉義縣,大埔鄉,4,9,0.86
117588,2022-05-16,嘉義縣,大埔鄉,1,5,0.29
119131,2022-05-12,嘉義縣,大埔鄉,1,4,0.29
121426,2022-05-06,嘉義縣,大埔鄉,1,3,0.14
125048,2022-04-25,嘉義縣,大埔鄉,2,2,0.29
