UID,個案死亡日,縣市別,區域,新增死亡人數,累計死亡人數,七天移動平均新增死亡人數
132,2023-04-07,嘉義縣,全區,1,494,0.43
182,2023-04-03,嘉義縣,全區,1,493,0.43
196,2023-04-02,嘉義縣,全區,1,492,0.57
235,2023-03-30,嘉義縣,全區,1,491,0.43
287,2023-03-27,嘉義縣,全區,2,490,0.43
404,2023-03-22,嘉義縣,全區,1,488,1.14
467,2023-03-20,嘉義縣,全區,1,487,1.14
505,2023-03-19,嘉義縣,全區,3,486,1.00
543,2023-03-18,嘉義縣,全區,1,483,0.71
588,2023-03-17,嘉義縣,全區,1,482,0.86
629,2023-03-16,嘉義縣,全區,1,481,0.86
709,2023-03-14,嘉義縣,全區,1,480,0.86
796,2023-03-12,嘉義縣,全區,1,479,0.86
841,2023-03-11,嘉義縣,全區,2,478,0.86
887,2023-03-10,嘉義縣,全區,1,476,0.71
985,2023-03-08,嘉義縣,全區,1,475,0.71
1073,2023-03-06,嘉義縣,全區,1,474,0.71
1133,2023-03-05,嘉義縣,全區,1,473,0.57
1184,2023-03-04,嘉義縣,全區,1,472,0.43
1241,2023-03-03,嘉義縣,全區,1,471,0.57
1345,2023-03-01,嘉義縣,全區,1,470,0.86
1572,2023-02-25,嘉義縣,全區,2,469,1.29
1632,2023-02-24,嘉義縣,全區,2,467,1.29
1686,2023-02-23,嘉義縣,全區,1,465,1.14
1753,2023-02-22,嘉義縣,全區,3,464,1.00
1866,2023-02-20,嘉義縣,全區,1,461,0.86
1981,2023-02-18,嘉義縣,全區,2,460,1.29
2031,2023-02-17,嘉義縣,全區,1,458,1.00
2218,2023-02-14,嘉義縣,全區,2,457,2.14
2287,2023-02-13,嘉義縣,全區,4,455,1.86
2478,2023-02-10,嘉義縣,全區,2,451,2.00
2543,2023-02-09,嘉義縣,全區,1,449,1.86
2609,2023-02-08,嘉義縣,全區,6,448,2.00
2748,2023-02-06,嘉義縣,全區,2,442,1.71
2815,2023-02-05,嘉義縣,全區,1,440,1.86
2868,2023-02-04,嘉義縣,全區,2,439,1.86
2925,2023-02-03,嘉義縣,全區,1,437,2.14
2990,2023-02-02,嘉義縣,全區,2,436,2.29
3063,2023-02-01,嘉義縣,全區,3,434,2.00
3126,2023-01-31,嘉義縣,全區,1,431,1.86
3179,2023-01-30,嘉義縣,全區,3,430,2.00
3239,2023-01-29,嘉義縣,全區,1,427,1.57
3296,2023-01-28,嘉義縣,全區,4,426,1.43
3341,2023-01-27,嘉義縣,全區,2,422,0.86
3453,2023-01-25,嘉義縣,全區,2,420,1.00
3506,2023-01-24,嘉義縣,全區,2,418,0.71
3697,2023-01-20,嘉義縣,全區,2,416,1.14
3747,2023-01-19,嘉義縣,全區,1,414,0.86
3837,2023-01-17,嘉義縣,全區,3,413,1.43
3943,2023-01-15,嘉義縣,全區,1,410,1.57
4007,2023-01-14,嘉義縣,全區,1,409,1.43
4097,2023-01-12,嘉義縣,全區,1,408,1.29
4145,2023-01-11,嘉義縣,全區,4,407,1.43
4196,2023-01-10,嘉義縣,全區,1,403,1.00
4250,2023-01-09,嘉義縣,全區,3,402,1.00
4441,2023-01-05,嘉義縣,全區,2,399,1.57
4488,2023-01-04,嘉義縣,全區,1,397,1.29
4547,2023-01-03,嘉義縣,全區,1,396,1.14
4601,2023-01-02,嘉義縣,全區,6,395,1.14
4658,2023-01-01,嘉義縣,全區,1,389,0.29
4878,2022-12-27,嘉義縣,全區,1,388,0.57
5071,2022-12-22,嘉義縣,全區,2,387,0.71
5103,2022-12-21,嘉義縣,全區,1,385,0.43
5218,2022-12-18,嘉義縣,全區,1,384,0.86
5255,2022-12-17,嘉義縣,全區,1,383,0.71
5379,2022-12-14,嘉義縣,全區,2,382,1.14
5419,2022-12-13,嘉義縣,全區,1,380,0.86
5453,2022-12-12,嘉義縣,全區,1,379,0.71
5510,2022-12-10,嘉義縣,全區,1,378,0.86
5553,2022-12-09,嘉義縣,全區,1,377,1.00
5595,2022-12-08,嘉義縣,全區,2,376,1.14
5748,2022-12-04,嘉義縣,全區,2,374,1.57
5778,2022-12-03,嘉義縣,全區,2,372,1.29
5823,2022-12-02,嘉義縣,全區,2,370,1.00
5865,2022-12-01,嘉義縣,全區,1,368,0.71
5901,2022-11-30,嘉義縣,全區,3,367,0.57
5977,2022-11-28,嘉義縣,全區,1,364,0.57
6183,2022-11-23,嘉義縣,全區,2,363,1.14
6227,2022-11-22,嘉義縣,全區,1,361,1.00
6278,2022-11-21,嘉義縣,全區,1,360,1.14
6380,2022-11-19,嘉義縣,全區,2,359,1.00
6475,2022-11-17,嘉義縣,全區,2,357,1.00
6527,2022-11-16,嘉義縣,全區,1,355,1.00
6567,2022-11-15,嘉義縣,全區,2,354,0.86
6795,2022-11-11,嘉義縣,全區,2,352,2.00
6855,2022-11-10,嘉義縣,全區,2,350,2.00
6981,2022-11-08,嘉義縣,全區,1,348,1.86
7036,2022-11-07,嘉義縣,全區,3,347,2.00
7095,2022-11-06,嘉義縣,全區,4,344,1.71
7151,2022-11-05,嘉義縣,全區,2,340,1.57
7210,2022-11-04,嘉義縣,全區,2,338,1.57
7270,2022-11-03,嘉義縣,全區,1,336,1.71
7390,2022-11-01,嘉義縣,全區,2,335,2.14
7457,2022-10-31,嘉義縣,全區,1,333,2.43
7517,2022-10-30,嘉義縣,全區,3,332,2.29
7577,2022-10-29,嘉義縣,全區,2,329,2.14
7650,2022-10-28,嘉義縣,全區,3,327,2.14
7790,2022-10-26,嘉義縣,全區,4,324,2.29
7857,2022-10-25,嘉義縣,全區,4,320,1.71
7998,2022-10-23,嘉義縣,全區,2,316,1.71
8074,2022-10-22,嘉義縣,全區,2,314,1.71
8218,2022-10-20,嘉義縣,全區,4,312,2.43
8354,2022-10-18,嘉義縣,全區,2,308,2.43
8435,2022-10-17,嘉義縣,全區,2,306,2.29
8506,2022-10-16,嘉義縣,全區,2,304,2.43
8567,2022-10-15,嘉義縣,全區,5,302,2.29
8638,2022-10-14,嘉義縣,全區,2,297,1.71
8711,2022-10-13,嘉義縣,全區,4,295,1.71
8853,2022-10-11,嘉義縣,全區,1,291,2.29
8914,2022-10-10,嘉義縣,全區,3,290,2.43
8993,2022-10-09,嘉義縣,全區,1,287,2.29
9047,2022-10-08,嘉義縣,全區,1,286,2.57
9107,2022-10-07,嘉義縣,全區,2,285,2.43
9173,2022-10-06,嘉義縣,全區,2,283,2.14
9234,2022-10-05,嘉義縣,全區,6,281,2.14
9321,2022-10-04,嘉義縣,全區,2,275,1.29
9386,2022-10-03,嘉義縣,全區,2,273,1.29
9460,2022-10-02,嘉義縣,全區,3,271,1.00
9641,2022-09-29,嘉義縣,全區,2,268,1.00
9757,2022-09-27,嘉義縣,全區,2,266,1.29
9882,2022-09-25,嘉義縣,全區,2,264,1.57
9992,2022-09-23,嘉義縣,全區,1,262,1.71
10061,2022-09-22,嘉義縣,全區,1,261,1.71
10118,2022-09-21,嘉義縣,全區,3,260,1.71
10170,2022-09-20,嘉義縣,全區,3,257,1.57
10218,2022-09-19,嘉義縣,全區,1,254,1.29
10265,2022-09-18,嘉義縣,全區,2,253,1.43
10319,2022-09-17,嘉義縣,全區,1,251,1.14
10376,2022-09-16,嘉義縣,全區,1,250,1.14
10437,2022-09-15,嘉義縣,全區,1,249,1.00
10494,2022-09-14,嘉義縣,全區,2,248,1.29
10545,2022-09-13,嘉義縣,全區,1,246,1.00
10601,2022-09-12,嘉義縣,全區,2,245,1.00
10695,2022-09-10,嘉義縣,全區,1,243,1.14
10797,2022-09-08,嘉義縣,全區,3,242,1.14
10882,2022-09-06,嘉義縣,全區,1,239,1.00
10922,2022-09-05,嘉義縣,全區,1,238,1.14
10968,2022-09-04,嘉義縣,全區,2,237,1.00
11018,2022-09-03,嘉義縣,全區,1,235,0.86
11125,2022-08-31,嘉義縣,全區,2,234,1.14
11175,2022-08-30,嘉義縣,全區,2,232,0.86
11261,2022-08-28,嘉義縣,全區,1,230,1.14
11338,2022-08-26,嘉義縣,全區,1,229,1.57
11375,2022-08-25,嘉義縣,全區,2,228,1.43
11446,2022-08-23,嘉義縣,全區,2,226,1.57
11488,2022-08-22,嘉義縣,全區,2,224,1.43
11529,2022-08-21,嘉義縣,全區,1,222,1.29
11562,2022-08-20,嘉義縣,全區,3,221,1.29
11631,2022-08-18,嘉義縣,全區,1,218,1.14
11663,2022-08-17,嘉義縣,全區,2,217,1.00
11695,2022-08-16,嘉義縣,全區,1,215,0.71
11731,2022-08-15,嘉義縣,全區,1,214,0.57
11776,2022-08-14,嘉義縣,全區,1,213,0.71
11851,2022-08-12,嘉義縣,全區,2,212,0.86
12005,2022-08-08,嘉義縣,全區,2,210,1.43
12088,2022-08-06,嘉義縣,全區,2,208,2.00
12170,2022-08-04,嘉義縣,全區,3,206,1.86
12214,2022-08-03,嘉義縣,全區,2,203,1.57
12262,2022-08-02,嘉義縣,全區,1,201,1.43
12316,2022-08-01,嘉義縣,全區,3,200,1.71
12363,2022-07-31,嘉義縣,全區,3,197,1.71
12467,2022-07-29,嘉義縣,全區,1,194,1.71
12522,2022-07-28,嘉義縣,全區,1,193,2.00
12577,2022-07-27,嘉義縣,全區,1,192,2.14
12633,2022-07-26,嘉義縣,全區,3,191,2.14
12694,2022-07-25,嘉義縣,全區,3,188,2.00
12747,2022-07-24,嘉義縣,全區,2,185,2.14
12805,2022-07-23,嘉義縣,全區,1,183,2.00
12860,2022-07-22,嘉義縣,全區,3,182,2.14
12911,2022-07-21,嘉義縣,全區,2,179,2.43
12975,2022-07-20,嘉義縣,全區,1,177,2.29
13036,2022-07-19,嘉義縣,全區,2,176,2.43
13102,2022-07-18,嘉義縣,全區,4,174,3.00
13158,2022-07-17,嘉義縣,全區,1,170,3.00
13230,2022-07-16,嘉義縣,全區,2,169,3.29
13300,2022-07-15,嘉義縣,全區,5,167,3.14
13370,2022-07-14,嘉義縣,全區,1,162,2.57
13437,2022-07-13,嘉義縣,全區,2,161,3.00
13510,2022-07-12,嘉義縣,全區,6,159,3.00
13586,2022-07-11,嘉義縣,全區,4,153,2.71
13654,2022-07-10,嘉義縣,全區,3,149,2.57
13724,2022-07-09,嘉義縣,全區,1,146,2.29
13791,2022-07-08,嘉義縣,全區,1,145,2.43
13856,2022-07-07,嘉義縣,全區,4,144,2.57
13944,2022-07-06,嘉義縣,全區,2,140,2.57
14031,2022-07-05,嘉義縣,全區,4,138,2.57
14118,2022-07-04,嘉義縣,全區,3,134,2.14
14221,2022-07-03,嘉義縣,全區,1,131,2.14
14301,2022-07-02,嘉義縣,全區,2,130,2.57
14391,2022-07-01,嘉義縣,全區,2,128,2.43
14484,2022-06-30,嘉義縣,全區,4,126,2.43
14592,2022-06-29,嘉義縣,全區,2,122,3.29
14684,2022-06-28,嘉義縣,全區,1,120,3.57
14779,2022-06-27,嘉義縣,全區,3,119,4.00
14888,2022-06-26,嘉義縣,全區,4,116,3.86
14982,2022-06-25,嘉義縣,全區,1,112,3.71
15072,2022-06-24,嘉義縣,全區,2,111,4.00
15173,2022-06-23,嘉義縣,全區,10,109,4.29
15292,2022-06-22,嘉義縣,全區,4,99,3.14
15399,2022-06-21,嘉義縣,全區,4,95,3.00
15518,2022-06-20,嘉義縣,全區,2,91,2.86
15618,2022-06-19,嘉義縣,全區,3,89,3.00
15741,2022-06-18,嘉義縣,全區,3,86,3.14
15868,2022-06-17,嘉義縣,全區,4,83,3.43
16002,2022-06-16,嘉義縣,全區,2,79,3.00
16124,2022-06-15,嘉義縣,全區,3,77,3.29
16255,2022-06-14,嘉義縣,全區,3,74,3.57
16381,2022-06-13,嘉義縣,全區,3,71,3.57
16504,2022-06-12,嘉義縣,全區,4,68,4.00
16623,2022-06-11,嘉義縣,全區,5,64,4.00
16756,2022-06-10,嘉義縣,全區,1,59,4.00
16865,2022-06-09,嘉義縣,全區,4,58,4.14
16989,2022-06-08,嘉義縣,全區,5,54,3.86
17117,2022-06-07,嘉義縣,全區,3,49,3.57
17248,2022-06-06,嘉義縣,全區,6,46,3.71
17367,2022-06-05,嘉義縣,全區,4,40,3.29
17477,2022-06-04,嘉義縣,全區,5,36,3.00
17608,2022-06-03,嘉義縣,全區,2,31,2.43
17725,2022-06-02,嘉義縣,全區,2,29,2.43
17839,2022-06-01,嘉義縣,全區,3,27,2.29
17969,2022-05-31,嘉義縣,全區,4,24,2.00
18093,2022-05-30,嘉義縣,全區,3,20,1.43
18223,2022-05-29,嘉義縣,全區,2,17,1.00
18326,2022-05-28,嘉義縣,全區,1,15,0.86
18426,2022-05-27,嘉義縣,全區,2,14,0.86
18523,2022-05-26,嘉義縣,全區,1,12,0.57
18626,2022-05-25,嘉義縣,全區,1,11,0.71
18898,2022-05-22,嘉義縣,全區,1,10,0.71
18987,2022-05-21,嘉義縣,全區,1,9,0.57
19138,2022-05-19,嘉義縣,全區,2,8,0.57
19337,2022-05-16,嘉義縣,全區,1,6,0.43
19452,2022-05-14,嘉義縣,全區,1,5,0.43
19583,2022-05-11,嘉義縣,全區,1,4,0.57
19657,2022-05-09,嘉義縣,全區,1,3,0.43
19705,2022-05-07,嘉義縣,全區,1,2,0.29
19746,2022-05-05,嘉義縣,全區,1,1,0.14
