UID,個案死亡日,縣市別,區域,新增死亡人數,累計死亡人數,七天移動平均新增死亡人數
87,2023-04-14,宜蘭縣,全區,1,381,0.14
220,2023-03-31,宜蘭縣,全區,1,380,0.14
419,2023-03-21,宜蘭縣,全區,1,379,0.57
493,2023-03-19,宜蘭縣,全區,1,378,0.43
527,2023-03-18,宜蘭縣,全區,2,377,0.29
827,2023-03-11,宜蘭縣,全區,1,375,1.43
866,2023-03-10,宜蘭縣,全區,2,374,1.43
918,2023-03-09,宜蘭縣,全區,1,372,1.14
969,2023-03-08,宜蘭縣,全區,2,371,1.14
1021,2023-03-07,宜蘭縣,全區,1,369,1.00
1057,2023-03-06,宜蘭縣,全區,2,368,0.86
1108,2023-03-05,宜蘭縣,全區,1,366,0.71
1163,2023-03-04,宜蘭縣,全區,1,365,0.57
1273,2023-03-02,宜蘭縣,全區,1,364,0.71
1325,2023-03-01,宜蘭縣,全區,1,363,0.71
1433,2023-02-27,宜蘭縣,全區,1,362,1.14
1608,2023-02-24,宜蘭縣,全區,2,361,1.43
1666,2023-02-23,宜蘭縣,全區,1,359,1.14
1731,2023-02-22,宜蘭縣,全區,3,358,1.29
1794,2023-02-21,宜蘭縣,全區,1,355,1.14
1848,2023-02-20,宜蘭縣,全區,1,354,1.14
1953,2023-02-18,宜蘭縣,全區,2,353,1.14
2071,2023-02-16,宜蘭縣,全區,2,351,0.86
2129,2023-02-15,宜蘭縣,全區,2,349,0.57
2204,2023-02-14,宜蘭縣,全區,1,347,0.57
2270,2023-02-13,宜蘭縣,全區,1,346,0.57
2583,2023-02-08,宜蘭縣,全區,2,345,1.14
2669,2023-02-07,宜蘭縣,全區,1,343,0.86
2728,2023-02-06,宜蘭縣,全區,2,342,0.86
2792,2023-02-05,宜蘭縣,全區,1,340,0.57
2971,2023-02-02,宜蘭縣,全區,2,339,0.71
3107,2023-01-31,宜蘭縣,全區,1,337,0.86
3218,2023-01-29,宜蘭縣,全區,1,336,0.86
3275,2023-01-28,宜蘭縣,全區,1,335,0.86
3371,2023-01-26,宜蘭縣,全區,1,334,0.86
3433,2023-01-25,宜蘭縣,全區,2,333,0.86
3490,2023-01-24,宜蘭縣,全區,1,331,0.57
3595,2023-01-22,宜蘭縣,全區,1,330,0.71
3684,2023-01-20,宜蘭縣,全區,1,329,0.57
3730,2023-01-19,宜蘭縣,全區,1,328,0.43
3821,2023-01-17,宜蘭縣,全區,1,327,0.57
3875,2023-01-16,宜蘭縣,全區,1,326,0.43
4086,2023-01-12,宜蘭縣,全區,1,325,0.71
4128,2023-01-11,宜蘭縣,全區,1,324,0.57
4234,2023-01-09,宜蘭縣,全區,1,323,0.57
4329,2023-01-07,宜蘭縣,全區,1,322,0.43
4381,2023-01-06,宜蘭縣,全區,1,321,0.43
4469,2023-01-04,宜蘭縣,全區,1,320,0.57
4692,2022-12-31,宜蘭縣,全區,1,319,0.43
4746,2022-12-30,宜蘭縣,全區,1,318,0.43
4787,2022-12-29,宜蘭縣,全區,1,317,0.29
4989,2022-12-24,宜蘭縣,全區,1,316,0.57
5055,2022-12-22,宜蘭縣,全區,1,315,0.43
5128,2022-12-20,宜蘭縣,全區,2,314,0.43
5319,2022-12-15,宜蘭縣,全區,1,312,0.14
5668,2022-12-06,宜蘭縣,全區,1,311,0.57
5700,2022-12-05,宜蘭縣,全區,1,310,0.43
5731,2022-12-04,宜蘭縣,全區,1,309,0.43
5805,2022-12-02,宜蘭縣,全區,1,308,0.29
5962,2022-11-28,宜蘭縣,全區,1,307,0.29
6076,2022-11-25,宜蘭縣,全區,1,306,0.71
6259,2022-11-21,宜蘭縣,全區,1,305,1.00
6309,2022-11-20,宜蘭縣,全區,2,304,0.86
6363,2022-11-19,宜蘭縣,全區,1,302,0.71
6460,2022-11-17,宜蘭縣,全區,1,301,1.00
6515,2022-11-16,宜蘭縣,全區,1,300,1.29
6555,2022-11-15,宜蘭縣,全區,1,299,1.43
6656,2022-11-13,宜蘭縣,全區,1,298,1.86
6718,2022-11-12,宜蘭縣,全區,2,297,1.86
6778,2022-11-11,宜蘭縣,全區,1,295,1.71
6836,2022-11-10,宜蘭縣,全區,3,294,1.86
6902,2022-11-09,宜蘭縣,全區,2,291,1.57
7020,2022-11-07,宜蘭縣,全區,4,289,2.00
7080,2022-11-06,宜蘭縣,全區,1,285,1.57
7136,2022-11-05,宜蘭縣,全區,1,284,1.43
7194,2022-11-04,宜蘭縣,全區,2,283,1.29
7252,2022-11-03,宜蘭縣,全區,1,281,1.14
7306,2022-11-02,宜蘭縣,全區,2,280,1.14
7367,2022-11-01,宜蘭縣,全區,3,278,1.00
7440,2022-10-31,宜蘭縣,全區,1,275,0.86
7627,2022-10-28,宜蘭縣,全區,1,274,1.71
7691,2022-10-27,宜蘭縣,全區,1,273,2.00
7762,2022-10-26,宜蘭縣,全區,1,272,2.14
7839,2022-10-25,宜蘭縣,全區,2,271,2.14
7975,2022-10-23,宜蘭縣,全區,5,269,2.29
8051,2022-10-22,宜蘭縣,全區,2,264,1.57
8117,2022-10-21,宜蘭縣,全區,3,262,1.29
8194,2022-10-20,宜蘭縣,全區,2,259,1.00
8272,2022-10-19,宜蘭縣,全區,1,257,0.71
8333,2022-10-18,宜蘭縣,全區,1,256,0.71
8405,2022-10-17,宜蘭縣,全區,2,255,0.71
8610,2022-10-14,宜蘭縣,全區,1,253,0.71
8758,2022-10-12,宜蘭縣,全區,1,252,1.29
8827,2022-10-11,宜蘭縣,全區,1,251,1.57
8896,2022-10-10,宜蘭縣,全區,1,250,1.71
8967,2022-10-09,宜蘭縣,全區,1,249,1.86
9085,2022-10-07,宜蘭縣,全區,3,248,2.43
9154,2022-10-06,宜蘭縣,全區,2,245,2.14
9216,2022-10-05,宜蘭縣,全區,3,243,2.14
9295,2022-10-04,宜蘭縣,全區,2,240,2.00
9365,2022-10-03,宜蘭縣,全區,2,238,2.00
9439,2022-10-02,宜蘭縣,全區,3,236,1.86
9502,2022-10-01,宜蘭縣,全區,2,233,1.71
9564,2022-09-30,宜蘭縣,全區,1,231,1.57
9624,2022-09-29,宜蘭縣,全區,2,230,1.43
9684,2022-09-28,宜蘭縣,全區,2,228,1.43
9738,2022-09-27,宜蘭縣,全區,2,226,1.14
9801,2022-09-26,宜蘭縣,全區,1,224,1.00
9854,2022-09-25,宜蘭縣,全區,2,223,1.00
9921,2022-09-24,宜蘭縣,全區,1,221,1.29
10029,2022-09-22,宜蘭縣,全區,2,220,1.14
10155,2022-09-20,宜蘭縣,全區,1,218,1.43
10198,2022-09-19,宜蘭縣,全區,1,217,1.57
10247,2022-09-18,宜蘭縣,全區,4,216,1.57
10417,2022-09-15,宜蘭縣,全區,2,212,1.14
10476,2022-09-14,宜蘭縣,全區,2,210,1.14
10526,2022-09-13,宜蘭縣,全區,2,208,1.00
10578,2022-09-12,宜蘭縣,全區,1,206,0.86
10679,2022-09-10,宜蘭縣,全區,1,205,1.43
10778,2022-09-08,宜蘭縣,全區,2,204,1.43
10830,2022-09-07,宜蘭縣,全區,1,202,1.29
10862,2022-09-06,宜蘭縣,全區,1,201,1.29
10905,2022-09-05,宜蘭縣,全區,3,200,1.14
10949,2022-09-04,宜蘭縣,全區,2,197,0.71
11001,2022-09-03,宜蘭縣,全區,1,195,0.57
11077,2022-09-01,宜蘭縣,全區,1,194,0.71
11110,2022-08-31,宜蘭縣,全區,1,193,0.71
11250,2022-08-28,宜蘭縣,全區,1,192,0.71
11286,2022-08-27,宜蘭縣,全區,1,191,0.71
11320,2022-08-26,宜蘭縣,全區,1,190,0.86
11359,2022-08-25,宜蘭縣,全區,1,189,0.71
11434,2022-08-23,宜蘭縣,全區,1,188,0.71
11515,2022-08-21,宜蘭縣,全區,1,187,0.57
11547,2022-08-20,宜蘭縣,全區,2,186,0.43
11651,2022-08-17,宜蘭縣,全區,1,184,0.43
11836,2022-08-12,宜蘭縣,全區,2,183,0.71
11990,2022-08-08,宜蘭縣,全區,2,181,1.14
12043,2022-08-07,宜蘭縣,全區,1,179,1.00
12117,2022-08-05,宜蘭縣,全區,1,178,0.86
12246,2022-08-02,宜蘭縣,全區,4,177,1.00
12297,2022-08-01,宜蘭縣,全區,1,173,0.43
12507,2022-07-28,宜蘭縣,全區,1,172,0.86
12556,2022-07-27,宜蘭縣,全區,1,171,1.14
12678,2022-07-25,宜蘭縣,全區,2,170,1.43
12732,2022-07-24,宜蘭縣,全區,1,168,1.29
12843,2022-07-22,宜蘭縣,全區,1,167,1.43
12899,2022-07-21,宜蘭縣,全區,3,166,1.29
12955,2022-07-20,宜蘭縣,全區,2,163,0.86
13016,2022-07-19,宜蘭縣,全區,1,161,0.71
13084,2022-07-18,宜蘭縣,全區,1,160,0.86
13143,2022-07-17,宜蘭縣,全區,1,159,0.71
13207,2022-07-16,宜蘭縣,全區,1,158,0.57
13416,2022-07-13,宜蘭縣,全區,1,157,0.43
13487,2022-07-12,宜蘭縣,全區,2,156,0.57
13919,2022-07-06,宜蘭縣,全區,2,154,1.43
14089,2022-07-04,宜蘭縣,全區,2,152,1.57
14195,2022-07-03,宜蘭縣,全區,2,150,1.57
14273,2022-07-02,宜蘭縣,全區,1,148,1.57
14457,2022-06-30,宜蘭縣,全區,3,147,1.71
14558,2022-06-29,宜蘭縣,全區,2,144,1.71
14652,2022-06-28,宜蘭縣,全區,1,142,1.57
14749,2022-06-27,宜蘭縣,全區,2,141,1.71
14858,2022-06-26,宜蘭縣,全區,2,139,1.43
14958,2022-06-25,宜蘭縣,全區,1,137,1.71
15047,2022-06-24,宜蘭縣,全區,1,136,1.71
15139,2022-06-23,宜蘭縣,全區,3,135,2.43
15258,2022-06-22,宜蘭縣,全區,1,132,2.29
15368,2022-06-21,宜蘭縣,全區,2,131,2.43
15594,2022-06-19,宜蘭縣,全區,4,129,3.14
15708,2022-06-18,宜蘭縣,全區,1,125,2.86
15827,2022-06-17,宜蘭縣,全區,6,124,3.14
15963,2022-06-16,宜蘭縣,全區,2,118,3.00
16080,2022-06-15,宜蘭縣,全區,2,116,3.14
16216,2022-06-14,宜蘭縣,全區,3,114,3.71
16347,2022-06-13,宜蘭縣,全區,4,111,3.57
16468,2022-06-12,宜蘭縣,全區,2,107,3.43
16588,2022-06-11,宜蘭縣,全區,3,105,3.14
16718,2022-06-10,宜蘭縣,全區,5,102,3.29
16830,2022-06-09,宜蘭縣,全區,3,97,3.71
16948,2022-06-08,宜蘭縣,全區,6,94,3.29
17081,2022-06-07,宜蘭縣,全區,2,88,3.14
17205,2022-06-06,宜蘭縣,全區,3,86,3.86
17440,2022-06-04,宜蘭縣,全區,4,83,4.29
17569,2022-06-03,宜蘭縣,全區,8,79,4.00
17800,2022-06-01,宜蘭縣,全區,5,71,4.14
17930,2022-05-31,宜蘭縣,全區,7,66,4.57
18056,2022-05-30,宜蘭縣,全區,3,59,3.86
18184,2022-05-29,宜蘭縣,全區,3,56,4.14
18292,2022-05-28,宜蘭縣,全區,2,53,4.14
18396,2022-05-27,宜蘭縣,全區,4,51,4.57
18491,2022-05-26,宜蘭縣,全區,5,47,5.14
18593,2022-05-25,宜蘭縣,全區,8,42,4.71
18690,2022-05-24,宜蘭縣,全區,2,34,3.71
18774,2022-05-23,宜蘭縣,全區,5,32,3.57
18866,2022-05-22,宜蘭縣,全區,3,27,2.86
18955,2022-05-21,宜蘭縣,全區,5,24,2.43
19038,2022-05-20,宜蘭縣,全區,8,19,1.86
19114,2022-05-19,宜蘭縣,全區,2,11,0.71
19184,2022-05-18,宜蘭縣,全區,1,9,0.43
19251,2022-05-17,宜蘭縣,全區,1,8,0.29
19430,2022-05-14,宜蘭縣,全區,1,7,0.14
19795,2022-05-01,宜蘭縣,全區,2,6,0.57
19823,2022-04-29,宜蘭縣,全區,1,4,0.29
19831,2022-04-28,宜蘭縣,全區,1,3,0.14
20703,2021-05-30,宜蘭縣,全區,1,2,0.29
20759,2021-05-27,宜蘭縣,全區,1,1,0.14
