UID,個案研判日,縣市別,區域,新增確診人數,累計確診人數,七天移動平均新增確診人數
1831,2023-03-17,宜蘭縣,大同鄉,2,2463,1.43
2179,2023-03-16,宜蘭縣,大同鄉,2,2461,1.43
3242,2023-03-13,宜蘭縣,大同鄉,1,2459,2.57
3593,2023-03-12,宜蘭縣,大同鄉,3,2458,2.43
3947,2023-03-11,宜蘭縣,大同鄉,2,2455,2.00
4297,2023-03-10,宜蘭縣,大同鄉,2,2453,2.00
4655,2023-03-09,宜蘭縣,大同鄉,3,2451,2.14
5011,2023-03-08,宜蘭縣,大同鄉,1,2448,1.86
5365,2023-03-07,宜蘭縣,大同鄉,6,2447,1.86
6427,2023-03-04,宜蘭縣,大同鄉,2,2441,1.57
6783,2023-03-03,宜蘭縣,大同鄉,3,2439,1.43
7145,2023-03-02,宜蘭縣,大同鄉,1,2436,1.00
7510,2023-03-01,宜蘭縣,大同鄉,1,2435,1.00
8243,2023-02-27,宜蘭縣,大同鄉,3,2434,1.14
8588,2023-02-26,宜蘭縣,大同鄉,1,2431,1.00
8950,2023-02-25,宜蘭縣,大同鄉,1,2430,1.00
9681,2023-02-23,宜蘭縣,大同鄉,1,2429,1.00
10052,2023-02-22,宜蘭縣,大同鄉,1,2428,1.00
10425,2023-02-21,宜蘭縣,大同鄉,1,2427,1.29
10798,2023-02-20,宜蘭縣,大同鄉,2,2426,1.29
11166,2023-02-19,宜蘭縣,大同鄉,1,2424,1.43
11900,2023-02-17,宜蘭縣,大同鄉,1,2423,2.57
12273,2023-02-16,宜蘭縣,大同鄉,1,2422,3.00
12649,2023-02-15,宜蘭縣,大同鄉,3,2421,3.43
13023,2023-02-14,宜蘭縣,大同鄉,1,2418,3.29
13395,2023-02-13,宜蘭縣,大同鄉,3,2417,3.43
13766,2023-02-12,宜蘭縣,大同鄉,2,2414,3.29
14131,2023-02-11,宜蘭縣,大同鄉,7,2412,3.29
14500,2023-02-10,宜蘭縣,大同鄉,4,2405,2.71
14872,2023-02-09,宜蘭縣,大同鄉,4,2401,3.29
15254,2023-02-08,宜蘭縣,大同鄉,2,2397,3.57
15633,2023-02-07,宜蘭縣,大同鄉,2,2395,3.71
16013,2023-02-06,宜蘭縣,大同鄉,2,2393,4.00
16387,2023-02-05,宜蘭縣,大同鄉,2,2391,4.57
16762,2023-02-04,宜蘭縣,大同鄉,3,2389,4.57
17141,2023-02-03,宜蘭縣,大同鄉,8,2386,4.57
17528,2023-02-02,宜蘭縣,大同鄉,6,2378,4.14
17908,2023-02-01,宜蘭縣,大同鄉,3,2372,3.71
18290,2023-01-31,宜蘭縣,大同鄉,4,2369,3.29
18675,2023-01-30,宜蘭縣,大同鄉,6,2365,3.00
19060,2023-01-29,宜蘭縣,大同鄉,2,2359,2.29
19438,2023-01-28,宜蘭縣,大同鄉,3,2357,2.14
19814,2023-01-27,宜蘭縣,大同鄉,5,2354,1.71
20193,2023-01-26,宜蘭縣,大同鄉,3,2349,1.14
20933,2023-01-24,宜蘭縣,大同鄉,2,2346,0.71
21301,2023-01-23,宜蘭縣,大同鄉,1,2344,0.43
21672,2023-01-22,宜蘭縣,大同鄉,1,2343,0.29
22409,2023-01-20,宜蘭縣,大同鄉,1,2342,1.29
24258,2023-01-15,宜蘭縣,大同鄉,2,2341,3.43
24624,2023-01-14,宜蘭縣,大同鄉,6,2339,3.14
25366,2023-01-12,宜蘭縣,大同鄉,4,2333,2.71
25737,2023-01-11,宜蘭縣,大同鄉,7,2329,2.43
26489,2023-01-09,宜蘭縣,大同鄉,5,2322,2.29
27220,2023-01-07,宜蘭縣,大同鄉,1,2317,1.71
27593,2023-01-06,宜蘭縣,大同鄉,2,2316,2.00
27973,2023-01-05,宜蘭縣,大同鄉,2,2314,1.86
28353,2023-01-04,宜蘭縣,大同鄉,1,2312,2.29
28734,2023-01-03,宜蘭縣,大同鄉,5,2311,2.43
29112,2023-01-02,宜蘭縣,大同鄉,1,2306,2.14
29844,2022-12-31,宜蘭縣,大同鄉,3,2305,2.43
30210,2022-12-30,宜蘭縣,大同鄉,1,2302,2.00
30583,2022-12-29,宜蘭縣,大同鄉,5,2301,1.86
30956,2022-12-28,宜蘭縣,大同鄉,2,2296,1.57
31330,2022-12-27,宜蘭縣,大同鄉,3,2294,1.57
31703,2022-12-26,宜蘭縣,大同鄉,2,2291,1.29
32064,2022-12-25,宜蘭縣,大同鄉,1,2289,1.57
33151,2022-12-22,宜蘭縣,大同鄉,3,2288,1.57
33518,2022-12-21,宜蘭縣,大同鄉,2,2285,1.29
33885,2022-12-20,宜蘭縣,大同鄉,1,2283,1.71
34251,2022-12-19,宜蘭縣,大同鄉,4,2282,1.57
34610,2022-12-18,宜蘭縣,大同鄉,1,2278,1.29
35695,2022-12-15,宜蘭縣,大同鄉,1,2277,1.86
36059,2022-12-14,宜蘭縣,大同鄉,5,2276,2.14
36803,2022-12-12,宜蘭縣,大同鄉,2,2271,2.43
37523,2022-12-10,宜蘭縣,大同鄉,3,2269,2.86
37889,2022-12-09,宜蘭縣,大同鄉,2,2266,2.57
38260,2022-12-08,宜蘭縣,大同鄉,3,2264,2.43
38635,2022-12-07,宜蘭縣,大同鄉,4,2261,2.43
39000,2022-12-06,宜蘭縣,大同鄉,3,2257,2.57
39376,2022-12-05,宜蘭縣,大同鄉,4,2254,2.71
39749,2022-12-04,宜蘭縣,大同鄉,1,2250,2.71
40116,2022-12-03,宜蘭縣,大同鄉,1,2249,2.86
40484,2022-12-02,宜蘭縣,大同鄉,1,2248,3.00
40853,2022-12-01,宜蘭縣,大同鄉,3,2247,2.86
41227,2022-11-30,宜蘭縣,大同鄉,5,2244,2.86
41601,2022-11-29,宜蘭縣,大同鄉,4,2239,2.43
41980,2022-11-28,宜蘭縣,大同鄉,4,2235,2.29
42352,2022-11-27,宜蘭縣,大同鄉,2,2231,2.29
42707,2022-11-26,宜蘭縣,大同鄉,2,2229,2.00
43442,2022-11-24,宜蘭縣,大同鄉,3,2227,1.86
43809,2022-11-23,宜蘭縣,大同鄉,2,2224,1.71
44184,2022-11-22,宜蘭縣,大同鄉,3,2222,1.71
44562,2022-11-21,宜蘭縣,大同鄉,4,2219,1.29
45675,2022-11-18,宜蘭縣,大同鄉,1,2215,1.29
46048,2022-11-17,宜蘭縣,大同鄉,2,2214,1.43
46424,2022-11-16,宜蘭縣,大同鄉,2,2212,1.71
47185,2022-11-14,宜蘭縣,大同鄉,3,2210,1.86
47561,2022-11-13,宜蘭縣,大同鄉,1,2207,1.43
48312,2022-11-11,宜蘭縣,大同鄉,2,2206,1.43
48693,2022-11-10,宜蘭縣,大同鄉,4,2204,1.29
49076,2022-11-09,宜蘭縣,大同鄉,2,2200,1.57
49462,2022-11-08,宜蘭縣,大同鄉,1,2198,1.29
50594,2022-11-05,宜蘭縣,大同鄉,1,2197,2.57
50979,2022-11-04,宜蘭縣,大同鄉,1,2196,3.00
51361,2022-11-03,宜蘭縣,大同鄉,6,2195,3.00
52129,2022-11-01,宜蘭縣,大同鄉,3,2189,3.86
52511,2022-10-31,宜蘭縣,大同鄉,3,2186,3.86
52893,2022-10-30,宜蘭縣,大同鄉,4,2183,5.00
53272,2022-10-29,宜蘭縣,大同鄉,4,2179,4.43
53655,2022-10-28,宜蘭縣,大同鄉,1,2175,4.43
54041,2022-10-27,宜蘭縣,大同鄉,5,2174,4.86
54426,2022-10-26,宜蘭縣,大同鄉,7,2169,4.57
54813,2022-10-25,宜蘭縣,大同鄉,3,2162,4.00
55204,2022-10-24,宜蘭縣,大同鄉,11,2159,4.57
55970,2022-10-22,宜蘭縣,大同鄉,4,2148,3.57
56356,2022-10-21,宜蘭縣,大同鄉,4,2144,3.29
56742,2022-10-20,宜蘭縣,大同鄉,3,2140,3.14
57129,2022-10-19,宜蘭縣,大同鄉,3,2137,3.14
57517,2022-10-18,宜蘭縣,大同鄉,7,2134,3.86
57907,2022-10-17,宜蘭縣,大同鄉,3,2127,3.57
58295,2022-10-16,宜蘭縣,大同鄉,1,2124,3.86
58681,2022-10-15,宜蘭縣,大同鄉,2,2123,4.14
59067,2022-10-14,宜蘭縣,大同鄉,3,2121,4.43
59456,2022-10-13,宜蘭縣,大同鄉,3,2118,4.57
59847,2022-10-12,宜蘭縣,大同鄉,8,2115,4.71
60237,2022-10-11,宜蘭縣,大同鄉,5,2107,4.71
60627,2022-10-10,宜蘭縣,大同鄉,5,2102,4.57
61010,2022-10-09,宜蘭縣,大同鄉,3,2097,4.57
61398,2022-10-08,宜蘭縣,大同鄉,4,2094,4.71
61788,2022-10-07,宜蘭縣,大同鄉,4,2090,4.86
62175,2022-10-06,宜蘭縣,大同鄉,4,2086,4.71
62566,2022-10-05,宜蘭縣,大同鄉,8,2082,4.29
62953,2022-10-04,宜蘭縣,大同鄉,4,2074,3.14
63342,2022-10-03,宜蘭縣,大同鄉,5,2070,3.71
63731,2022-10-02,宜蘭縣,大同鄉,4,2065,3.43
64113,2022-10-01,宜蘭縣,大同鄉,5,2061,3.57
64498,2022-09-30,宜蘭縣,大同鄉,3,2056,3.14
64884,2022-09-29,宜蘭縣,大同鄉,1,2053,2.86
65660,2022-09-27,宜蘭縣,大同鄉,8,2052,5.43
66046,2022-09-26,宜蘭縣,大同鄉,3,2044,6.29
66433,2022-09-25,宜蘭縣,大同鄉,5,2041,7.29
66816,2022-09-24,宜蘭縣,大同鄉,2,2036,7.43
67203,2022-09-23,宜蘭縣,大同鄉,1,2034,9.43
67590,2022-09-22,宜蘭縣,大同鄉,9,2033,11.00
67979,2022-09-21,宜蘭縣,大同鄉,10,2024,11.57
68367,2022-09-20,宜蘭縣,大同鄉,14,2014,12.14
68758,2022-09-19,宜蘭縣,大同鄉,10,2000,11.29
69147,2022-09-18,宜蘭縣,大同鄉,6,1990,10.43
69530,2022-09-17,宜蘭縣,大同鄉,16,1984,10.29
69918,2022-09-16,宜蘭縣,大同鄉,12,1968,8.57
70302,2022-09-15,宜蘭縣,大同鄉,13,1956,8.14
70689,2022-09-14,宜蘭縣,大同鄉,14,1943,7.14
71075,2022-09-13,宜蘭縣,大同鄉,8,1929,5.57
71465,2022-09-12,宜蘭縣,大同鄉,4,1921,5.29
71852,2022-09-11,宜蘭縣,大同鄉,5,1917,6.00
72234,2022-09-10,宜蘭縣,大同鄉,4,1912,5.86
72616,2022-09-09,宜蘭縣,大同鄉,9,1908,6.29
72999,2022-09-08,宜蘭縣,大同鄉,6,1899,5.00
73386,2022-09-07,宜蘭縣,大同鄉,3,1893,4.86
73770,2022-09-06,宜蘭縣,大同鄉,6,1890,5.00
74157,2022-09-05,宜蘭縣,大同鄉,9,1884,4.43
74541,2022-09-04,宜蘭縣,大同鄉,4,1875,4.00
74925,2022-09-03,宜蘭縣,大同鄉,7,1871,3.71
75699,2022-09-01,宜蘭縣,大同鄉,5,1864,3.29
76088,2022-08-31,宜蘭縣,大同鄉,4,1859,3.29
76475,2022-08-30,宜蘭縣,大同鄉,2,1855,3.14
76863,2022-08-29,宜蘭縣,大同鄉,6,1853,3.43
77250,2022-08-28,宜蘭縣,大同鄉,2,1847,3.71
77635,2022-08-27,宜蘭縣,大同鄉,1,1845,3.57
78021,2022-08-26,宜蘭縣,大同鄉,3,1844,3.71
78405,2022-08-25,宜蘭縣,大同鄉,5,1841,4.14
78790,2022-08-24,宜蘭縣,大同鄉,3,1836,3.57
79177,2022-08-23,宜蘭縣,大同鄉,4,1833,3.43
79562,2022-08-22,宜蘭縣,大同鄉,8,1829,3.14
79946,2022-08-21,宜蘭縣,大同鄉,1,1821,2.29
80326,2022-08-20,宜蘭縣,大同鄉,2,1820,2.14
80710,2022-08-19,宜蘭縣,大同鄉,6,1818,2.57
81096,2022-08-18,宜蘭縣,大同鄉,1,1812,2.14
81485,2022-08-17,宜蘭縣,大同鄉,2,1811,2.29
81870,2022-08-16,宜蘭縣,大同鄉,2,1809,2.14
82257,2022-08-15,宜蘭縣,大同鄉,2,1807,2.43
83017,2022-08-13,宜蘭縣,大同鄉,5,1805,3.00
83399,2022-08-12,宜蘭縣,大同鄉,3,1800,2.86
83783,2022-08-11,宜蘭縣,大同鄉,2,1797,3.00
84170,2022-08-10,宜蘭縣,大同鄉,1,1795,3.14
84553,2022-08-09,宜蘭縣,大同鄉,4,1794,3.71
84939,2022-08-08,宜蘭縣,大同鄉,4,1790,3.57
85318,2022-08-07,宜蘭縣,大同鄉,2,1786,3.29
85693,2022-08-06,宜蘭縣,大同鄉,4,1784,3.29
86077,2022-08-05,宜蘭縣,大同鄉,4,1780,2.86
86463,2022-08-04,宜蘭縣,大同鄉,3,1776,2.43
86848,2022-08-03,宜蘭縣,大同鄉,5,1773,2.71
87230,2022-08-02,宜蘭縣,大同鄉,3,1768,2.29
87617,2022-08-01,宜蘭縣,大同鄉,2,1765,1.86
88000,2022-07-31,宜蘭縣,大同鄉,2,1763,2.00
88377,2022-07-30,宜蘭縣,大同鄉,1,1761,2.14
88758,2022-07-29,宜蘭縣,大同鄉,1,1760,2.43
89144,2022-07-28,宜蘭縣,大同鄉,5,1759,3.00
89531,2022-07-27,宜蘭縣,大同鄉,2,1754,2.57
90307,2022-07-25,宜蘭縣,大同鄉,3,1752,3.71
90688,2022-07-24,宜蘭縣,大同鄉,3,1749,4.29
91068,2022-07-23,宜蘭縣,大同鄉,3,1746,4.43
91454,2022-07-22,宜蘭縣,大同鄉,5,1743,4.29
91840,2022-07-21,宜蘭縣,大同鄉,2,1738,4.71
92222,2022-07-20,宜蘭縣,大同鄉,3,1736,5.43
92611,2022-07-19,宜蘭縣,大同鄉,7,1733,7.29
93000,2022-07-18,宜蘭縣,大同鄉,7,1726,8.29
93386,2022-07-17,宜蘭縣,大同鄉,4,1719,8.57
93765,2022-07-16,宜蘭縣,大同鄉,2,1715,8.71
94153,2022-07-15,宜蘭縣,大同鄉,8,1713,10.86
94540,2022-07-14,宜蘭縣,大同鄉,7,1705,10.71
94929,2022-07-13,宜蘭縣,大同鄉,16,1698,11.71
95316,2022-07-12,宜蘭縣,大同鄉,14,1682,11.14
95705,2022-07-11,宜蘭縣,大同鄉,9,1668,10.57
96091,2022-07-10,宜蘭縣,大同鄉,5,1659,11.14
96477,2022-07-09,宜蘭縣,大同鄉,17,1654,11.14
96864,2022-07-08,宜蘭縣,大同鄉,7,1637,11.43
97255,2022-07-07,宜蘭縣,大同鄉,14,1630,13.43
97645,2022-07-06,宜蘭縣,大同鄉,12,1616,13.14
98034,2022-07-05,宜蘭縣,大同鄉,10,1604,13.57
98423,2022-07-04,宜蘭縣,大同鄉,13,1594,13.71
98813,2022-07-03,宜蘭縣,大同鄉,5,1581,12.71
99195,2022-07-02,宜蘭縣,大同鄉,19,1576,12.71
99586,2022-07-01,宜蘭縣,大同鄉,21,1557,11.43
99978,2022-06-30,宜蘭縣,大同鄉,12,1536,9.14
100369,2022-06-29,宜蘭縣,大同鄉,15,1524,9.57
100759,2022-06-28,宜蘭縣,大同鄉,11,1509,9.00
101150,2022-06-27,宜蘭縣,大同鄉,6,1498,9.00
101536,2022-06-26,宜蘭縣,大同鄉,5,1492,10.00
101923,2022-06-25,宜蘭縣,大同鄉,10,1487,9.86
102312,2022-06-24,宜蘭縣,大同鄉,5,1477,10.57
102704,2022-06-23,宜蘭縣,大同鄉,15,1472,11.86
103097,2022-06-22,宜蘭縣,大同鄉,11,1457,13.71
103486,2022-06-21,宜蘭縣,大同鄉,11,1446,15.57
103878,2022-06-20,宜蘭縣,大同鄉,13,1435,17.29
104268,2022-06-19,宜蘭縣,大同鄉,4,1422,20.14
104659,2022-06-18,宜蘭縣,大同鄉,15,1418,21.57
105050,2022-06-17,宜蘭縣,大同鄉,14,1403,22.57
105440,2022-06-16,宜蘭縣,大同鄉,28,1389,22.57
105830,2022-06-15,宜蘭縣,大同鄉,24,1361,21.14
106220,2022-06-14,宜蘭縣,大同鄉,23,1337,20.57
106612,2022-06-13,宜蘭縣,大同鄉,33,1314,22.14
107002,2022-06-12,宜蘭縣,大同鄉,14,1281,20.57
107389,2022-06-11,宜蘭縣,大同鄉,22,1267,20.43
107781,2022-06-10,宜蘭縣,大同鄉,14,1245,19.43
108170,2022-06-09,宜蘭縣,大同鄉,18,1231,22.57
108559,2022-06-08,宜蘭縣,大同鄉,20,1213,25.14
108949,2022-06-07,宜蘭縣,大同鄉,34,1193,26.43
109341,2022-06-06,宜蘭縣,大同鄉,22,1159,26.71
109731,2022-06-05,宜蘭縣,大同鄉,13,1137,28.14
110120,2022-06-04,宜蘭縣,大同鄉,15,1124,30.86
110510,2022-06-03,宜蘭縣,大同鄉,36,1109,33.14
110901,2022-06-02,宜蘭縣,大同鄉,36,1073,34.71
111291,2022-06-01,宜蘭縣,大同鄉,29,1037,34.14
111683,2022-05-31,宜蘭縣,大同鄉,36,1008,38.14
112074,2022-05-30,宜蘭縣,大同鄉,32,972,40.57
112465,2022-05-29,宜蘭縣,大同鄉,32,940,44.29
112855,2022-05-28,宜蘭縣,大同鄉,31,908,43.86
113246,2022-05-27,宜蘭縣,大同鄉,47,877,46.71
113636,2022-05-26,宜蘭縣,大同鄉,32,830,47.71
114027,2022-05-25,宜蘭縣,大同鄉,57,798,51.29
114417,2022-05-24,宜蘭縣,大同鄉,53,741,48.00
114809,2022-05-23,宜蘭縣,大同鄉,58,688,45.29
115200,2022-05-22,宜蘭縣,大同鄉,29,630,41.71
115591,2022-05-21,宜蘭縣,大同鄉,51,601,44.86
115976,2022-05-20,宜蘭縣,大同鄉,54,550,41.86
116364,2022-05-19,宜蘭縣,大同鄉,57,496,39.00
116752,2022-05-18,宜蘭縣,大同鄉,34,439,35.43
117143,2022-05-17,宜蘭縣,大同鄉,34,405,36.00
117531,2022-05-16,宜蘭縣,大同鄉,33,371,34.57
117919,2022-05-15,宜蘭縣,大同鄉,51,338,31.14
118303,2022-05-14,宜蘭縣,大同鄉,30,287,25.86
118688,2022-05-13,宜蘭縣,大同鄉,34,257,23.86
119076,2022-05-12,宜蘭縣,大同鄉,32,223,20.43
119458,2022-05-11,宜蘭縣,大同鄉,38,191,17.14
119845,2022-05-10,宜蘭縣,大同鄉,24,153,13.71
120227,2022-05-09,宜蘭縣,大同鄉,9,129,11.86
120607,2022-05-08,宜蘭縣,大同鄉,14,120,11.43
120993,2022-05-07,宜蘭縣,大同鄉,16,106,9.71
121371,2022-05-06,宜蘭縣,大同鄉,10,90,8.71
121745,2022-05-05,宜蘭縣,大同鄉,9,80,8.14
122113,2022-05-04,宜蘭縣,大同鄉,14,71,7.14
122476,2022-05-03,宜蘭縣,大同鄉,11,57,5.71
122831,2022-05-02,宜蘭縣,大同鄉,6,46,4.43
123169,2022-05-01,宜蘭縣,大同鄉,2,40,3.71
123505,2022-04-30,宜蘭縣,大同鄉,9,38,3.57
123830,2022-04-29,宜蘭縣,大同鄉,6,29,3.00
124144,2022-04-28,宜蘭縣,大同鄉,2,23,2.29
124448,2022-04-27,宜蘭縣,大同鄉,4,21,2.29
124744,2022-04-26,宜蘭縣,大同鄉,2,17,1.71
125024,2022-04-25,宜蘭縣,大同鄉,1,15,1.57
125283,2022-04-24,宜蘭縣,大同鄉,1,14,1.57
125520,2022-04-23,宜蘭縣,大同鄉,5,13,1.57
125768,2022-04-22,宜蘭縣,大同鄉,1,8,1.00
126006,2022-04-21,宜蘭縣,大同鄉,2,7,0.86
126429,2022-04-19,宜蘭縣,大同鄉,1,5,0.71
126618,2022-04-18,宜蘭縣,大同鄉,1,4,0.57
126781,2022-04-17,宜蘭縣,大同鄉,1,3,0.43
126938,2022-04-16,宜蘭縣,大同鄉,1,2,0.29
127279,2022-04-14,宜蘭縣,大同鄉,1,1,0.14
