UID,個案研判日,縣市別,區域,新增確診人數,累計確診人數,七天移動平均新增確診人數
255,2023-06-14,屏東縣,泰武鄉,6,2554,0.86
2212,2023-03-16,屏東縣,泰武鄉,1,2548,1.00
3628,2023-03-12,屏東縣,泰武鄉,4,2547,1.14
4336,2023-03-10,屏東縣,泰武鄉,2,2543,0.86
4689,2023-03-09,屏東縣,泰武鄉,1,2541,0.71
5404,2023-03-07,屏東縣,泰武鄉,1,2540,1.00
6113,2023-03-05,屏東縣,泰武鄉,1,2539,1.43
6465,2023-03-04,屏東縣,泰武鄉,1,2538,1.43
6820,2023-03-03,屏東縣,泰武鄉,1,2537,1.57
7185,2023-03-02,屏東縣,泰武鄉,1,2536,1.43
7550,2023-03-01,屏東縣,泰武鄉,2,2535,1.71
8277,2023-02-27,屏東縣,泰武鄉,4,2533,2.57
8625,2023-02-26,屏東縣,泰武鄉,1,2529,2.29
8991,2023-02-25,屏東縣,泰武鄉,2,2528,2.57
9721,2023-02-23,屏東縣,泰武鄉,3,2526,2.71
10095,2023-02-22,屏東縣,泰武鄉,1,2523,2.57
10467,2023-02-21,屏東縣,泰武鄉,7,2522,2.57
10840,2023-02-20,屏東縣,泰武鄉,2,2515,2.14
11202,2023-02-19,屏東縣,泰武鄉,3,2513,1.86
11570,2023-02-18,屏東縣,泰武鄉,1,2510,1.43
11942,2023-02-17,屏東縣,泰武鄉,2,2509,1.71
12316,2023-02-16,屏東縣,泰武鄉,2,2507,1.57
12688,2023-02-15,屏東縣,泰武鄉,1,2505,1.43
13063,2023-02-14,屏東縣,泰武鄉,4,2504,1.57
14174,2023-02-11,屏東縣,泰武鄉,3,2500,2.14
14541,2023-02-10,屏東縣,泰武鄉,1,2497,1.71
14916,2023-02-09,屏東縣,泰武鄉,1,2496,2.00
15295,2023-02-08,屏東縣,泰武鄉,2,2495,1.86
15676,2023-02-07,屏東縣,泰武鄉,3,2493,2.14
16055,2023-02-06,屏東縣,泰武鄉,3,2490,2.14
16426,2023-02-05,屏東縣,泰武鄉,2,2487,2.00
17185,2023-02-03,屏東縣,泰武鄉,3,2485,3.00
17951,2023-02-01,屏東縣,泰武鄉,4,2482,3.43
18334,2023-01-31,屏東縣,泰武鄉,3,2478,3.14
18719,2023-01-30,屏東縣,泰武鄉,2,2475,2.71
19103,2023-01-29,屏東縣,泰武鄉,3,2473,2.57
19481,2023-01-28,屏東縣,泰武鄉,6,2470,2.14
19857,2023-01-27,屏東縣,泰武鄉,6,2464,1.43
20606,2023-01-25,屏東縣,泰武鄉,2,2458,1.14
21343,2023-01-23,屏東縣,泰武鄉,1,2456,1.14
22081,2023-01-21,屏東縣,泰武鄉,1,2455,1.29
22449,2023-01-20,屏東縣,泰武鄉,2,2454,1.43
22817,2023-01-19,屏東縣,泰武鄉,2,2452,1.14
23189,2023-01-18,屏東縣,泰武鄉,2,2450,1.14
23928,2023-01-16,屏東縣,泰武鄉,1,2448,1.71
24300,2023-01-15,屏東縣,泰武鄉,1,2447,2.14
24666,2023-01-14,屏東縣,泰武鄉,2,2446,2.14
25408,2023-01-12,屏東縣,泰武鄉,2,2444,2.57
25781,2023-01-11,屏東縣,泰武鄉,2,2442,2.43
26155,2023-01-10,屏東縣,泰武鄉,4,2440,2.29
26532,2023-01-09,屏東縣,泰武鄉,4,2436,2.57
26898,2023-01-08,屏東縣,泰武鄉,1,2432,2.29
27263,2023-01-07,屏東縣,泰武鄉,3,2431,2.29
27635,2023-01-06,屏東縣,泰武鄉,2,2428,1.86
28016,2023-01-05,屏東縣,泰武鄉,1,2426,2.00
28396,2023-01-04,屏東縣,泰武鄉,1,2425,2.43
28777,2023-01-03,屏東縣,泰武鄉,6,2424,2.86
29152,2023-01-02,屏東縣,泰武鄉,2,2418,2.29
29518,2023-01-01,屏東縣,泰武鄉,1,2416,2.43
30252,2022-12-30,屏東縣,泰武鄉,3,2415,3.14
30624,2022-12-29,屏東縣,泰武鄉,4,2412,2.86
30996,2022-12-28,屏東縣,泰武鄉,4,2408,2.57
31371,2022-12-27,屏東縣,泰武鄉,2,2404,2.00
31745,2022-12-26,屏東縣,泰武鄉,3,2402,1.71
32103,2022-12-25,屏東縣,泰武鄉,5,2399,1.43
32463,2022-12-24,屏東縣,泰武鄉,1,2394,0.86
32823,2022-12-23,屏東縣,泰武鄉,1,2393,1.00
33190,2022-12-22,屏東縣,泰武鄉,2,2392,1.14
34293,2022-12-19,屏東縣,泰武鄉,1,2390,2.14
34646,2022-12-18,屏東縣,泰武鄉,1,2389,2.14
35008,2022-12-17,屏東縣,泰武鄉,2,2388,2.14
35371,2022-12-16,屏東縣,泰武鄉,2,2386,2.00
35737,2022-12-15,屏東縣,泰武鄉,1,2384,1.71
36097,2022-12-14,屏東縣,泰武鄉,3,2383,1.71
36468,2022-12-13,屏東縣,泰武鄉,5,2380,2.00
36845,2022-12-12,屏東縣,泰武鄉,1,2375,1.57
37197,2022-12-11,屏東縣,泰武鄉,1,2374,1.71
37564,2022-12-10,屏東縣,泰武鄉,1,2373,1.57
38301,2022-12-08,屏東縣,泰武鄉,1,2372,2.00
38674,2022-12-07,屏東縣,泰武鄉,5,2371,1.86
39041,2022-12-06,屏東縣,泰武鄉,2,2366,1.86
39418,2022-12-05,屏東縣,泰武鄉,2,2364,1.86
40159,2022-12-03,屏東縣,泰武鄉,2,2362,2.71
40527,2022-12-02,屏東縣,泰武鄉,2,2360,2.43
41267,2022-11-30,屏東縣,泰武鄉,5,2358,2.71
41643,2022-11-29,屏東縣,泰武鄉,2,2353,2.43
42022,2022-11-28,屏東縣,泰武鄉,5,2351,3.14
42391,2022-11-27,屏東縣,泰武鄉,3,2346,3.29
43114,2022-11-25,屏東縣,泰武鄉,1,2343,3.86
43484,2022-11-24,屏東縣,泰武鄉,3,2342,4.14
43852,2022-11-23,屏東縣,泰武鄉,3,2339,4.57
44227,2022-11-22,屏東縣,泰武鄉,7,2336,4.57
44605,2022-11-21,屏東縣,泰武鄉,6,2329,4.29
44975,2022-11-20,屏東縣,泰武鄉,1,2323,3.57
45346,2022-11-19,屏東縣,泰武鄉,6,2322,3.86
45716,2022-11-18,屏東縣,泰武鄉,3,2316,3.00
46089,2022-11-17,屏東縣,泰武鄉,6,2313,2.71
46467,2022-11-16,屏東縣,泰武鄉,3,2307,2.29
46848,2022-11-15,屏東縣,泰武鄉,5,2304,2.14
47227,2022-11-14,屏東縣,泰武鄉,1,2299,3.14
47603,2022-11-13,屏東縣,泰武鄉,3,2298,3.57
48356,2022-11-11,屏東縣,泰武鄉,1,2295,3.43
48737,2022-11-10,屏東縣,泰武鄉,3,2294,3.57
49120,2022-11-09,屏東縣,泰武鄉,2,2291,3.86
49506,2022-11-08,屏東縣,泰武鄉,12,2289,4.14
49890,2022-11-07,屏東縣,泰武鄉,4,2277,2.71
50262,2022-11-06,屏東縣,泰武鄉,2,2273,2.86
51019,2022-11-04,屏東縣,泰武鄉,2,2271,4.00
51404,2022-11-03,屏東縣,泰武鄉,5,2269,4.14
51785,2022-11-02,屏東縣,泰武鄉,4,2264,4.00
52173,2022-11-01,屏東縣,泰武鄉,2,2260,4.14
52554,2022-10-31,屏東縣,泰武鄉,5,2258,4.29
52936,2022-10-30,屏東縣,泰武鄉,4,2253,4.29
53315,2022-10-29,屏東縣,泰武鄉,6,2249,4.29
53699,2022-10-28,屏東縣,泰武鄉,3,2243,3.71
54085,2022-10-27,屏東縣,泰武鄉,4,2240,4.00
54469,2022-10-26,屏東縣,泰武鄉,5,2236,4.43
54857,2022-10-25,屏東縣,泰武鄉,3,2231,4.43
55247,2022-10-24,屏東縣,泰武鄉,5,2228,4.71
55629,2022-10-23,屏東縣,泰武鄉,4,2223,5.86
56012,2022-10-22,屏東縣,泰武鄉,2,2219,5.43
56400,2022-10-21,屏東縣,泰武鄉,5,2217,5.57
56786,2022-10-20,屏東縣,泰武鄉,7,2212,6.43
57173,2022-10-19,屏東縣,泰武鄉,5,2205,6.29
57561,2022-10-18,屏東縣,泰武鄉,5,2200,7.29
57951,2022-10-17,屏東縣,泰武鄉,13,2195,9.00
58339,2022-10-16,屏東縣,泰武鄉,1,2182,7.86
58725,2022-10-15,屏東縣,泰武鄉,3,2181,8.57
59111,2022-10-14,屏東縣,泰武鄉,11,2178,8.43
59500,2022-10-13,屏東縣,泰武鄉,6,2167,8.14
59891,2022-10-12,屏東縣,泰武鄉,12,2161,8.00
60281,2022-10-11,屏東縣,泰武鄉,17,2149,6.86
60671,2022-10-10,屏東縣,泰武鄉,5,2132,5.57
61052,2022-10-09,屏東縣,泰武鄉,6,2127,5.71
61442,2022-10-08,屏東縣,泰武鄉,2,2121,6.00
61832,2022-10-07,屏東縣,泰武鄉,9,2119,7.29
62219,2022-10-06,屏東縣,泰武鄉,5,2110,6.29
62609,2022-10-05,屏東縣,泰武鄉,4,2105,6.57
62996,2022-10-04,屏東縣,泰武鄉,8,2101,6.71
63385,2022-10-03,屏東縣,泰武鄉,6,2093,6.14
63774,2022-10-02,屏東縣,泰武鄉,8,2087,5.43
64157,2022-10-01,屏東縣,泰武鄉,11,2079,4.57
64542,2022-09-30,屏東縣,泰武鄉,2,2068,3.86
64928,2022-09-29,屏東縣,泰武鄉,7,2066,4.00
65316,2022-09-28,屏東縣,泰武鄉,5,2059,3.57
65704,2022-09-27,屏東縣,泰武鄉,4,2054,3.71
66090,2022-09-26,屏東縣,泰武鄉,1,2050,3.71
66477,2022-09-25,屏東縣,泰武鄉,2,2049,4.86
66860,2022-09-24,屏東縣,泰武鄉,6,2047,4.57
67247,2022-09-23,屏東縣,泰武鄉,3,2041,3.71
67634,2022-09-22,屏東縣,泰武鄉,4,2038,4.00
68023,2022-09-21,屏東縣,泰武鄉,6,2034,4.57
68411,2022-09-20,屏東縣,泰武鄉,4,2028,4.00
68802,2022-09-19,屏東縣,泰武鄉,9,2024,3.71
69961,2022-09-16,屏東縣,泰武鄉,5,2015,4.00
70346,2022-09-15,屏東縣,泰武鄉,8,2010,3.43
70731,2022-09-14,屏東縣,泰武鄉,2,2002,2.71
71119,2022-09-13,屏東縣,泰武鄉,2,2000,3.00
71509,2022-09-12,屏東縣,泰武鄉,5,1998,3.71
71895,2022-09-11,屏東縣,泰武鄉,4,1993,4.14
72277,2022-09-10,屏東縣,泰武鄉,2,1989,3.71
72658,2022-09-09,屏東縣,泰武鄉,1,1987,4.14
73043,2022-09-08,屏東縣,泰武鄉,3,1986,4.57
73429,2022-09-07,屏東縣,泰武鄉,4,1983,4.86
73813,2022-09-06,屏東縣,泰武鄉,7,1979,5.29
74200,2022-09-05,屏東縣,泰武鄉,8,1972,5.29
74585,2022-09-04,屏東縣,泰武鄉,1,1964,5.71
74969,2022-09-03,屏東縣,泰武鄉,5,1963,6.71
75355,2022-09-02,屏東縣,泰武鄉,4,1958,7.29
75743,2022-09-01,屏東縣,泰武鄉,5,1954,9.71
76130,2022-08-31,屏東縣,泰武鄉,7,1949,10.29
76519,2022-08-30,屏東縣,泰武鄉,7,1942,11.00
76907,2022-08-29,屏東縣,泰武鄉,11,1935,11.86
77292,2022-08-28,屏東縣,泰武鄉,8,1924,12.00
77679,2022-08-27,屏東縣,泰武鄉,9,1916,11.29
78064,2022-08-26,屏東縣,泰武鄉,21,1907,10.29
78449,2022-08-25,屏東縣,泰武鄉,9,1886,8.29
78834,2022-08-24,屏東縣,泰武鄉,12,1877,8.14
79221,2022-08-23,屏東縣,泰武鄉,13,1865,6.86
79606,2022-08-22,屏東縣,泰武鄉,12,1852,5.86
79987,2022-08-21,屏東縣,泰武鄉,3,1840,4.71
80368,2022-08-20,屏東縣,泰武鄉,2,1837,4.71
80753,2022-08-19,屏東縣,泰武鄉,7,1835,4.86
81140,2022-08-18,屏東縣,泰武鄉,8,1828,4.14
81528,2022-08-17,屏東縣,泰武鄉,3,1820,3.57
81914,2022-08-16,屏東縣,泰武鄉,6,1817,4.29
82301,2022-08-15,屏東縣,泰武鄉,4,1811,4.43
82682,2022-08-14,屏東縣,泰武鄉,3,1807,4.71
83060,2022-08-13,屏東縣,泰武鄉,3,1804,4.29
83442,2022-08-12,屏東縣,泰武鄉,2,1801,5.00
83827,2022-08-11,屏東縣,泰武鄉,4,1799,6.29
84214,2022-08-10,屏東縣,泰武鄉,8,1795,6.71
84597,2022-08-09,屏東縣,泰武鄉,7,1787,6.14
84982,2022-08-08,屏東縣,泰武鄉,6,1780,5.86
85736,2022-08-06,屏東縣,泰武鄉,8,1774,7.43
86120,2022-08-05,屏東縣,泰武鄉,11,1766,6.43
86506,2022-08-04,屏東縣,泰武鄉,7,1755,5.71
86890,2022-08-03,屏東縣,泰武鄉,4,1748,6.29
87274,2022-08-02,屏東縣,泰武鄉,5,1744,7.86
87661,2022-08-01,屏東縣,泰武鄉,10,1739,7.86
88041,2022-07-31,屏東縣,泰武鄉,7,1729,8.14
88418,2022-07-30,屏東縣,泰武鄉,1,1722,8.57
88801,2022-07-29,屏東縣,泰武鄉,6,1721,9.00
89186,2022-07-28,屏東縣,泰武鄉,11,1715,9.57
89575,2022-07-27,屏東縣,泰武鄉,15,1704,9.14
89963,2022-07-26,屏東縣,泰武鄉,5,1689,8.43
90351,2022-07-25,屏東縣,泰武鄉,12,1684,9.29
90729,2022-07-24,屏東縣,泰武鄉,10,1672,8.71
91112,2022-07-23,屏東縣,泰武鄉,4,1662,8.71
91496,2022-07-22,屏東縣,泰武鄉,10,1658,8.86
91884,2022-07-21,屏東縣,泰武鄉,8,1648,8.71
92266,2022-07-20,屏東縣,泰武鄉,10,1640,9.86
92655,2022-07-19,屏東縣,泰武鄉,11,1630,10.57
93044,2022-07-18,屏東縣,泰武鄉,8,1619,11.29
93428,2022-07-17,屏東縣,泰武鄉,10,1611,11.29
93809,2022-07-16,屏東縣,泰武鄉,5,1601,11.14
94197,2022-07-15,屏東縣,泰武鄉,9,1596,11.71
94583,2022-07-14,屏東縣,泰武鄉,16,1587,12.00
94972,2022-07-13,屏東縣,泰武鄉,15,1571,11.14
95360,2022-07-12,屏東縣,泰武鄉,16,1556,10.71
95748,2022-07-11,屏東縣,泰武鄉,8,1540,10.86
96133,2022-07-10,屏東縣,泰武鄉,9,1532,11.71
96520,2022-07-09,屏東縣,泰武鄉,9,1523,11.57
96908,2022-07-08,屏東縣,泰武鄉,11,1514,12.00
97299,2022-07-07,屏東縣,泰武鄉,10,1503,14.14
97688,2022-07-06,屏東縣,泰武鄉,12,1493,14.14
98078,2022-07-05,屏東縣,泰武鄉,17,1481,16.14
98467,2022-07-04,屏東縣,泰武鄉,14,1464,15.43
98856,2022-07-03,屏東縣,泰武鄉,8,1450,17.71
99238,2022-07-02,屏東縣,泰武鄉,12,1442,17.29
99630,2022-07-01,屏東縣,泰武鄉,26,1430,17.43
100022,2022-06-30,屏東縣,泰武鄉,10,1404,15.86
100413,2022-06-29,屏東縣,泰武鄉,26,1394,18.57
100803,2022-06-28,屏東縣,泰武鄉,12,1368,18.29
101194,2022-06-27,屏東縣,泰武鄉,30,1356,22.57
101579,2022-06-26,屏東縣,泰武鄉,5,1326,20.86
101966,2022-06-25,屏東縣,泰武鄉,13,1321,22.43
102356,2022-06-24,屏東縣,泰武鄉,15,1308,22.00
102748,2022-06-23,屏東縣,泰武鄉,29,1293,21.43
103141,2022-06-22,屏東縣,泰武鄉,24,1264,20.43
103530,2022-06-21,屏東縣,泰武鄉,42,1240,22.14
103922,2022-06-20,屏東縣,泰武鄉,18,1198,20.71
104312,2022-06-19,屏東縣,泰武鄉,16,1180,21.14
104703,2022-06-18,屏東縣,泰武鄉,10,1164,22.43
105094,2022-06-17,屏東縣,泰武鄉,11,1154,26.00
105484,2022-06-16,屏東縣,泰武鄉,22,1143,27.71
105874,2022-06-15,屏東縣,泰武鄉,36,1121,31.86
106264,2022-06-14,屏東縣,泰武鄉,32,1085,32.57
106656,2022-06-13,屏東縣,泰武鄉,21,1053,33.86
107046,2022-06-12,屏東縣,泰武鄉,25,1032,37.14
107433,2022-06-11,屏東縣,泰武鄉,35,1007,37.86
107825,2022-06-10,屏東縣,泰武鄉,23,972,37.57
108214,2022-06-09,屏東縣,泰武鄉,51,949,37.43
108603,2022-06-08,屏東縣,泰武鄉,41,898,36.14
108993,2022-06-07,屏東縣,泰武鄉,41,857,37.14
109385,2022-06-06,屏東縣,泰武鄉,44,816,36.00
109775,2022-06-05,屏東縣,泰武鄉,30,772,34.57
110164,2022-06-04,屏東縣,泰武鄉,33,742,32.57
110554,2022-06-03,屏東縣,泰武鄉,22,709,32.29
110945,2022-06-02,屏東縣,泰武鄉,42,687,30.43
111335,2022-06-01,屏東縣,泰武鄉,48,645,27.86
111727,2022-05-31,屏東縣,泰武鄉,33,597,25.71
112118,2022-05-30,屏東縣,泰武鄉,34,564,24.29
112509,2022-05-29,屏東縣,泰武鄉,16,530,24.43
112899,2022-05-28,屏東縣,泰武鄉,31,514,29.00
113290,2022-05-27,屏東縣,泰武鄉,9,483,33.43
113680,2022-05-26,屏東縣,泰武鄉,24,474,36.71
114071,2022-05-25,屏東縣,泰武鄉,33,450,38.57
114461,2022-05-24,屏東縣,泰武鄉,23,417,39.86
114853,2022-05-23,屏東縣,泰武鄉,35,394,39.86
115244,2022-05-22,屏東縣,泰武鄉,48,359,37.00
115635,2022-05-21,屏東縣,泰武鄉,62,311,31.86
116020,2022-05-20,屏東縣,泰武鄉,32,249,24.29
116408,2022-05-19,屏東縣,泰武鄉,37,217,20.29
116796,2022-05-18,屏東縣,泰武鄉,42,180,15.43
117187,2022-05-17,屏東縣,泰武鄉,23,138,10.43
117575,2022-05-16,屏東縣,泰武鄉,15,115,9.00
117963,2022-05-15,屏東縣,泰武鄉,12,100,8.29
118347,2022-05-14,屏東縣,泰武鄉,9,88,6.86
118732,2022-05-13,屏東縣,泰武鄉,4,79,6.86
119120,2022-05-12,屏東縣,泰武鄉,3,75,7.71
119502,2022-05-11,屏東縣,泰武鄉,7,72,8.14
119889,2022-05-10,屏東縣,泰武鄉,13,65,7.86
120271,2022-05-09,屏東縣,泰武鄉,10,52,6.71
120650,2022-05-08,屏東縣,泰武鄉,2,42,5.43
121035,2022-05-07,屏東縣,泰武鄉,9,40,5.29
121413,2022-05-06,屏東縣,泰武鄉,10,31,4.00
121787,2022-05-05,屏東縣,泰武鄉,6,21,2.57
122150,2022-05-04,屏東縣,泰武鄉,5,15,1.71
122514,2022-05-03,屏東縣,泰武鄉,5,10,1.00
122867,2022-05-02,屏東縣,泰武鄉,1,5,0.29
123204,2022-05-01,屏東縣,泰武鄉,1,4,0.29
125043,2022-04-25,屏東縣,泰武鄉,1,3,0.43
125540,2022-04-23,屏東縣,泰武鄉,1,2,0.29
125790,2022-04-22,屏東縣,泰武鄉,1,1,0.14
