UID,個案研判日,縣市別,區域,新增確診人數,累計確診人數,七天移動平均新增確診人數
2573,2023-03-15,屏東縣,獅子鄉,6,1655,1.57
2927,2023-03-14,屏東縣,獅子鄉,1,1649,0.71
3286,2023-03-13,屏東縣,獅子鄉,1,1648,0.57
3634,2023-03-12,屏東縣,獅子鄉,3,1647,0.71
5775,2023-03-06,屏東縣,獅子鄉,2,1644,0.86
6119,2023-03-05,屏東縣,獅子鄉,1,1642,0.71
7557,2023-03-01,屏東縣,獅子鄉,2,1641,2.00
7924,2023-02-28,屏東縣,獅子鄉,1,1639,1.71
8283,2023-02-27,屏東縣,獅子鄉,1,1638,1.71
8631,2023-02-26,屏東縣,獅子鄉,4,1637,1.86
8998,2023-02-25,屏東縣,獅子鄉,3,1633,1.43
9360,2023-02-24,屏東縣,獅子鄉,3,1630,1.14
10474,2023-02-21,屏東縣,獅子鄉,1,1627,1.14
10847,2023-02-20,屏東縣,獅子鄉,2,1626,1.00
11208,2023-02-19,屏東縣,獅子鄉,1,1624,0.86
11577,2023-02-18,屏東縣,獅子鄉,1,1623,1.14
12323,2023-02-16,屏東縣,獅子鄉,1,1622,1.14
12695,2023-02-15,屏東縣,獅子鄉,2,1621,1.00
13445,2023-02-13,屏東縣,獅子鄉,1,1619,1.00
13809,2023-02-12,屏東縣,獅子鄉,3,1618,1.00
14548,2023-02-10,屏東縣,獅子鄉,1,1615,1.00
15683,2023-02-07,屏東縣,獅子鄉,2,1614,1.14
16062,2023-02-06,屏東縣,獅子鄉,1,1612,0.86
16433,2023-02-05,屏東縣,獅子鄉,2,1611,1.14
16811,2023-02-04,屏東縣,獅子鄉,1,1609,0.86
17192,2023-02-03,屏東縣,獅子鄉,1,1608,1.14
17958,2023-02-01,屏東縣,獅子鄉,1,1607,1.43
18726,2023-01-30,屏東縣,獅子鄉,3,1606,1.29
19488,2023-01-28,屏東縣,獅子鄉,3,1603,1.57
20240,2023-01-26,屏東縣,獅子鄉,3,1600,1.57
21350,2023-01-23,屏東縣,獅子鄉,1,1597,1.86
21716,2023-01-22,屏東縣,獅子鄉,4,1596,1.71
22087,2023-01-21,屏東縣,獅子鄉,1,1592,1.43
22455,2023-01-20,屏東縣,獅子鄉,2,1591,1.29
23196,2023-01-18,屏東縣,獅子鄉,2,1589,1.14
23561,2023-01-17,屏東縣,獅子鄉,3,1587,1.00
24307,2023-01-15,屏東縣,獅子鄉,2,1584,0.86
25415,2023-01-12,屏東縣,獅子鄉,1,1582,2.14
25787,2023-01-11,屏東縣,獅子鄉,1,1581,2.00
26161,2023-01-10,屏東縣,獅子鄉,1,1580,2.00
26539,2023-01-09,屏東縣,獅子鄉,1,1579,2.00
26905,2023-01-08,屏東縣,獅子鄉,4,1578,2.29
27270,2023-01-07,屏東縣,獅子鄉,3,1574,1.71
27642,2023-01-06,屏東縣,獅子鄉,4,1571,1.57
28402,2023-01-04,屏東縣,獅子鄉,1,1567,1.57
28784,2023-01-03,屏東縣,獅子鄉,1,1566,1.57
29159,2023-01-02,屏東縣,獅子鄉,3,1565,1.71
29891,2022-12-31,屏東縣,獅子鄉,2,1562,1.29
30259,2022-12-30,屏東縣,獅子鄉,3,1560,1.14
30631,2022-12-29,屏東縣,獅子鄉,1,1557,1.00
31003,2022-12-28,屏東縣,獅子鄉,1,1556,1.00
31378,2022-12-27,屏東縣,獅子鄉,2,1555,1.00
32469,2022-12-24,屏東縣,獅子鄉,1,1553,0.86
32830,2022-12-23,屏東縣,獅子鄉,2,1552,0.71
33196,2022-12-22,屏東縣,獅子鄉,1,1550,0.43
33567,2022-12-21,屏東縣,獅子鄉,1,1549,0.29
33931,2022-12-20,屏東縣,獅子鄉,1,1548,0.29
36104,2022-12-14,屏東縣,獅子鄉,1,1547,1.00
36475,2022-12-13,屏東縣,獅子鄉,1,1546,1.00
36851,2022-12-12,屏東縣,獅子鄉,1,1545,1.29
37935,2022-12-09,屏東縣,獅子鄉,4,1544,2.57
38681,2022-12-07,屏東縣,獅子鄉,1,1540,2.43
39047,2022-12-06,屏東縣,獅子鄉,3,1539,2.57
39425,2022-12-05,屏東縣,獅子鄉,7,1536,2.43
39795,2022-12-04,屏東縣,獅子鄉,3,1529,2.00
40900,2022-12-01,屏東縣,獅子鄉,3,1526,1.71
41274,2022-11-30,屏東縣,獅子鄉,2,1523,1.43
41650,2022-11-29,屏東縣,獅子鄉,2,1521,1.14
42029,2022-11-28,屏東縣,獅子鄉,4,1519,0.86
42397,2022-11-27,屏東縣,獅子鄉,1,1515,0.57
43490,2022-11-24,屏東縣,獅子鄉,1,1514,0.57
44611,2022-11-21,屏東縣,獅子鄉,2,1513,1.29
44982,2022-11-20,屏東縣,獅子鄉,1,1511,1.43
46474,2022-11-16,屏東縣,獅子鄉,3,1510,2.57
46855,2022-11-15,屏東縣,獅子鄉,3,1507,2.71
47234,2022-11-14,屏東縣,獅子鄉,3,1504,2.43
47609,2022-11-13,屏東縣,獅子鄉,3,1501,2.43
47982,2022-11-12,屏東縣,獅子鄉,5,1498,2.29
48363,2022-11-11,屏東縣,獅子鄉,1,1493,1.86
49127,2022-11-09,屏東縣,獅子鄉,4,1492,3.00
49513,2022-11-08,屏東縣,獅子鄉,1,1488,3.00
49897,2022-11-07,屏東縣,獅子鄉,3,1487,3.00
50268,2022-11-06,屏東縣,獅子鄉,2,1484,3.57
50643,2022-11-05,屏東縣,獅子鄉,2,1482,4.14
51026,2022-11-04,屏東縣,獅子鄉,6,1480,4.71
51410,2022-11-03,屏東縣,獅子鄉,3,1474,5.14
51792,2022-11-02,屏東縣,獅子鄉,4,1471,5.71
52180,2022-11-01,屏東縣,獅子鄉,1,1467,6.43
52561,2022-10-31,屏東縣,獅子鄉,7,1466,8.00
52942,2022-10-30,屏東縣,獅子鄉,6,1459,8.14
53322,2022-10-29,屏東縣,獅子鄉,6,1453,7.86
53706,2022-10-28,屏東縣,獅子鄉,9,1447,7.14
54092,2022-10-27,屏東縣,獅子鄉,7,1438,6.71
54476,2022-10-26,屏東縣,獅子鄉,9,1431,6.14
54864,2022-10-25,屏東縣,獅子鄉,12,1422,5.57
55254,2022-10-24,屏東縣,獅子鄉,8,1410,4.57
55636,2022-10-23,屏東縣,獅子鄉,4,1402,3.86
56019,2022-10-22,屏東縣,獅子鄉,1,1398,3.86
56407,2022-10-21,屏東縣,獅子鄉,6,1397,4.14
56793,2022-10-20,屏東縣,獅子鄉,3,1391,3.71
57180,2022-10-19,屏東縣,獅子鄉,5,1388,5.14
57568,2022-10-18,屏東縣,獅子鄉,5,1383,4.71
57958,2022-10-17,屏東縣,獅子鄉,3,1378,4.71
58345,2022-10-16,屏東縣,獅子鄉,4,1375,6.14
58732,2022-10-15,屏東縣,獅子鄉,3,1371,6.14
59118,2022-10-14,屏東縣,獅子鄉,3,1368,7.29
59507,2022-10-13,屏東縣,獅子鄉,13,1365,7.57
59898,2022-10-12,屏東縣,獅子鄉,2,1352,8.14
60288,2022-10-11,屏東縣,獅子鄉,5,1350,8.57
60678,2022-10-10,屏東縣,獅子鄉,13,1345,8.71
61059,2022-10-09,屏東縣,獅子鄉,4,1332,8.00
61449,2022-10-08,屏東縣,獅子鄉,11,1328,8.00
61839,2022-10-07,屏東縣,獅子鄉,5,1317,7.29
62226,2022-10-06,屏東縣,獅子鄉,17,1312,7.00
62616,2022-10-05,屏東縣,獅子鄉,5,1295,5.43
63003,2022-10-04,屏東縣,獅子鄉,6,1290,5.57
63392,2022-10-03,屏東縣,獅子鄉,8,1284,5.86
63780,2022-10-02,屏東縣,獅子鄉,4,1276,4.86
64164,2022-10-01,屏東縣,獅子鄉,6,1272,4.29
64549,2022-09-30,屏東縣,獅子鄉,3,1266,3.86
64935,2022-09-29,屏東縣,獅子鄉,6,1263,3.86
65323,2022-09-28,屏東縣,獅子鄉,6,1257,3.14
65711,2022-09-27,屏東縣,獅子鄉,8,1251,3.00
66097,2022-09-26,屏東縣,獅子鄉,1,1243,2.57
66867,2022-09-24,屏東縣,獅子鄉,3,1242,4.29
67254,2022-09-23,屏東縣,獅子鄉,3,1239,4.86
67641,2022-09-22,屏東縣,獅子鄉,1,1236,5.14
68030,2022-09-21,屏東縣,獅子鄉,5,1235,6.14
68418,2022-09-20,屏東縣,獅子鄉,5,1230,6.57
68809,2022-09-19,屏東縣,獅子鄉,6,1225,6.71
69195,2022-09-18,屏東縣,獅子鄉,7,1219,7.14
69580,2022-09-17,屏東縣,獅子鄉,7,1212,6.71
69968,2022-09-16,屏東縣,獅子鄉,5,1205,6.14
70353,2022-09-15,屏東縣,獅子鄉,8,1200,7.00
70738,2022-09-14,屏東縣,獅子鄉,8,1192,6.14
71126,2022-09-13,屏東縣,獅子鄉,6,1184,7.43
71516,2022-09-12,屏東縣,獅子鄉,9,1178,7.14
71901,2022-09-11,屏東縣,獅子鄉,4,1169,7.14
72284,2022-09-10,屏東縣,獅子鄉,3,1165,7.29
72665,2022-09-09,屏東縣,獅子鄉,11,1162,7.57
73050,2022-09-08,屏東縣,獅子鄉,2,1151,7.00
73436,2022-09-07,屏東縣,獅子鄉,17,1149,7.43
73820,2022-09-06,屏東縣,獅子鄉,4,1132,6.29
74207,2022-09-05,屏東縣,獅子鄉,9,1128,7.00
74591,2022-09-04,屏東縣,獅子鄉,5,1119,7.29
74976,2022-09-03,屏東縣,獅子鄉,5,1114,7.57
75362,2022-09-02,屏東縣,獅子鄉,7,1109,7.29
75750,2022-09-01,屏東縣,獅子鄉,5,1102,6.86
76137,2022-08-31,屏東縣,獅子鄉,9,1097,8.14
76526,2022-08-30,屏東縣,獅子鄉,9,1088,8.14
76914,2022-08-29,屏東縣,獅子鄉,11,1079,7.00
77299,2022-08-28,屏東縣,獅子鄉,7,1068,5.57
77685,2022-08-27,屏東縣,獅子鄉,3,1061,6.14
78070,2022-08-26,屏東縣,獅子鄉,4,1058,6.14
78456,2022-08-25,屏東縣,獅子鄉,14,1054,6.29
78841,2022-08-24,屏東縣,獅子鄉,9,1040,4.71
79228,2022-08-23,屏東縣,獅子鄉,1,1031,4.86
79613,2022-08-22,屏東縣,獅子鄉,1,1030,5.00
79994,2022-08-21,屏東縣,獅子鄉,11,1029,5.00
80375,2022-08-20,屏東縣,獅子鄉,3,1018,3.71
80760,2022-08-19,屏東縣,獅子鄉,5,1015,3.29
81147,2022-08-18,屏東縣,獅子鄉,3,1010,3.29
81535,2022-08-17,屏東縣,獅子鄉,10,1007,3.57
81921,2022-08-16,屏東縣,獅子鄉,2,997,3.00
82308,2022-08-15,屏東縣,獅子鄉,1,995,4.14
82688,2022-08-14,屏東縣,獅子鄉,2,994,4.57
83449,2022-08-12,屏東縣,獅子鄉,5,992,7.00
83834,2022-08-11,屏東縣,獅子鄉,5,987,7.00
84221,2022-08-10,屏東縣,獅子鄉,6,982,6.71
84604,2022-08-09,屏東縣,獅子鄉,10,976,6.57
84989,2022-08-08,屏東縣,獅子鄉,4,966,5.86
85365,2022-08-07,屏東縣,獅子鄉,7,962,7.14
85742,2022-08-06,屏東縣,獅子鄉,12,955,6.71
86126,2022-08-05,屏東縣,獅子鄉,5,943,5.57
86513,2022-08-04,屏東縣,獅子鄉,3,938,5.57
86897,2022-08-03,屏東縣,獅子鄉,5,935,5.57
87281,2022-08-02,屏東縣,獅子鄉,5,930,5.57
87668,2022-08-01,屏東縣,獅子鄉,13,925,5.29
88048,2022-07-31,屏東縣,獅子鄉,4,912,4.00
88425,2022-07-30,屏東縣,獅子鄉,4,908,4.00
88808,2022-07-29,屏東縣,獅子鄉,5,904,3.57
89193,2022-07-28,屏東縣,獅子鄉,3,899,3.43
89582,2022-07-27,屏東縣,獅子鄉,5,896,3.86
89970,2022-07-26,屏東縣,獅子鄉,3,891,3.71
90358,2022-07-25,屏東縣,獅子鄉,4,888,3.29
90736,2022-07-24,屏東縣,獅子鄉,4,884,3.43
91118,2022-07-23,屏東縣,獅子鄉,1,880,2.86
91503,2022-07-22,屏東縣,獅子鄉,4,879,3.00
91890,2022-07-21,屏東縣,獅子鄉,6,875,2.86
92273,2022-07-20,屏東縣,獅子鄉,4,869,2.86
93051,2022-07-18,屏東縣,獅子鄉,5,865,5.29
93816,2022-07-16,屏東縣,獅子鄉,2,860,6.14
94204,2022-07-15,屏東縣,獅子鄉,3,858,6.43
94590,2022-07-14,屏東縣,獅子鄉,6,855,7.00
94979,2022-07-13,屏東縣,獅子鄉,15,849,7.86
95367,2022-07-12,屏東縣,獅子鄉,6,834,6.29
95755,2022-07-11,屏東縣,獅子鄉,8,828,6.86
96140,2022-07-10,屏東縣,獅子鄉,3,820,7.29
96527,2022-07-09,屏東縣,獅子鄉,4,817,8.71
96915,2022-07-08,屏東縣,獅子鄉,7,813,8.57
97306,2022-07-07,屏東縣,獅子鄉,12,806,8.71
97695,2022-07-06,屏東縣,獅子鄉,4,794,7.71
98085,2022-07-05,屏東縣,獅子鄉,10,790,8.43
98473,2022-07-04,屏東縣,獅子鄉,11,780,8.00
98862,2022-07-03,屏東縣,獅子鄉,13,769,8.43
99245,2022-07-02,屏東縣,獅子鄉,3,756,7.43
99637,2022-07-01,屏東縣,獅子鄉,8,753,7.86
100029,2022-06-30,屏東縣,獅子鄉,5,745,9.00
100420,2022-06-29,屏東縣,獅子鄉,9,740,9.86
100810,2022-06-28,屏東縣,獅子鄉,7,731,10.86
101201,2022-06-27,屏東縣,獅子鄉,14,724,11.43
101586,2022-06-26,屏東縣,獅子鄉,6,710,11.43
101973,2022-06-25,屏東縣,獅子鄉,6,704,11.14
102363,2022-06-24,屏東縣,獅子鄉,16,698,12.29
102755,2022-06-23,屏東縣,獅子鄉,11,682,11.43
103148,2022-06-22,屏東縣,獅子鄉,16,671,11.57
103537,2022-06-21,屏東縣,獅子鄉,11,655,10.57
103929,2022-06-20,屏東縣,獅子鄉,14,644,10.86
104319,2022-06-19,屏東縣,獅子鄉,4,630,11.14
104710,2022-06-18,屏東縣,獅子鄉,14,626,13.00
105101,2022-06-17,屏東縣,獅子鄉,10,612,14.43
105491,2022-06-16,屏東縣,獅子鄉,12,602,14.57
105881,2022-06-15,屏東縣,獅子鄉,9,590,15.57
106271,2022-06-14,屏東縣,獅子鄉,13,581,16.57
106663,2022-06-13,屏東縣,獅子鄉,16,568,19.14
107053,2022-06-12,屏東縣,獅子鄉,17,552,19.14
107440,2022-06-11,屏東縣,獅子鄉,24,535,18.14
107832,2022-06-10,屏東縣,獅子鄉,11,511,16.29
108221,2022-06-09,屏東縣,獅子鄉,19,500,16.86
108610,2022-06-08,屏東縣,獅子鄉,16,481,15.71
109000,2022-06-07,屏東縣,獅子鄉,31,465,16.86
109392,2022-06-06,屏東縣,獅子鄉,16,434,14.29
109782,2022-06-05,屏東縣,獅子鄉,10,418,15.29
110171,2022-06-04,屏東縣,獅子鄉,11,408,15.43
110561,2022-06-03,屏東縣,獅子鄉,15,397,15.86
110952,2022-06-02,屏東縣,獅子鄉,11,382,15.14
111342,2022-06-01,屏東縣,獅子鄉,24,371,16.00
111734,2022-05-31,屏東縣,獅子鄉,13,347,14.71
112125,2022-05-30,屏東縣,獅子鄉,23,334,14.71
112516,2022-05-29,屏東縣,獅子鄉,11,311,12.57
112906,2022-05-28,屏東縣,獅子鄉,14,300,12.43
113297,2022-05-27,屏東縣,獅子鄉,10,286,12.71
113687,2022-05-26,屏東縣,獅子鄉,17,276,12.57
114078,2022-05-25,屏東縣,獅子鄉,15,259,13.43
114468,2022-05-24,屏東縣,獅子鄉,13,244,13.14
114860,2022-05-23,屏東縣,獅子鄉,8,231,14.29
115250,2022-05-22,屏東縣,獅子鄉,10,223,15.71
115641,2022-05-21,屏東縣,獅子鄉,16,213,15.86
116027,2022-05-20,屏東縣,獅子鄉,9,197,15.57
116415,2022-05-19,屏東縣,獅子鄉,23,188,15.43
116803,2022-05-18,屏東縣,獅子鄉,13,165,14.43
117194,2022-05-17,屏東縣,獅子鄉,21,152,13.00
117582,2022-05-16,屏東縣,獅子鄉,18,131,10.29
117970,2022-05-15,屏東縣,獅子鄉,11,113,8.71
118354,2022-05-14,屏東縣,獅子鄉,14,102,7.43
118739,2022-05-13,屏東縣,獅子鄉,8,88,7.71
119127,2022-05-12,屏東縣,獅子鄉,16,80,7.43
119509,2022-05-11,屏東縣,獅子鄉,3,64,5.43
119895,2022-05-10,屏東縣,獅子鄉,2,61,7.14
120278,2022-05-09,屏東縣,獅子鄉,7,59,6.86
120657,2022-05-08,屏東縣,獅子鄉,2,52,6.14
121041,2022-05-07,屏東縣,獅子鄉,16,50,5.86
121420,2022-05-06,屏東縣,獅子鄉,6,34,3.86
121792,2022-05-05,屏東縣,獅子鄉,2,28,3.14
122157,2022-05-04,屏東縣,獅子鄉,15,26,2.86
122873,2022-05-02,屏東縣,獅子鄉,2,11,1.43
123544,2022-04-30,屏東縣,獅子鄉,2,9,1.29
123862,2022-04-29,屏東縣,獅子鄉,1,7,1.00
124770,2022-04-26,屏東縣,獅子鄉,5,6,0.86
125297,2022-04-24,屏東縣,獅子鄉,1,1,0.14
