UID,個案研判日,縣市別,區域,新增確診人數,累計確診人數,七天移動平均新增確診人數
229,2023-06-14,屏東縣,車城鄉,1,2224,0.14
816,2023-03-20,屏東縣,車城鄉,2,2223,1.57
1123,2023-03-19,屏東縣,車城鄉,1,2221,1.29
1457,2023-03-18,屏東縣,車城鄉,3,2220,1.14
2154,2023-03-16,屏東縣,車城鄉,2,2217,0.86
2510,2023-03-15,屏東縣,車城鄉,2,2215,0.86
2860,2023-03-14,屏東縣,車城鄉,1,2213,0.71
4272,2023-03-10,屏東縣,車城鄉,1,2212,1.00
4629,2023-03-09,屏東縣,車城鄉,2,2211,1.14
4984,2023-03-08,屏東縣,車城鄉,1,2209,1.14
5340,2023-03-07,屏東縣,車城鄉,1,2208,1.29
6402,2023-03-04,屏東縣,車城鄉,2,2207,1.57
6755,2023-03-03,屏東縣,車城鄉,2,2205,1.29
7118,2023-03-02,屏東縣,車城鄉,2,2203,1.14
7482,2023-03-01,屏東縣,車城鄉,2,2201,1.29
7854,2023-02-28,屏東縣,車城鄉,3,2199,1.43
9289,2023-02-24,屏東縣,車城鄉,1,2196,2.00
9654,2023-02-23,屏東縣,車城鄉,3,2195,2.14
10025,2023-02-22,屏東縣,車城鄉,3,2192,2.00
10770,2023-02-20,屏東縣,車城鄉,3,2189,2.00
11140,2023-02-19,屏東縣,車城鄉,2,2186,1.86
11504,2023-02-18,屏東縣,車城鄉,2,2184,2.00
11871,2023-02-17,屏東縣,車城鄉,2,2182,1.71
12246,2023-02-16,屏東縣,車城鄉,2,2180,1.57
12620,2023-02-15,屏東縣,車城鄉,2,2178,2.00
12996,2023-02-14,屏東縣,車城鄉,1,2176,2.43
13366,2023-02-13,屏東縣,車城鄉,2,2175,2.57
13740,2023-02-12,屏東縣,車城鄉,3,2173,3.14
14473,2023-02-10,屏東縣,車城鄉,1,2170,3.43
14845,2023-02-09,屏東縣,車城鄉,5,2169,4.00
15227,2023-02-08,屏東縣,車城鄉,5,2164,3.86
15605,2023-02-07,屏東縣,車城鄉,2,2159,4.29
15984,2023-02-06,屏東縣,車城鄉,6,2157,4.57
16360,2023-02-05,屏東縣,車城鄉,2,2151,5.29
16735,2023-02-04,屏東縣,車城鄉,3,2149,6.29
17113,2023-02-03,屏東縣,車城鄉,5,2146,6.86
17499,2023-02-02,屏東縣,車城鄉,4,2141,6.29
17880,2023-02-01,屏東縣,車城鄉,8,2137,5.71
18261,2023-01-31,屏東縣,車城鄉,4,2129,4.86
18646,2023-01-30,屏東縣,車城鄉,11,2125,4.43
19032,2023-01-29,屏東縣,車城鄉,9,2114,2.86
19409,2023-01-28,屏東縣,車城鄉,7,2105,1.71
19786,2023-01-27,屏東縣,車城鄉,1,2098,1.00
20536,2023-01-25,屏東縣,車城鄉,2,2097,1.14
20905,2023-01-24,屏東縣,車城鄉,1,2095,0.86
21646,2023-01-22,屏東縣,車城鄉,1,2094,1.29
22014,2023-01-21,屏東縣,車城鄉,2,2093,1.43
22384,2023-01-20,屏東縣,車城鄉,1,2091,1.43
22752,2023-01-19,屏東縣,車城鄉,1,2090,2.14
23490,2023-01-17,屏東縣,車城鄉,2,2089,3.00
23857,2023-01-16,屏東縣,車城鄉,2,2087,2.86
24233,2023-01-15,屏東縣,車城鄉,2,2085,3.00
24599,2023-01-14,屏東縣,車城鄉,2,2083,2.71
24966,2023-01-13,屏東縣,車城鄉,6,2081,3.00
25338,2023-01-12,屏東縣,車城鄉,1,2075,3.00
25709,2023-01-11,屏東縣,車城鄉,6,2074,3.29
26086,2023-01-10,屏東縣,車城鄉,1,2068,2.71
26460,2023-01-09,屏東縣,車城鄉,3,2067,2.86
27194,2023-01-07,屏東縣,車城鄉,4,2064,2.57
27565,2023-01-06,屏東縣,車城鄉,6,2060,2.14
27945,2023-01-05,屏東縣,車城鄉,3,2054,1.86
28324,2023-01-04,屏東縣,車城鄉,2,2051,2.00
28706,2023-01-03,屏東縣,車城鄉,2,2049,2.14
29086,2023-01-02,屏東縣,車城鄉,1,2047,2.00
29816,2022-12-31,屏東縣,車城鄉,1,2046,2.00
30184,2022-12-30,屏東縣,車城鄉,4,2045,2.00
30558,2022-12-29,屏東縣,車城鄉,4,2041,1.71
30929,2022-12-28,屏東縣,車城鄉,3,2037,1.14
31301,2022-12-27,屏東縣,車城鄉,1,2034,0.86
32040,2022-12-25,屏東縣,車城鄉,1,2033,1.71
32401,2022-12-24,屏東縣,車城鄉,1,2032,2.29
32757,2022-12-23,屏東縣,車城鄉,2,2031,2.86
33491,2022-12-21,屏東縣,車城鄉,1,2029,2.86
33858,2022-12-20,屏東縣,車城鄉,3,2028,2.71
34225,2022-12-19,屏東縣,車城鄉,4,2025,2.86
34587,2022-12-18,屏東縣,車城鄉,5,2021,2.29
34942,2022-12-17,屏東縣,車城鄉,5,2016,1.86
35306,2022-12-16,屏東縣,車城鄉,1,2011,1.57
35668,2022-12-15,屏東縣,車城鄉,1,2010,2.00
36398,2022-12-13,屏東縣,車城鄉,4,2009,2.43
37135,2022-12-11,屏東縣,車城鄉,2,2005,2.71
37496,2022-12-10,屏東縣,車城鄉,3,2003,2.71
37863,2022-12-09,屏東縣,車城鄉,4,2000,2.71
38232,2022-12-08,屏東縣,車城鄉,3,1996,3.14
38606,2022-12-07,屏東縣,車城鄉,1,1993,2.86
38972,2022-12-06,屏東縣,車城鄉,5,1992,2.86
39349,2022-12-05,屏東縣,車城鄉,1,1987,3.43
39723,2022-12-04,屏東縣,車城鄉,2,1986,3.86
40090,2022-12-03,屏東縣,車城鄉,3,1984,4.14
40458,2022-12-02,屏東縣,車城鄉,7,1981,4.57
40827,2022-12-01,屏東縣,車城鄉,1,1974,4.57
41198,2022-11-30,屏東縣,車城鄉,1,1973,5.14
41573,2022-11-29,屏東縣,車城鄉,9,1972,5.29
41951,2022-11-28,屏東縣,車城鄉,4,1963,4.86
42325,2022-11-27,屏東縣,車城鄉,4,1959,4.86
42681,2022-11-26,屏東縣,車城鄉,6,1955,5.14
43046,2022-11-25,屏東縣,車城鄉,7,1949,5.00
43415,2022-11-24,屏東縣,車城鄉,5,1942,4.71
43783,2022-11-23,屏東縣,車城鄉,2,1937,4.43
44156,2022-11-22,屏東縣,車城鄉,6,1935,5.00
44534,2022-11-21,屏東縣,車城鄉,4,1929,4.86
44911,2022-11-20,屏東縣,車城鄉,6,1925,4.29
45279,2022-11-19,屏東縣,車城鄉,5,1919,3.57
45650,2022-11-18,屏東縣,車城鄉,5,1914,3.57
46022,2022-11-17,屏東縣,車城鄉,3,1909,3.29
46396,2022-11-16,屏東縣,車城鄉,6,1906,3.14
46779,2022-11-15,屏東縣,車城鄉,5,1900,2.57
47535,2022-11-13,屏東縣,車城鄉,1,1895,3.86
47907,2022-11-12,屏東縣,車城鄉,5,1894,4.00
48285,2022-11-11,屏東縣,車城鄉,3,1889,4.29
48664,2022-11-10,屏東縣,車城鄉,2,1886,4.43
49048,2022-11-09,屏東縣,車城鄉,2,1884,4.71
49434,2022-11-08,屏東縣,車城鄉,4,1882,5.14
49819,2022-11-07,屏東縣,車城鄉,10,1878,5.29
50197,2022-11-06,屏東縣,車城鄉,2,1868,5.57
50567,2022-11-05,屏東縣,車城鄉,7,1866,6.57
50950,2022-11-04,屏東縣,車城鄉,4,1859,6.86
51333,2022-11-03,屏東縣,車城鄉,4,1855,7.00
51713,2022-11-02,屏東縣,車城鄉,5,1851,7.57
52100,2022-11-01,屏東縣,車城鄉,5,1846,8.14
52483,2022-10-31,屏東縣,車城鄉,12,1841,8.57
52866,2022-10-30,屏東縣,車城鄉,9,1829,8.86
53243,2022-10-29,屏東縣,車城鄉,9,1820,8.14
53627,2022-10-28,屏東縣,車城鄉,5,1811,8.29
54013,2022-10-27,屏東縣,車城鄉,8,1806,8.71
54398,2022-10-26,屏東縣,車城鄉,9,1798,8.86
54784,2022-10-25,屏東縣,車城鄉,8,1789,9.71
55175,2022-10-24,屏東縣,車城鄉,14,1781,10.14
55560,2022-10-23,屏東縣,車城鄉,4,1767,10.86
55941,2022-10-22,屏東縣,車城鄉,10,1763,11.14
56327,2022-10-21,屏東縣,車城鄉,8,1753,11.29
56715,2022-10-20,屏東縣,車城鄉,9,1745,11.14
57101,2022-10-19,屏東縣,車城鄉,15,1736,11.71
57488,2022-10-18,屏東縣,車城鄉,11,1721,10.57
57878,2022-10-17,屏東縣,車城鄉,19,1710,11.00
58267,2022-10-16,屏東縣,車城鄉,6,1691,9.14
58652,2022-10-15,屏東縣,車城鄉,11,1685,9.43
59038,2022-10-14,屏東縣,車城鄉,7,1674,9.00
59427,2022-10-13,屏東縣,車城鄉,13,1667,9.57
59818,2022-10-12,屏東縣,車城鄉,7,1654,9.29
60208,2022-10-11,屏東縣,車城鄉,14,1647,10.00
60598,2022-10-10,屏東縣,車城鄉,6,1633,9.29
60982,2022-10-09,屏東縣,車城鄉,8,1627,10.86
61370,2022-10-08,屏東縣,車城鄉,8,1619,10.71
61759,2022-10-07,屏東縣,車城鄉,11,1611,10.43
62146,2022-10-06,屏東縣,車城鄉,11,1600,10.43
62537,2022-10-05,屏東縣,車城鄉,12,1589,10.14
62924,2022-10-04,屏東縣,車城鄉,9,1577,9.29
63313,2022-10-03,屏東縣,車城鄉,17,1568,9.14
63703,2022-10-02,屏東縣,車城鄉,7,1551,8.14
64084,2022-10-01,屏東縣,車城鄉,6,1544,8.14
64470,2022-09-30,屏東縣,車城鄉,11,1538,8.14
64856,2022-09-29,屏東縣,車城鄉,9,1527,7.57
65244,2022-09-28,屏東縣,車城鄉,6,1518,7.00
65631,2022-09-27,屏東縣,車城鄉,8,1512,7.00
66017,2022-09-26,屏東縣,車城鄉,10,1504,6.86
66404,2022-09-25,屏東縣,車城鄉,7,1494,6.43
66789,2022-09-24,屏東縣,車城鄉,6,1487,7.00
67174,2022-09-23,屏東縣,車城鄉,7,1481,6.57
67561,2022-09-22,屏東縣,車城鄉,5,1474,5.86
67950,2022-09-21,屏東縣,車城鄉,6,1469,5.71
68339,2022-09-20,屏東縣,車城鄉,7,1463,5.29
68729,2022-09-19,屏東縣,車城鄉,7,1456,5.14
69119,2022-09-18,屏東縣,車城鄉,11,1449,5.00
69502,2022-09-17,屏東縣,車城鄉,3,1438,4.29
69889,2022-09-16,屏東縣,車城鄉,2,1435,4.14
70274,2022-09-15,屏東縣,車城鄉,4,1433,4.43
70661,2022-09-14,屏東縣,車城鄉,3,1429,4.43
71047,2022-09-13,屏東縣,車城鄉,6,1426,5.14
71436,2022-09-12,屏東縣,車城鄉,6,1420,5.71
71823,2022-09-11,屏東縣,車城鄉,6,1414,6.57
72206,2022-09-10,屏東縣,車城鄉,2,1408,7.00
72587,2022-09-09,屏東縣,車城鄉,4,1406,7.43
72971,2022-09-08,屏東縣,車城鄉,4,1402,7.43
73358,2022-09-07,屏東縣,車城鄉,8,1398,7.57
73742,2022-09-06,屏東縣,車城鄉,10,1390,7.29
74128,2022-09-05,屏東縣,車城鄉,12,1380,6.14
74512,2022-09-04,屏東縣,車城鄉,9,1368,5.00
74896,2022-09-03,屏東縣,車城鄉,5,1359,4.14
75284,2022-09-02,屏東縣,車城鄉,4,1354,3.86
75670,2022-09-01,屏東縣,車城鄉,5,1350,4.57
76059,2022-08-31,屏東縣,車城鄉,6,1345,4.71
76446,2022-08-30,屏東縣,車城鄉,2,1339,4.14
76834,2022-08-29,屏東縣,車城鄉,4,1337,5.14
77221,2022-08-28,屏東縣,車城鄉,3,1333,6.57
77606,2022-08-27,屏東縣,車城鄉,3,1330,7.00
77992,2022-08-26,屏東縣,車城鄉,9,1327,8.29
78376,2022-08-25,屏東縣,車城鄉,6,1318,7.57
78761,2022-08-24,屏東縣,車城鄉,2,1312,7.29
79148,2022-08-23,屏東縣,車城鄉,9,1310,7.86
79533,2022-08-22,屏東縣,車城鄉,14,1301,8.86
79917,2022-08-21,屏東縣,車城鄉,6,1287,7.57
80297,2022-08-20,屏東縣,車城鄉,12,1281,7.00
80681,2022-08-19,屏東縣,車城鄉,4,1269,5.43
81067,2022-08-18,屏東縣,車城鄉,4,1265,5.29
81456,2022-08-17,屏東縣,車城鄉,6,1261,5.57
81841,2022-08-16,屏東縣,車城鄉,16,1255,6.57
82228,2022-08-15,屏東縣,車城鄉,5,1239,4.86
82611,2022-08-14,屏東縣,車城鄉,2,1234,5.57
82988,2022-08-13,屏東縣,車城鄉,1,1232,6.57
83370,2022-08-12,屏東縣,車城鄉,3,1231,7.43
83754,2022-08-11,屏東縣,車城鄉,6,1228,7.86
84141,2022-08-10,屏東縣,車城鄉,13,1222,7.57
84524,2022-08-09,屏東縣,車城鄉,4,1209,6.86
84910,2022-08-08,屏東縣,車城鄉,10,1205,7.00
85291,2022-08-07,屏東縣,車城鄉,9,1195,7.43
85664,2022-08-06,屏東縣,車城鄉,7,1186,7.00
86048,2022-08-05,屏東縣,車城鄉,6,1179,7.43
86434,2022-08-04,屏東縣,車城鄉,4,1173,7.71
86819,2022-08-03,屏東縣,車城鄉,8,1169,8.86
87201,2022-08-02,屏東縣,車城鄉,5,1161,9.29
87588,2022-08-01,屏東縣,車城鄉,13,1156,9.43
87971,2022-07-31,屏東縣,車城鄉,6,1143,8.43
88349,2022-07-30,屏東縣,車城鄉,10,1137,8.71
88729,2022-07-29,屏東縣,車城鄉,8,1127,7.86
89115,2022-07-28,屏東縣,車城鄉,12,1119,8.43
89502,2022-07-27,屏東縣,車城鄉,11,1107,9.29
89892,2022-07-26,屏東縣,車城鄉,6,1096,9.71
90279,2022-07-25,屏東縣,車城鄉,6,1090,10.43
90659,2022-07-24,屏東縣,車城鄉,8,1084,11.43
91039,2022-07-23,屏東縣,車城鄉,4,1076,12.00
91425,2022-07-22,屏東縣,車城鄉,12,1072,12.71
91811,2022-07-21,屏東縣,車城鄉,18,1060,13.14
92193,2022-07-20,屏東縣,車城鄉,14,1042,11.14
92582,2022-07-19,屏東縣,車城鄉,11,1028,10.86
92971,2022-07-18,屏東縣,車城鄉,13,1017,10.71
93357,2022-07-17,屏東縣,車城鄉,12,1004,10.00
93736,2022-07-16,屏東縣,車城鄉,9,992,9.43
94124,2022-07-15,屏東縣,車城鄉,15,983,9.29
94511,2022-07-14,屏東縣,車城鄉,4,968,7.71
94900,2022-07-13,屏東縣,車城鄉,12,964,9.29
95287,2022-07-12,屏東縣,車城鄉,10,952,9.57
95676,2022-07-11,屏東縣,車城鄉,8,942,10.00
96063,2022-07-10,屏東縣,車城鄉,8,934,11.71
96448,2022-07-09,屏東縣,車城鄉,8,926,12.86
96835,2022-07-08,屏東縣,車城鄉,4,918,14.29
97226,2022-07-07,屏東縣,車城鄉,15,914,15.57
97616,2022-07-06,屏東縣,車城鄉,14,899,14.86
98005,2022-07-05,屏東縣,車城鄉,13,885,15.43
98394,2022-07-04,屏東縣,車城鄉,20,872,14.43
98784,2022-07-03,屏東縣,車城鄉,16,852,13.57
99166,2022-07-02,屏東縣,車城鄉,18,836,12.00
99557,2022-07-01,屏東縣,車城鄉,13,818,10.57
99949,2022-06-30,屏東縣,車城鄉,10,805,10.43
100340,2022-06-29,屏東縣,車城鄉,18,795,11.14
100730,2022-06-28,屏東縣,車城鄉,6,777,9.29
101121,2022-06-27,屏東縣,車城鄉,14,771,11.14
101508,2022-06-26,屏東縣,車城鄉,5,757,11.86
101895,2022-06-25,屏東縣,車城鄉,8,752,13.43
102283,2022-06-24,屏東縣,車城鄉,12,744,16.14
102675,2022-06-23,屏東縣,車城鄉,15,732,16.00
103068,2022-06-22,屏東縣,車城鄉,5,717,16.43
103457,2022-06-21,屏東縣,車城鄉,19,712,18.57
103849,2022-06-20,屏東縣,車城鄉,19,693,17.43
104239,2022-06-19,屏東縣,車城鄉,16,674,17.43
104630,2022-06-18,屏東縣,車城鄉,27,658,16.29
105021,2022-06-17,屏東縣,車城鄉,11,631,15.43
105411,2022-06-16,屏東縣,車城鄉,18,620,14.71
105801,2022-06-15,屏東縣,車城鄉,20,602,15.14
106191,2022-06-14,屏東縣,車城鄉,11,582,14.71
106583,2022-06-13,屏東縣,車城鄉,19,571,15.14
106973,2022-06-12,屏東縣,車城鄉,8,552,17.14
107360,2022-06-11,屏東縣,車城鄉,21,544,18.43
107752,2022-06-10,屏東縣,車城鄉,6,523,16.86
108141,2022-06-09,屏東縣,車城鄉,21,517,18.00
108530,2022-06-08,屏東縣,車城鄉,17,496,17.43
108920,2022-06-07,屏東縣,車城鄉,14,479,18.43
109312,2022-06-06,屏東縣,車城鄉,33,465,20.00
109702,2022-06-05,屏東縣,車城鄉,17,432,18.86
110091,2022-06-04,屏東縣,車城鄉,10,415,19.43
110481,2022-06-03,屏東縣,車城鄉,14,405,20.43
110872,2022-06-02,屏東縣,車城鄉,17,391,21.43
111262,2022-06-01,屏東縣,車城鄉,24,374,22.57
111654,2022-05-31,屏東縣,車城鄉,25,350,21.57
112045,2022-05-30,屏東縣,車城鄉,25,325,20.29
112436,2022-05-29,屏東縣,車城鄉,21,300,19.86
112827,2022-05-28,屏東縣,車城鄉,17,279,18.57
113217,2022-05-27,屏東縣,車城鄉,21,262,17.43
113607,2022-05-26,屏東縣,車城鄉,25,241,16.86
113998,2022-05-25,屏東縣,車城鄉,17,216,14.71
114388,2022-05-24,屏東縣,車城鄉,16,199,13.14
114780,2022-05-23,屏東縣,車城鄉,22,183,12.29
115171,2022-05-22,屏東縣,車城鄉,12,161,10.29
115562,2022-05-21,屏東縣,車城鄉,9,149,10.43
115947,2022-05-20,屏東縣,車城鄉,17,140,11.43
116335,2022-05-19,屏東縣,車城鄉,10,123,9.71
116723,2022-05-18,屏東縣,車城鄉,6,113,9.14
117114,2022-05-17,屏東縣,車城鄉,10,107,9.43
117503,2022-05-16,屏東縣,車城鄉,8,97,9.00
117891,2022-05-15,屏東縣,車城鄉,13,89,8.43
118275,2022-05-14,屏東縣,車城鄉,16,76,7.00
118660,2022-05-13,屏東縣,車城鄉,5,60,5.00
119047,2022-05-12,屏東縣,車城鄉,6,55,4.71
119430,2022-05-11,屏東縣,車城鄉,8,49,3.86
119816,2022-05-10,屏東縣,車城鄉,7,41,3.00
120198,2022-05-09,屏東縣,車城鄉,4,34,2.00
120578,2022-05-08,屏東縣,車城鄉,3,30,1.86
120964,2022-05-07,屏東縣,車城鄉,2,27,1.71
121342,2022-05-06,屏東縣,車城鄉,3,25,1.86
122085,2022-05-04,屏東縣,車城鄉,2,22,2.14
122805,2022-05-02,屏東縣,車城鄉,3,20,2.29
123148,2022-05-01,屏東縣,車城鄉,2,17,2.00
123483,2022-04-30,屏東縣,車城鄉,3,15,1.86
123807,2022-04-29,屏東縣,車城鄉,2,12,1.43
124122,2022-04-28,屏東縣,車城鄉,3,10,1.14
124726,2022-04-26,屏東縣,車城鄉,3,7,0.71
125006,2022-04-25,屏東縣,車城鄉,1,4,0.29
125268,2022-04-24,屏東縣,車城鄉,1,3,0.14
127964,2022-04-09,屏東縣,車城鄉,1,2,0.29
128078,2022-04-08,屏東縣,車城鄉,1,1,0.14
