UID,個案研判日,縣市別,區域,新增確診人數,累計確診人數,七天移動平均新增確診人數
245,2023-06-14,屏東縣,南州鄉,1,2983,0.14
834,2023-03-20,屏東縣,南州鄉,2,2982,1.43
1480,2023-03-18,屏東縣,南州鄉,1,2980,1.57
1833,2023-03-17,屏東縣,南州鄉,3,2979,2.29
2886,2023-03-14,屏東縣,南州鄉,4,2976,2.57
3244,2023-03-13,屏東縣,南州鄉,2,2972,2.29
3595,2023-03-12,屏東縣,南州鄉,1,2970,2.29
3949,2023-03-11,屏東縣,南州鄉,6,2969,2.43
4299,2023-03-10,屏東縣,南州鄉,2,2963,1.86
5013,2023-03-08,屏東縣,南州鄉,3,2961,2.86
5367,2023-03-07,屏東縣,南州鄉,2,2958,2.57
5732,2023-03-06,屏東縣,南州鄉,2,2956,3.00
6084,2023-03-05,屏東縣,南州鄉,2,2954,2.71
6429,2023-03-04,屏東縣,南州鄉,2,2952,2.43
6785,2023-03-03,屏東縣,南州鄉,5,2950,2.43
7147,2023-03-02,屏東縣,南州鄉,4,2945,2.14
7512,2023-03-01,屏東縣,南州鄉,1,2941,1.57
7882,2023-02-28,屏東縣,南州鄉,5,2940,1.71
8952,2023-02-25,屏東縣,南州鄉,2,2935,2.14
9316,2023-02-24,屏東縣,南州鄉,3,2933,2.43
10054,2023-02-22,屏東縣,南州鄉,2,2930,2.86
10427,2023-02-21,屏東縣,南州鄉,3,2928,2.57
10800,2023-02-20,屏東縣,南州鄉,4,2925,3.29
11167,2023-02-19,屏東縣,南州鄉,1,2921,4.43
11532,2023-02-18,屏東縣,南州鄉,4,2920,4.57
11902,2023-02-17,屏東縣,南州鄉,3,2916,4.14
12275,2023-02-16,屏東縣,南州鄉,3,2913,4.29
13025,2023-02-14,屏東縣,南州鄉,8,2910,4.57
13397,2023-02-13,屏東縣,南州鄉,12,2902,3.71
13768,2023-02-12,屏東縣,南州鄉,2,2890,3.43
14133,2023-02-11,屏東縣,南州鄉,1,2888,4.57
14502,2023-02-10,屏東縣,南州鄉,4,2887,5.14
14874,2023-02-09,屏東縣,南州鄉,4,2883,6.86
15256,2023-02-08,屏東縣,南州鄉,1,2879,7.00
15635,2023-02-07,屏東縣,南州鄉,2,2878,7.71
16015,2023-02-06,屏東縣,南州鄉,10,2876,9.14
16389,2023-02-05,屏東縣,南州鄉,10,2866,10.71
16763,2023-02-04,屏東縣,南州鄉,5,2856,10.00
17143,2023-02-03,屏東縣,南州鄉,16,2851,10.29
17530,2023-02-02,屏東縣,南州鄉,5,2835,8.43
17910,2023-02-01,屏東縣,南州鄉,6,2830,7.71
18292,2023-01-31,屏東縣,南州鄉,12,2824,8.00
18677,2023-01-30,屏東縣,南州鄉,21,2812,6.71
19062,2023-01-29,屏東縣,南州鄉,5,2791,4.00
19440,2023-01-28,屏東縣,南州鄉,7,2786,3.57
19816,2023-01-27,屏東縣,南州鄉,3,2779,3.29
20565,2023-01-25,屏東縣,南州鄉,8,2776,4.29
20935,2023-01-24,屏東縣,南州鄉,3,2768,3.43
21303,2023-01-23,屏東縣,南州鄉,2,2765,3.43
21674,2023-01-22,屏東縣,南州鄉,2,2763,3.43
22041,2023-01-21,屏東縣,南州鄉,5,2761,3.43
22411,2023-01-20,屏東縣,南州鄉,5,2756,3.43
22778,2023-01-19,屏東縣,南州鄉,5,2751,3.43
23151,2023-01-18,屏東縣,南州鄉,2,2746,3.14
23516,2023-01-17,屏東縣,南州鄉,3,2744,3.57
23886,2023-01-16,屏東縣,南州鄉,2,2741,3.57
24260,2023-01-15,屏東縣,南州鄉,2,2739,3.71
24626,2023-01-14,屏東縣,南州鄉,5,2737,3.71
24994,2023-01-13,屏東縣,南州鄉,5,2732,3.57
25368,2023-01-12,屏東縣,南州鄉,3,2727,3.43
25739,2023-01-11,屏東縣,南州鄉,5,2724,4.00
26116,2023-01-10,屏東縣,南州鄉,3,2719,4.00
26491,2023-01-09,屏東縣,南州鄉,3,2716,4.29
26859,2023-01-08,屏東縣,南州鄉,2,2713,4.14
27222,2023-01-07,屏東縣,南州鄉,4,2711,4.43
27595,2023-01-06,屏東縣,南州鄉,4,2707,4.71
27975,2023-01-05,屏東縣,南州鄉,7,2703,4.43
28355,2023-01-04,屏東縣,南州鄉,5,2696,4.29
28736,2023-01-03,屏東縣,南州鄉,5,2691,3.86
29114,2023-01-02,屏東縣,南州鄉,2,2686,3.71
29483,2023-01-01,屏東縣,南州鄉,4,2684,4.14
29846,2022-12-31,屏東縣,南州鄉,6,2680,3.71
30211,2022-12-30,屏東縣,南州鄉,2,2674,3.29
30585,2022-12-29,屏東縣,南州鄉,6,2672,3.14
30958,2022-12-28,屏東縣,南州鄉,2,2666,3.00
31332,2022-12-27,屏東縣,南州鄉,4,2664,2.86
31705,2022-12-26,屏東縣,南州鄉,5,2660,2.71
32066,2022-12-25,屏東縣,南州鄉,1,2655,2.71
32426,2022-12-24,屏東縣,南州鄉,3,2654,2.86
32785,2022-12-23,屏東縣,南州鄉,1,2651,3.00
33153,2022-12-22,屏東縣,南州鄉,5,2650,4.43
33520,2022-12-21,屏東縣,南州鄉,1,2645,4.00
33887,2022-12-20,屏東縣,南州鄉,3,2644,5.29
34253,2022-12-19,屏東縣,南州鄉,5,2641,5.00
34611,2022-12-18,屏東縣,南州鄉,2,2636,5.71
34968,2022-12-17,屏東縣,南州鄉,4,2634,5.57
35334,2022-12-16,屏東縣,南州鄉,11,2630,5.29
35697,2022-12-15,屏東縣,南州鄉,2,2619,4.00
36061,2022-12-14,屏東縣,南州鄉,10,2617,4.43
36427,2022-12-13,屏東縣,南州鄉,1,2607,3.71
36805,2022-12-12,屏東縣,南州鄉,10,2606,4.71
37160,2022-12-11,屏東縣,南州鄉,1,2596,4.43
37524,2022-12-10,屏東縣,南州鄉,2,2595,4.43
37891,2022-12-09,屏東縣,南州鄉,2,2593,4.86
38262,2022-12-08,屏東縣,南州鄉,5,2591,4.86
38637,2022-12-07,屏東縣,南州鄉,5,2586,4.71
39002,2022-12-06,屏東縣,南州鄉,8,2581,4.29
39378,2022-12-05,屏東縣,南州鄉,8,2573,3.86
39751,2022-12-04,屏東縣,南州鄉,1,2565,3.29
40118,2022-12-03,屏東縣,南州鄉,5,2564,3.71
40486,2022-12-02,屏東縣,南州鄉,2,2559,4.14
40855,2022-12-01,屏東縣,南州鄉,4,2557,4.43
41229,2022-11-30,屏東縣,南州鄉,2,2553,4.71
41603,2022-11-29,屏東縣,南州鄉,5,2551,5.14
41982,2022-11-28,屏東縣,南州鄉,4,2546,4.86
42354,2022-11-27,屏東縣,南州鄉,4,2542,5.14
42709,2022-11-26,屏東縣,南州鄉,8,2538,6.14
43074,2022-11-25,屏東縣,南州鄉,4,2530,5.43
43444,2022-11-24,屏東縣,南州鄉,6,2526,5.71
43811,2022-11-23,屏東縣,南州鄉,5,2520,6.57
44186,2022-11-22,屏東縣,南州鄉,3,2515,6.86
44564,2022-11-21,屏東縣,南州鄉,6,2512,7.71
44938,2022-11-20,屏東縣,南州鄉,11,2506,8.14
45306,2022-11-19,屏東縣,南州鄉,3,2495,7.43
45677,2022-11-18,屏東縣,南州鄉,6,2492,7.43
46050,2022-11-17,屏東縣,南州鄉,12,2486,6.86
46426,2022-11-16,屏東縣,南州鄉,7,2474,6.57
46808,2022-11-15,屏東縣,南州鄉,9,2467,7.29
47187,2022-11-14,屏東縣,南州鄉,9,2458,7.86
47563,2022-11-13,屏東縣,南州鄉,6,2449,9.43
47935,2022-11-12,屏東縣,南州鄉,3,2443,10.14
48314,2022-11-11,屏東縣,南州鄉,2,2440,10.71
48695,2022-11-10,屏東縣,南州鄉,10,2438,12.57
49078,2022-11-09,屏東縣,南州鄉,12,2428,13.43
49464,2022-11-08,屏東縣,南州鄉,13,2416,13.00
49848,2022-11-07,屏東縣,南州鄉,20,2403,11.86
50224,2022-11-06,屏東縣,南州鄉,11,2383,11.57
50596,2022-11-05,屏東縣,南州鄉,7,2372,11.14
50981,2022-11-04,屏東縣,南州鄉,15,2365,11.43
51363,2022-11-03,屏東縣,南州鄉,16,2350,10.86
51743,2022-11-02,屏東縣,南州鄉,9,2334,10.57
52131,2022-11-01,屏東縣,南州鄉,5,2325,12.00
52513,2022-10-31,屏東縣,南州鄉,18,2320,13.29
52895,2022-10-30,屏東縣,南州鄉,8,2302,13.86
53274,2022-10-29,屏東縣,南州鄉,9,2294,13.43
53657,2022-10-28,屏東縣,南州鄉,11,2285,12.71
54043,2022-10-27,屏東縣,南州鄉,14,2274,12.43
54428,2022-10-26,屏東縣,南州鄉,19,2260,13.00
54815,2022-10-25,屏東縣,南州鄉,14,2241,12.86
55206,2022-10-24,屏東縣,南州鄉,22,2227,14.00
55589,2022-10-23,屏東縣,南州鄉,5,2205,13.86
55972,2022-10-22,屏東縣,南州鄉,4,2200,15.29
56358,2022-10-21,屏東縣,南州鄉,9,2196,16.43
56744,2022-10-20,屏東縣,南州鄉,18,2187,17.00
57131,2022-10-19,屏東縣,南州鄉,18,2169,16.86
57519,2022-10-18,屏東縣,南州鄉,22,2151,17.43
57909,2022-10-17,屏東縣,南州鄉,21,2129,17.43
58297,2022-10-16,屏東縣,南州鄉,15,2108,15.43
58683,2022-10-15,屏東縣,南州鄉,12,2093,15.71
59069,2022-10-14,屏東縣,南州鄉,13,2081,15.00
59458,2022-10-13,屏東縣,南州鄉,17,2068,14.14
59849,2022-10-12,屏東縣,南州鄉,22,2051,14.86
60239,2022-10-11,屏東縣,南州鄉,22,2029,13.71
60629,2022-10-10,屏東縣,南州鄉,7,2007,12.00
61012,2022-10-09,屏東縣,南州鄉,17,2000,13.00
61400,2022-10-08,屏東縣,南州鄉,7,1983,11.86
61790,2022-10-07,屏東縣,南州鄉,7,1976,13.00
62177,2022-10-06,屏東縣,南州鄉,22,1969,14.57
62568,2022-10-05,屏東縣,南州鄉,14,1947,13.00
62955,2022-10-04,屏東縣,南州鄉,10,1933,12.29
63344,2022-10-03,屏東縣,南州鄉,14,1923,12.86
63733,2022-10-02,屏東縣,南州鄉,9,1909,13.86
64115,2022-10-01,屏東縣,南州鄉,15,1900,13.00
64500,2022-09-30,屏東縣,南州鄉,18,1885,11.14
64886,2022-09-29,屏東縣,南州鄉,11,1867,11.00
65274,2022-09-28,屏東縣,南州鄉,9,1856,12.14
65662,2022-09-27,屏東縣,南州鄉,14,1847,13.71
66048,2022-09-26,屏東縣,南州鄉,21,1833,12.86
66435,2022-09-25,屏東縣,南州鄉,3,1812,13.86
66818,2022-09-24,屏東縣,南州鄉,2,1809,16.29
67205,2022-09-23,屏東縣,南州鄉,17,1807,18.00
67592,2022-09-22,屏東縣,南州鄉,19,1790,19.57
67981,2022-09-21,屏東縣,南州鄉,20,1771,18.00
68369,2022-09-20,屏東縣,南州鄉,8,1751,17.00
68760,2022-09-19,屏東縣,南州鄉,28,1743,16.86
69149,2022-09-18,屏東縣,南州鄉,20,1715,14.14
69532,2022-09-17,屏東縣,南州鄉,14,1695,13.14
69920,2022-09-16,屏東縣,南州鄉,28,1681,12.57
70304,2022-09-15,屏東縣,南州鄉,8,1653,11.00
70691,2022-09-14,屏東縣,南州鄉,13,1645,11.14
71077,2022-09-13,屏東縣,南州鄉,7,1632,10.86
71467,2022-09-12,屏東縣,南州鄉,9,1625,10.86
71854,2022-09-11,屏東縣,南州鄉,13,1616,10.00
72236,2022-09-10,屏東縣,南州鄉,10,1603,8.71
72618,2022-09-09,屏東縣,南州鄉,17,1593,7.86
73001,2022-09-08,屏東縣,南州鄉,9,1576,6.71
73388,2022-09-07,屏東縣,南州鄉,11,1567,6.29
73772,2022-09-06,屏東縣,南州鄉,7,1556,5.29
74159,2022-09-05,屏東縣,南州鄉,3,1549,5.00
74543,2022-09-04,屏東縣,南州鄉,4,1546,5.14
74927,2022-09-03,屏東縣,南州鄉,4,1542,5.43
75314,2022-09-02,屏東縣,南州鄉,9,1538,5.86
75701,2022-09-01,屏東縣,南州鄉,6,1529,5.00
76090,2022-08-31,屏東縣,南州鄉,4,1523,4.86
76477,2022-08-30,屏東縣,南州鄉,5,1519,4.43
76865,2022-08-29,屏東縣,南州鄉,4,1514,4.29
77252,2022-08-28,屏東縣,南州鄉,6,1510,5.00
77637,2022-08-27,屏東縣,南州鄉,7,1504,4.57
78023,2022-08-26,屏東縣,南州鄉,3,1497,4.29
78407,2022-08-25,屏東縣,南州鄉,5,1494,4.57
78792,2022-08-24,屏東縣,南州鄉,1,1489,4.43
79179,2022-08-23,屏東縣,南州鄉,4,1488,4.86
79564,2022-08-22,屏東縣,南州鄉,9,1484,5.14
79948,2022-08-21,屏東縣,南州鄉,3,1475,4.29
80328,2022-08-20,屏東縣,南州鄉,5,1472,4.86
80712,2022-08-19,屏東縣,南州鄉,5,1467,4.57
81098,2022-08-18,屏東縣,南州鄉,4,1462,4.43
81487,2022-08-17,屏東縣,南州鄉,4,1458,4.00
81872,2022-08-16,屏東縣,南州鄉,6,1454,4.57
82259,2022-08-15,屏東縣,南州鄉,3,1448,4.29
82641,2022-08-14,屏東縣,南州鄉,7,1445,5.14
83019,2022-08-13,屏東縣,南州鄉,3,1438,4.57
83401,2022-08-12,屏東縣,南州鄉,4,1435,5.00
83785,2022-08-11,屏東縣,南州鄉,1,1431,4.71
84172,2022-08-10,屏東縣,南州鄉,8,1430,5.43
84555,2022-08-09,屏東縣,南州鄉,4,1422,5.71
84941,2022-08-08,屏東縣,南州鄉,9,1418,6.43
85320,2022-08-07,屏東縣,南州鄉,3,1409,6.86
85695,2022-08-06,屏東縣,南州鄉,6,1406,7.43
86079,2022-08-05,屏東縣,南州鄉,2,1400,7.57
86465,2022-08-04,屏東縣,南州鄉,6,1398,8.00
86850,2022-08-03,屏東縣,南州鄉,10,1392,8.14
87232,2022-08-02,屏東縣,南州鄉,9,1382,7.43
87619,2022-08-01,屏東縣,南州鄉,12,1373,7.43
88002,2022-07-31,屏東縣,南州鄉,7,1361,6.43
88379,2022-07-30,屏東縣,南州鄉,7,1354,5.57
88760,2022-07-29,屏東縣,南州鄉,5,1347,5.71
89146,2022-07-28,屏東縣,南州鄉,7,1342,5.43
89533,2022-07-27,屏東縣,南州鄉,5,1335,5.29
89921,2022-07-26,屏東縣,南州鄉,9,1330,5.86
90309,2022-07-25,屏東縣,南州鄉,5,1321,5.29
90690,2022-07-24,屏東縣,南州鄉,1,1316,5.86
91070,2022-07-23,屏東縣,南州鄉,8,1315,6.14
91456,2022-07-22,屏東縣,南州鄉,3,1307,6.57
91842,2022-07-21,屏東縣,南州鄉,6,1304,6.86
92224,2022-07-20,屏東縣,南州鄉,9,1298,7.00
92613,2022-07-19,屏東縣,南州鄉,5,1289,7.00
93002,2022-07-18,屏東縣,南州鄉,9,1284,7.29
93388,2022-07-17,屏東縣,南州鄉,3,1275,8.14
93767,2022-07-16,屏東縣,南州鄉,11,1272,9.00
94155,2022-07-15,屏東縣,南州鄉,5,1261,9.57
94542,2022-07-14,屏東縣,南州鄉,7,1256,10.86
94931,2022-07-13,屏東縣,南州鄉,9,1249,10.71
95318,2022-07-12,屏東縣,南州鄉,7,1240,10.57
95707,2022-07-11,屏東縣,南州鄉,15,1233,12.29
96093,2022-07-10,屏東縣,南州鄉,9,1218,12.71
96479,2022-07-09,屏東縣,南州鄉,15,1209,13.00
96866,2022-07-08,屏東縣,南州鄉,14,1194,12.29
97257,2022-07-07,屏東縣,南州鄉,6,1180,12.86
97646,2022-07-06,屏東縣,南州鄉,8,1174,14.43
98036,2022-07-05,屏東縣,南州鄉,19,1166,16.14
98425,2022-07-04,屏東縣,南州鄉,18,1147,16.14
98815,2022-07-03,屏東縣,南州鄉,11,1129,15.29
99197,2022-07-02,屏東縣,南州鄉,10,1118,15.43
99588,2022-07-01,屏東縣,南州鄉,18,1108,16.57
99980,2022-06-30,屏東縣,南州鄉,17,1090,16.86
100371,2022-06-29,屏東縣,南州鄉,20,1073,16.14
100761,2022-06-28,屏東縣,南州鄉,19,1053,18.00
101152,2022-06-27,屏東縣,南州鄉,12,1034,18.57
101538,2022-06-26,屏東縣,南州鄉,12,1022,20.57
101925,2022-06-25,屏東縣,南州鄉,18,1010,21.00
102314,2022-06-24,屏東縣,南州鄉,20,992,21.00
102706,2022-06-23,屏東縣,南州鄉,12,972,21.57
103099,2022-06-22,屏東縣,南州鄉,33,960,23.57
103488,2022-06-21,屏東縣,南州鄉,23,927,22.43
103880,2022-06-20,屏東縣,南州鄉,26,904,24.14
104270,2022-06-19,屏東縣,南州鄉,15,878,24.14
104661,2022-06-18,屏東縣,南州鄉,18,863,24.29
105052,2022-06-17,屏東縣,南州鄉,24,845,24.86
105442,2022-06-16,屏東縣,南州鄉,26,821,25.14
105832,2022-06-15,屏東縣,南州鄉,25,795,24.71
106222,2022-06-14,屏東縣,南州鄉,35,770,24.43
106614,2022-06-13,屏東縣,南州鄉,26,735,22.57
107004,2022-06-12,屏東縣,南州鄉,16,709,25.00
107391,2022-06-11,屏東縣,南州鄉,22,693,26.43
107783,2022-06-10,屏東縣,南州鄉,26,671,26.71
108172,2022-06-09,屏東縣,南州鄉,23,645,26.14
108561,2022-06-08,屏東縣,南州鄉,23,622,27.14
108951,2022-06-07,屏東縣,南州鄉,22,599,25.86
109343,2022-06-06,屏東縣,南州鄉,43,577,25.43
109733,2022-06-05,屏東縣,南州鄉,26,534,23.00
110122,2022-06-04,屏東縣,南州鄉,24,508,24.00
110512,2022-06-03,屏東縣,南州鄉,22,484,26.29
110903,2022-06-02,屏東縣,南州鄉,30,462,27.71
111293,2022-06-01,屏東縣,南州鄉,14,432,27.43
111685,2022-05-31,屏東縣,南州鄉,19,418,26.43
112076,2022-05-30,屏東縣,南州鄉,26,399,28.71
112467,2022-05-29,屏東縣,南州鄉,33,373,26.71
112857,2022-05-28,屏東縣,南州鄉,40,340,23.86
113248,2022-05-27,屏東縣,南州鄉,32,300,20.71
113638,2022-05-26,屏東縣,南州鄉,28,268,18.57
114029,2022-05-25,屏東縣,南州鄉,7,240,16.86
114419,2022-05-24,屏東縣,南州鄉,35,233,17.57
114811,2022-05-23,屏東縣,南州鄉,12,198,15.14
115202,2022-05-22,屏東縣,南州鄉,13,186,15.14
115593,2022-05-21,屏東縣,南州鄉,18,173,14.57
115978,2022-05-20,屏東縣,南州鄉,17,155,13.86
116366,2022-05-19,屏東縣,南州鄉,16,138,13.71
116754,2022-05-18,屏東縣,南州鄉,12,122,13.86
117145,2022-05-17,屏東縣,南州鄉,18,110,13.14
117533,2022-05-16,屏東縣,南州鄉,12,92,11.29
117921,2022-05-15,屏東縣,南州鄉,9,80,9.71
118305,2022-05-14,屏東縣,南州鄉,13,71,8.71
118690,2022-05-13,屏東縣,南州鄉,16,58,7.43
119078,2022-05-12,屏東縣,南州鄉,17,42,5.43
119460,2022-05-11,屏東縣,南州鄉,7,25,3.14
119847,2022-05-10,屏東縣,南州鄉,5,18,2.14
120229,2022-05-09,屏東縣,南州鄉,1,13,1.43
120609,2022-05-08,屏東縣,南州鄉,2,12,1.29
120995,2022-05-07,屏東縣,南州鄉,4,10,1.14
121373,2022-05-06,屏東縣,南州鄉,2,6,0.57
121747,2022-05-05,屏東縣,南州鄉,1,4,0.29
123170,2022-05-01,屏東縣,南州鄉,1,3,0.14
127110,2022-04-15,屏東縣,南州鄉,1,2,0.29
127281,2022-04-14,屏東縣,南州鄉,1,1,0.14
