UID,個案研判日,縣市別,區域,新增確診人數,累計確診人數,七天移動平均新增確診人數
1386,2023-03-18,彰化縣,大城鄉,5,3717,3.14
1727,2023-03-17,彰化縣,大城鄉,3,3712,3.29
2081,2023-03-16,彰化縣,大城鄉,3,3709,3.43
2434,2023-03-15,彰化縣,大城鄉,3,3706,3.43
2783,2023-03-14,彰化縣,大城鄉,6,3703,3.57
3496,2023-03-12,彰化縣,大城鄉,2,3697,3.29
3846,2023-03-11,彰化縣,大城鄉,6,3695,3.29
4196,2023-03-10,彰化縣,大城鄉,4,3689,2.57
4553,2023-03-09,彰化縣,大城鄉,3,3685,2.14
4910,2023-03-08,彰化縣,大城鄉,4,3682,1.71
5265,2023-03-07,彰化縣,大城鄉,3,3678,1.43
5628,2023-03-06,彰化縣,大城鄉,1,3675,1.00
5988,2023-03-05,彰化縣,大城鄉,2,3674,1.29
6327,2023-03-04,彰化縣,大城鄉,1,3672,1.00
6682,2023-03-03,彰化縣,大城鄉,1,3671,1.43
7406,2023-03-01,彰化縣,大城鄉,2,3670,1.71
8142,2023-02-27,彰化縣,大城鄉,3,3668,2.14
8844,2023-02-25,彰化縣,大城鄉,4,3665,2.14
9575,2023-02-23,彰化縣,大城鄉,3,3661,3.00
9946,2023-02-22,彰化縣,大城鄉,2,3658,3.43
10320,2023-02-21,彰化縣,大城鄉,3,3656,3.86
10691,2023-02-20,彰化縣,大城鄉,1,3653,4.71
11067,2023-02-19,彰化縣,大城鄉,2,3652,5.00
11428,2023-02-18,彰化縣,大城鄉,5,3650,5.00
11795,2023-02-17,彰化縣,大城鄉,5,3645,5.00
12168,2023-02-16,彰化縣,大城鄉,6,3640,4.57
12542,2023-02-15,彰化縣,大城鄉,5,3634,4.43
12915,2023-02-14,彰化縣,大城鄉,9,3629,3.86
13287,2023-02-13,彰化縣,大城鄉,3,3620,3.14
13666,2023-02-12,彰化縣,大城鄉,2,3617,3.14
14023,2023-02-11,彰化縣,大城鄉,5,3615,3.29
14395,2023-02-10,彰化縣,大城鄉,2,3610,3.29
14768,2023-02-09,彰化縣,大城鄉,5,3608,4.86
15146,2023-02-08,彰化縣,大城鄉,1,3603,4.86
15525,2023-02-07,彰化縣,大城鄉,4,3602,6.86
15904,2023-02-06,彰化縣,大城鄉,3,3598,8.14
16282,2023-02-05,彰化縣,大城鄉,3,3595,8.71
16653,2023-02-04,彰化縣,大城鄉,5,3592,8.86
17033,2023-02-03,彰化縣,大城鄉,13,3587,10.00
17418,2023-02-02,彰化縣,大城鄉,5,3574,10.00
17801,2023-02-01,彰化縣,大城鄉,15,3569,10.57
18179,2023-01-31,彰化縣,大城鄉,13,3554,9.29
18564,2023-01-30,彰化縣,大城鄉,7,3541,8.86
18950,2023-01-29,彰化縣,大城鄉,4,3534,9.00
19328,2023-01-28,彰化縣,大城鄉,13,3530,9.00
19705,2023-01-27,彰化縣,大城鄉,13,3517,8.00
20085,2023-01-26,彰化縣,大城鄉,9,3504,7.00
20458,2023-01-25,彰化縣,大城鄉,6,3495,6.43
20826,2023-01-24,彰化縣,大城鄉,10,3489,6.71
21199,2023-01-23,彰化縣,大城鄉,8,3479,6.29
21567,2023-01-22,彰化縣,大城鄉,4,3471,7.43
21933,2023-01-21,彰化縣,大城鄉,6,3467,7.71
22306,2023-01-20,彰化縣,大城鄉,6,3461,7.57
22672,2023-01-19,彰化縣,大城鄉,5,3455,7.71
23045,2023-01-18,彰化縣,大城鄉,8,3450,8.86
23413,2023-01-17,彰化縣,大城鄉,7,3442,8.29
23779,2023-01-16,彰化縣,大城鄉,16,3435,8.29
24155,2023-01-15,彰化縣,大城鄉,6,3419,7.00
24520,2023-01-14,彰化縣,大城鄉,5,3413,7.00
24887,2023-01-13,彰化縣,大城鄉,7,3408,7.71
25256,2023-01-12,彰化縣,大城鄉,13,3401,7.14
25631,2023-01-11,彰化縣,大城鄉,4,3388,5.57
26007,2023-01-10,彰化縣,大城鄉,7,3384,5.57
26380,2023-01-09,彰化縣,大城鄉,7,3377,5.86
26755,2023-01-08,彰化縣,大城鄉,6,3370,6.29
27116,2023-01-07,彰化縣,大城鄉,10,3364,5.86
27487,2023-01-06,彰化縣,大城鄉,3,3354,5.14
27864,2023-01-05,彰化縣,大城鄉,2,3351,6.29
28243,2023-01-04,彰化縣,大城鄉,4,3349,6.86
28624,2023-01-03,彰化縣,大城鄉,9,3345,6.86
29005,2023-01-02,彰化縣,大城鄉,10,3336,6.57
29379,2023-01-01,彰化縣,大城鄉,3,3326,7.14
29740,2022-12-31,彰化縣,大城鄉,5,3323,7.00
30105,2022-12-30,彰化縣,大城鄉,11,3318,6.86
30479,2022-12-29,彰化縣,大城鄉,6,3307,6.00
30851,2022-12-28,彰化縣,大城鄉,4,3301,5.43
31220,2022-12-27,彰化縣,大城鄉,7,3297,5.43
31596,2022-12-26,彰化縣,大城鄉,14,3290,5.00
31965,2022-12-25,彰化縣,大城鄉,2,3276,3.29
32323,2022-12-24,彰化縣,大城鄉,4,3274,3.29
32681,2022-12-23,彰化縣,大城鄉,5,3270,3.43
33047,2022-12-22,彰化縣,大城鄉,2,3265,2.86
33413,2022-12-21,彰化縣,大城鄉,4,3263,2.71
33782,2022-12-20,彰化縣,大城鄉,4,3259,2.43
34147,2022-12-19,彰化縣,大城鄉,2,3255,2.43
34516,2022-12-18,彰化縣,大城鄉,2,3253,2.71
34864,2022-12-17,彰化縣,大城鄉,5,3251,2.71
35226,2022-12-16,彰化縣,大城鄉,1,3246,2.29
35590,2022-12-15,彰化縣,大城鄉,1,3245,3.00
35959,2022-12-14,彰化縣,大城鄉,2,3244,3.29
36318,2022-12-13,彰化縣,大城鄉,4,3242,3.14
36697,2022-12-12,彰化縣,大城鄉,4,3238,3.43
37062,2022-12-11,彰化縣,大城鄉,2,3234,3.43
37418,2022-12-10,彰化縣,大城鄉,2,3232,3.29
37788,2022-12-09,彰化縣,大城鄉,6,3230,3.43
38152,2022-12-08,彰化縣,大城鄉,3,3224,4.14
38525,2022-12-07,彰化縣,大城鄉,1,3221,5.14
38896,2022-12-06,彰化縣,大城鄉,6,3220,5.86
39269,2022-12-05,彰化縣,大城鄉,4,3214,6.14
39647,2022-12-04,彰化縣,大城鄉,1,3210,6.57
40011,2022-12-03,彰化縣,大城鄉,3,3209,7.14
40382,2022-12-02,彰化縣,大城鄉,11,3206,7.86
40747,2022-12-01,彰化縣,大城鄉,10,3195,7.00
41120,2022-11-30,彰化縣,大城鄉,6,3185,5.86
41493,2022-11-29,彰化縣,大城鄉,8,3179,5.71
41873,2022-11-28,彰化縣,大城鄉,7,3171,5.29
42249,2022-11-27,彰化縣,大城鄉,5,3164,5.00
42607,2022-11-26,彰化縣,大城鄉,8,3159,4.71
42967,2022-11-25,彰化縣,大城鄉,5,3151,4.00
43336,2022-11-24,彰化縣,大城鄉,2,3146,4.14
43705,2022-11-23,彰化縣,大城鄉,5,3144,5.14
44079,2022-11-22,彰化縣,大城鄉,5,3139,5.14
44454,2022-11-21,彰化縣,大城鄉,5,3134,5.43
44834,2022-11-20,彰化縣,大城鄉,3,3129,5.86
45200,2022-11-19,彰化縣,大城鄉,3,3126,6.57
45572,2022-11-18,彰化縣,大城鄉,6,3123,8.57
45945,2022-11-17,彰化縣,大城鄉,9,3117,9.00
46318,2022-11-16,彰化縣,大城鄉,5,3108,9.71
46700,2022-11-15,彰化縣,大城鄉,7,3103,10.14
47078,2022-11-14,彰化縣,大城鄉,8,3096,10.14
47458,2022-11-13,彰化縣,大城鄉,8,3088,9.86
47829,2022-11-12,彰化縣,大城鄉,17,3080,10.29
48206,2022-11-11,彰化縣,大城鄉,9,3063,9.57
48585,2022-11-10,彰化縣,大城鄉,14,3054,9.57
48968,2022-11-09,彰化縣,大城鄉,8,3040,9.00
49354,2022-11-08,彰化縣,大城鄉,7,3032,9.43
49739,2022-11-07,彰化縣,大城鄉,6,3025,10.00
50120,2022-11-06,彰化縣,大城鄉,11,3019,12.57
50491,2022-11-05,彰化縣,大城鄉,12,3008,11.86
50868,2022-11-04,彰化縣,大城鄉,9,2996,11.14
51254,2022-11-03,彰化縣,大城鄉,10,2987,12.71
51632,2022-11-02,彰化縣,大城鄉,11,2977,12.71
52020,2022-11-01,彰化縣,大城鄉,11,2966,14.14
52403,2022-10-31,彰化縣,大城鄉,24,2955,14.29
52787,2022-10-30,彰化縣,大城鄉,6,2931,12.86
53165,2022-10-29,彰化縣,大城鄉,7,2925,12.57
53546,2022-10-28,彰化縣,大城鄉,20,2918,12.71
53933,2022-10-27,彰化縣,大城鄉,10,2898,11.57
54317,2022-10-26,彰化縣,大城鄉,21,2888,12.14
54703,2022-10-25,彰化縣,大城鄉,12,2867,11.57
55093,2022-10-24,彰化縣,大城鄉,14,2855,10.86
55481,2022-10-23,彰化縣,大城鄉,4,2841,12.14
55859,2022-10-22,彰化縣,大城鄉,8,2837,12.14
56245,2022-10-21,彰化縣,大城鄉,12,2829,12.43
56635,2022-10-20,彰化縣,大城鄉,14,2817,13.57
57019,2022-10-19,彰化縣,大城鄉,17,2803,13.43
57406,2022-10-18,彰化縣,大城鄉,7,2786,12.43
57796,2022-10-17,彰化縣,大城鄉,23,2779,14.57
58185,2022-10-16,彰化縣,大城鄉,4,2756,15.14
58570,2022-10-15,彰化縣,大城鄉,10,2752,17.00
58956,2022-10-14,彰化縣,大城鄉,20,2742,17.29
59345,2022-10-13,彰化縣,大城鄉,13,2722,16.71
59736,2022-10-12,彰化縣,大城鄉,10,2709,18.71
60126,2022-10-11,彰化縣,大城鄉,22,2699,20.14
60516,2022-10-10,彰化縣,大城鄉,27,2677,21.14
60900,2022-10-09,彰化縣,大城鄉,17,2650,22.00
61288,2022-10-08,彰化縣,大城鄉,12,2633,22.29
61677,2022-10-07,彰化縣,大城鄉,16,2621,23.29
62064,2022-10-06,彰化縣,大城鄉,27,2605,25.71
62455,2022-10-05,彰化縣,大城鄉,20,2578,23.86
62843,2022-10-04,彰化縣,大城鄉,29,2558,22.57
63231,2022-10-03,彰化縣,大城鄉,33,2529,20.00
63622,2022-10-02,彰化縣,大城鄉,19,2496,17.57
64003,2022-10-01,彰化縣,大城鄉,19,2477,15.57
64389,2022-09-30,彰化縣,大城鄉,33,2458,14.57
64774,2022-09-29,彰化縣,大城鄉,14,2425,11.86
65162,2022-09-28,彰化縣,大城鄉,11,2411,11.86
65549,2022-09-27,彰化縣,大城鄉,11,2400,11.71
65936,2022-09-26,彰化縣,大城鄉,16,2389,11.00
66324,2022-09-25,彰化縣,大城鄉,5,2373,9.14
66708,2022-09-24,彰化縣,大城鄉,12,2368,9.57
67092,2022-09-23,彰化縣,大城鄉,14,2356,8.57
67480,2022-09-22,彰化縣,大城鄉,14,2342,8.00
67868,2022-09-21,彰化縣,大城鄉,10,2328,7.29
68257,2022-09-20,彰化縣,大城鄉,6,2318,6.71
68647,2022-09-19,彰化縣,大城鄉,3,2312,8.00
69037,2022-09-18,彰化縣,大城鄉,8,2309,8.71
69420,2022-09-17,彰化縣,大城鄉,5,2301,8.00
69807,2022-09-16,彰化縣,大城鄉,10,2296,7.71
70192,2022-09-15,彰化縣,大城鄉,9,2286,6.71
70579,2022-09-14,彰化縣,大城鄉,6,2277,6.86
70965,2022-09-13,彰化縣,大城鄉,15,2271,6.29
71354,2022-09-12,彰化縣,大城鄉,8,2256,5.14
71743,2022-09-11,彰化縣,大城鄉,3,2248,5.00
72125,2022-09-10,彰化縣,大城鄉,3,2245,5.29
72507,2022-09-09,彰化縣,大城鄉,3,2242,6.00
72889,2022-09-08,彰化縣,大城鄉,10,2239,7.14
73276,2022-09-07,彰化縣,大城鄉,2,2229,6.71
73660,2022-09-06,彰化縣,大城鄉,7,2227,8.00
74046,2022-09-05,彰化縣,大城鄉,7,2220,7.57
74432,2022-09-04,彰化縣,大城鄉,5,2213,7.57
74815,2022-09-03,彰化縣,大城鄉,8,2208,7.29
75202,2022-09-02,彰化縣,大城鄉,11,2200,6.57
75588,2022-09-01,彰化縣,大城鄉,7,2189,5.29
75977,2022-08-31,彰化縣,大城鄉,11,2182,5.57
76364,2022-08-30,彰化縣,大城鄉,4,2171,5.86
76752,2022-08-29,彰化縣,大城鄉,7,2167,7.71
77141,2022-08-28,彰化縣,大城鄉,3,2160,8.71
77524,2022-08-27,彰化縣,大城鄉,3,2157,9.14
77910,2022-08-26,彰化縣,大城鄉,2,2154,10.00
78295,2022-08-25,彰化縣,大城鄉,9,2152,11.14
78682,2022-08-24,彰化縣,大城鄉,13,2143,10.86
79067,2022-08-23,彰化縣,大城鄉,17,2130,10.00
79451,2022-08-22,彰化縣,大城鄉,14,2113,9.29
79840,2022-08-21,彰化縣,大城鄉,6,2099,8.43
80216,2022-08-20,彰化縣,大城鄉,9,2093,8.29
80600,2022-08-19,彰化縣,大城鄉,10,2084,8.00
80985,2022-08-18,彰化縣,大城鄉,7,2074,7.14
81374,2022-08-17,彰化縣,大城鄉,7,2067,6.71
81759,2022-08-16,彰化縣,大城鄉,12,2060,8.29
82146,2022-08-15,彰化縣,大城鄉,8,2048,7.57
82532,2022-08-14,彰化縣,大城鄉,5,2040,8.00
82909,2022-08-13,彰化縣,大城鄉,7,2035,7.29
83289,2022-08-12,彰化縣,大城鄉,4,2028,8.14
83675,2022-08-11,彰化縣,大城鄉,4,2024,8.43
84061,2022-08-10,彰化縣,大城鄉,18,2020,8.57
84447,2022-08-09,彰化縣,大城鄉,7,2002,8.14
84828,2022-08-08,彰化縣,大城鄉,11,1995,8.71
85586,2022-08-06,彰化縣,大城鄉,13,1984,9.29
85967,2022-08-05,彰化縣,大城鄉,6,1971,8.57
86353,2022-08-04,彰化縣,大城鄉,5,1965,9.00
86737,2022-08-03,彰化縣,大城鄉,15,1960,9.57
87121,2022-08-02,彰化縣,大城鄉,11,1945,9.00
87506,2022-08-01,彰化縣,大城鄉,8,1934,8.57
87893,2022-07-31,彰化縣,大城鄉,7,1926,10.00
88269,2022-07-30,彰化縣,大城鄉,8,1919,9.71
88647,2022-07-29,彰化縣,大城鄉,9,1911,10.43
89034,2022-07-28,彰化縣,大城鄉,9,1902,11.57
89420,2022-07-27,彰化縣,大城鄉,11,1893,12.00
89810,2022-07-26,彰化縣,大城鄉,8,1882,12.29
90197,2022-07-25,彰化縣,大城鄉,18,1874,12.57
90581,2022-07-24,彰化縣,大城鄉,5,1856,12.43
90958,2022-07-23,彰化縣,大城鄉,13,1851,13.00
91343,2022-07-22,彰化縣,大城鄉,17,1838,13.71
91729,2022-07-21,彰化縣,大城鄉,12,1821,12.57
92113,2022-07-20,彰化縣,大城鄉,13,1809,12.86
92500,2022-07-19,彰化縣,大城鄉,10,1796,12.71
92889,2022-07-18,彰化縣,大城鄉,17,1786,12.00
93276,2022-07-17,彰化縣,大城鄉,9,1769,11.86
93656,2022-07-16,彰化縣,大城鄉,18,1760,11.43
94042,2022-07-15,彰化縣,大城鄉,9,1742,10.14
94429,2022-07-14,彰化縣,大城鄉,14,1733,10.43
94818,2022-07-13,彰化縣,大城鄉,12,1719,10.57
95207,2022-07-12,彰化縣,大城鄉,5,1707,11.14
95594,2022-07-11,彰化縣,大城鄉,16,1702,13.29
95981,2022-07-10,彰化縣,大城鄉,6,1686,13.14
96366,2022-07-09,彰化縣,大城鄉,9,1680,14.43
96753,2022-07-08,彰化縣,大城鄉,11,1671,15.14
97144,2022-07-07,彰化縣,大城鄉,15,1660,16.43
97535,2022-07-06,彰化縣,大城鄉,16,1645,17.29
97924,2022-07-05,彰化縣,大城鄉,20,1629,18.57
98313,2022-07-04,彰化縣,大城鄉,15,1609,20.14
98702,2022-07-03,彰化縣,大城鄉,15,1594,26.14
99086,2022-07-02,彰化縣,大城鄉,14,1579,27.71
99475,2022-07-01,彰化縣,大城鄉,20,1565,30.14
99867,2022-06-30,彰化縣,大城鄉,21,1545,32.14
100258,2022-06-29,彰化縣,大城鄉,25,1524,34.86
100648,2022-06-28,彰化縣,大城鄉,31,1499,35.00
101039,2022-06-27,彰化縣,大城鄉,57,1468,36.29
101427,2022-06-26,彰化縣,大城鄉,26,1411,31.43
101813,2022-06-25,彰化縣,大城鄉,31,1385,30.43
102203,2022-06-24,彰化縣,大城鄉,34,1354,29.57
102594,2022-06-23,彰化縣,大城鄉,40,1320,27.86
102986,2022-06-22,彰化縣,大城鄉,26,1280,25.86
103375,2022-06-21,彰化縣,大城鄉,40,1254,26.14
103767,2022-06-20,彰化縣,大城鄉,23,1214,23.86
104158,2022-06-19,彰化縣,大城鄉,19,1191,24.29
104548,2022-06-18,彰化縣,大城鄉,25,1172,24.43
104939,2022-06-17,彰化縣,大城鄉,22,1147,27.86
105329,2022-06-16,彰化縣,大城鄉,26,1125,28.00
105719,2022-06-15,彰化縣,大城鄉,28,1099,27.86
106109,2022-06-14,彰化縣,大城鄉,24,1071,28.71
106501,2022-06-13,彰化縣,大城鄉,26,1047,30.86
106891,2022-06-12,彰化縣,大城鄉,20,1021,35.43
107278,2022-06-11,彰化縣,大城鄉,49,1001,36.57
107670,2022-06-10,彰化縣,大城鄉,23,952,35.14
108059,2022-06-09,彰化縣,大城鄉,25,929,36.29
108448,2022-06-08,彰化縣,大城鄉,34,904,39.86
108838,2022-06-07,彰化縣,大城鄉,39,870,41.14
109230,2022-06-06,彰化縣,大城鄉,58,831,42.86
109620,2022-06-05,彰化縣,大城鄉,28,773,45.71
110009,2022-06-04,彰化縣,大城鄉,39,745,49.00
110399,2022-06-03,彰化縣,大城鄉,31,706,49.29
110790,2022-06-02,彰化縣,大城鄉,50,675,48.71
111180,2022-06-01,彰化縣,大城鄉,43,625,46.86
111572,2022-05-31,彰化縣,大城鄉,51,582,46.86
111963,2022-05-30,彰化縣,大城鄉,78,531,45.43
112354,2022-05-29,彰化縣,大城鄉,51,453,42.86
112745,2022-05-28,彰化縣,大城鄉,41,402,37.00
113135,2022-05-27,彰化縣,大城鄉,27,361,33.86
113525,2022-05-26,彰化縣,大城鄉,37,334,32.57
113916,2022-05-25,彰化縣,大城鄉,43,297,29.14
114306,2022-05-24,彰化縣,大城鄉,41,254,26.00
114698,2022-05-23,彰化縣,大城鄉,60,213,21.00
115089,2022-05-22,彰化縣,大城鄉,10,153,13.71
115480,2022-05-21,彰化縣,大城鄉,19,143,12.57
115865,2022-05-20,彰化縣,大城鄉,18,124,11.57
116253,2022-05-19,彰化縣,大城鄉,13,106,9.57
116642,2022-05-18,彰化縣,大城鄉,21,93,8.57
117032,2022-05-17,彰化縣,大城鄉,6,72,6.57
117421,2022-05-16,彰化縣,大城鄉,9,66,7.29
117810,2022-05-15,彰化縣,大城鄉,2,57,6.43
118194,2022-05-14,彰化縣,大城鄉,12,55,6.57
118578,2022-05-13,彰化縣,大城鄉,4,43,5.14
118965,2022-05-12,彰化縣,大城鄉,6,39,4.71
119349,2022-05-11,彰化縣,大城鄉,7,33,4.14
119734,2022-05-10,彰化縣,大城鄉,11,26,3.14
120116,2022-05-09,彰化縣,大城鄉,3,15,1.71
120497,2022-05-08,彰化縣,大城鄉,3,12,1.29
120882,2022-05-07,彰化縣,大城鄉,2,9,0.86
121260,2022-05-06,彰化縣,大城鄉,1,7,0.71
121639,2022-05-05,彰化縣,大城鄉,2,6,0.57
122370,2022-05-03,彰化縣,大城鄉,1,4,0.29
123412,2022-04-30,彰化縣,大城鄉,1,3,0.14
132748,2021-06-03,彰化縣,大城鄉,1,2,0.29
132828,2021-06-02,彰化縣,大城鄉,1,1,0.14
