UID,個案死亡日,縣市別,區域,新增死亡人數,累計死亡人數,七天移動平均新增死亡人數
84,2023-04-15,彰化縣,全區,1,1143,0.43
104,2023-04-10,彰化縣,全區,2,1142,0.43
150,2023-04-05,彰化縣,全區,1,1140,0.14
260,2023-03-28,彰化縣,全區,1,1139,0.71
355,2023-03-23,彰化縣,全區,2,1138,2.00
387,2023-03-22,彰化縣,全區,2,1136,1.86
414,2023-03-21,彰化縣,全區,2,1134,1.71
448,2023-03-20,彰化縣,全區,2,1132,2.29
519,2023-03-18,彰化縣,全區,3,1130,2.14
566,2023-03-17,彰化縣,全區,3,1127,1.86
605,2023-03-16,彰化縣,全區,1,1124,1.86
651,2023-03-15,彰化縣,全區,1,1123,2.00
683,2023-03-14,彰化縣,全區,6,1122,2.00
726,2023-03-13,彰化縣,全區,1,1116,1.71
813,2023-03-11,彰化縣,全區,1,1115,1.86
857,2023-03-10,彰化縣,全區,3,1114,2.00
905,2023-03-09,彰化縣,全區,2,1111,1.86
952,2023-03-08,彰化縣,全區,1,1109,2.00
1005,2023-03-07,彰化縣,全區,4,1108,2.57
1045,2023-03-06,彰化縣,全區,1,1104,2.29
1095,2023-03-05,彰化縣,全區,1,1103,2.43
1151,2023-03-04,彰化縣,全區,2,1102,2.86
1209,2023-03-03,彰化縣,全區,2,1100,3.14
1261,2023-03-02,彰化縣,全區,3,1098,3.29
1316,2023-03-01,彰化縣,全區,5,1095,3.00
1372,2023-02-28,彰化縣,全區,2,1090,2.71
1422,2023-02-27,彰化縣,全區,2,1088,2.57
1477,2023-02-26,彰化縣,全區,4,1086,2.86
1543,2023-02-25,彰化縣,全區,4,1082,2.86
1599,2023-02-24,彰化縣,全區,3,1078,2.71
1654,2023-02-23,彰化縣,全區,1,1075,2.43
1715,2023-02-22,彰化縣,全區,3,1074,2.29
1782,2023-02-21,彰化縣,全區,1,1071,2.29
1835,2023-02-20,彰化縣,全區,4,1070,2.71
1888,2023-02-19,彰化縣,全區,4,1066,3.00
1940,2023-02-18,彰化縣,全區,3,1062,2.57
2000,2023-02-17,彰化縣,全區,1,1059,2.57
2115,2023-02-15,彰化縣,全區,3,1058,3.43
2187,2023-02-14,彰化縣,全區,4,1055,3.57
2251,2023-02-13,彰化縣,全區,6,1051,3.29
2315,2023-02-12,彰化縣,全區,1,1045,3.00
2371,2023-02-11,彰化縣,全區,3,1044,3.14
2438,2023-02-10,彰化縣,全區,2,1041,3.29
2504,2023-02-09,彰化縣,全區,5,1039,3.29
2564,2023-02-08,彰化縣,全區,4,1034,3.14
2648,2023-02-07,彰化縣,全區,2,1030,3.14
2713,2023-02-06,彰化縣,全區,4,1028,3.14
2778,2023-02-05,彰化縣,全區,2,1024,2.86
2838,2023-02-04,彰化縣,全區,4,1022,2.57
2887,2023-02-03,彰化縣,全區,2,1018,2.29
2955,2023-02-02,彰化縣,全區,4,1016,2.14
3025,2023-02-01,彰化縣,全區,4,1012,1.86
3089,2023-01-31,彰化縣,全區,2,1008,1.43
3147,2023-01-30,彰化縣,全區,2,1006,1.57
3265,2023-01-28,彰化縣,全區,2,1004,1.57
3318,2023-01-27,彰化縣,全區,1,1002,1.43
3358,2023-01-26,彰化縣,全區,2,1001,1.71
3417,2023-01-25,彰化縣,全區,1,999,1.86
3474,2023-01-24,彰化縣,全區,3,998,2.14
3582,2023-01-22,彰化縣,全區,2,995,2.29
3632,2023-01-21,彰化縣,全區,1,993,2.57
3671,2023-01-20,彰化縣,全區,3,992,2.86
3716,2023-01-19,彰化縣,全區,3,989,3.00
3768,2023-01-18,彰化縣,全區,3,986,2.86
3813,2023-01-17,彰化縣,全區,3,983,2.71
3858,2023-01-16,彰化縣,全區,1,980,2.57
3910,2023-01-15,彰化縣,全區,4,979,2.86
3969,2023-01-14,彰化縣,全區,3,975,2.57
4030,2023-01-13,彰化縣,全區,4,972,2.57
4077,2023-01-12,彰化縣,全區,2,968,2.43
4115,2023-01-11,彰化縣,全區,2,966,2.57
4163,2023-01-10,彰化縣,全區,2,964,3.14
4216,2023-01-09,彰化縣,全區,3,962,3.71
4271,2023-01-08,彰化縣,全區,2,959,4.00
4313,2023-01-07,彰化縣,全區,3,957,4.00
4363,2023-01-06,彰化縣,全區,3,954,4.14
4415,2023-01-05,彰化縣,全區,3,951,4.71
4459,2023-01-04,彰化縣,全區,6,948,4.86
4510,2023-01-03,彰化縣,全區,6,942,4.14
4569,2023-01-02,彰化縣,全區,5,936,4.00
4632,2023-01-01,彰化縣,全區,2,931,4.14
4675,2022-12-31,彰化縣,全區,4,929,4.14
4732,2022-12-30,彰化縣,全區,7,925,4.00
4781,2022-12-29,彰化縣,全區,4,918,3.14
4821,2022-12-28,彰化縣,全區,1,914,2.71
4849,2022-12-27,彰化縣,全區,5,913,3.14
4900,2022-12-26,彰化縣,全區,6,908,3.00
4950,2022-12-25,彰化縣,全區,2,902,2.71
4980,2022-12-24,彰化縣,全區,3,900,2.43
5013,2022-12-23,彰化縣,全區,1,897,2.57
5044,2022-12-22,彰化縣,全區,1,896,2.71
5087,2022-12-21,彰化縣,全區,4,895,3.00
5117,2022-12-20,彰化縣,全區,4,891,2.57
5162,2022-12-19,彰化縣,全區,4,887,2.14
5239,2022-12-17,彰化縣,全區,4,883,2.00
5274,2022-12-16,彰化縣,全區,2,879,1.57
5311,2022-12-15,彰化縣,全區,3,877,1.86
5351,2022-12-14,彰化縣,全區,1,874,1.71
5395,2022-12-13,彰化縣,全區,1,873,2.00
5460,2022-12-11,彰化縣,全區,3,872,3.14
5488,2022-12-10,彰化縣,全區,1,869,3.00
5524,2022-12-09,彰化縣,全區,4,868,3.00
5570,2022-12-08,彰化縣,全區,2,864,2.86
5623,2022-12-07,彰化縣,全區,3,862,2.71
5659,2022-12-06,彰化縣,全區,4,859,2.29
5690,2022-12-05,彰化縣,全區,5,855,1.86
5720,2022-12-04,彰化縣,全區,2,850,1.29
5760,2022-12-03,彰化縣,全區,1,848,1.57
5795,2022-12-02,彰化縣,全區,3,847,1.57
5841,2022-12-01,彰化縣,全區,1,844,1.57
5918,2022-11-29,彰化縣,全區,1,843,2.00
5951,2022-11-28,彰化縣,全區,1,842,2.57
5995,2022-11-27,彰化縣,全區,4,841,2.86
6027,2022-11-26,彰化縣,全區,1,837,2.57
6070,2022-11-25,彰化縣,全區,3,836,3.00
6111,2022-11-24,彰化縣,全區,2,833,3.43
6162,2022-11-23,彰化縣,全區,2,831,3.29
6210,2022-11-22,彰化縣,全區,5,829,3.14
6244,2022-11-21,彰化縣,全區,3,824,2.71
6298,2022-11-20,彰化縣,全區,2,821,2.71
6344,2022-11-19,彰化縣,全區,4,819,2.86
6405,2022-11-18,彰化縣,全區,6,815,2.57
6448,2022-11-17,彰化縣,全區,1,809,2.14
6504,2022-11-16,彰化縣,全區,1,808,2.86
6543,2022-11-15,彰化縣,全區,2,807,3.43
6586,2022-11-14,彰化縣,全區,3,805,3.29
6645,2022-11-13,彰化縣,全區,3,802,3.00
6703,2022-11-12,彰化縣,全區,2,799,3.29
6765,2022-11-11,彰化縣,全區,3,797,4.00
6827,2022-11-10,彰化縣,全區,6,794,4.14
6891,2022-11-09,彰化縣,全區,5,788,3.71
6946,2022-11-08,彰化縣,全區,1,783,3.29
7007,2022-11-07,彰化縣,全區,1,782,4.14
7065,2022-11-06,彰化縣,全區,5,781,4.43
7121,2022-11-05,彰化縣,全區,7,776,4.14
7178,2022-11-04,彰化縣,全區,4,769,3.57
7239,2022-11-03,彰化縣,全區,3,765,3.71
7295,2022-11-02,彰化縣,全區,2,762,3.71
7350,2022-11-01,彰化縣,全區,7,760,4.14
7427,2022-10-31,彰化縣,全區,3,753,3.71
7486,2022-10-30,彰化縣,全區,3,750,4.14
7542,2022-10-29,彰化縣,全區,3,747,4.57
7608,2022-10-28,彰化縣,全區,5,744,5.14
7674,2022-10-27,彰化縣,全區,3,739,4.71
7748,2022-10-26,彰化縣,全區,5,736,5.00
7824,2022-10-25,彰化縣,全區,4,731,4.71
7891,2022-10-24,彰化縣,全區,6,727,4.43
7959,2022-10-23,彰化縣,全區,6,721,4.43
8034,2022-10-22,彰化縣,全區,7,715,4.14
8103,2022-10-21,彰化縣,全區,2,708,3.86
8174,2022-10-20,彰化縣,全區,5,706,3.71
8257,2022-10-19,彰化縣,全區,3,701,3.86
8315,2022-10-18,彰化縣,全區,2,698,4.29
8384,2022-10-17,彰化縣,全區,6,696,4.43
8463,2022-10-16,彰化縣,全區,4,690,4.14
8532,2022-10-15,彰化縣,全區,5,686,4.71
8597,2022-10-14,彰化縣,全區,1,681,4.43
8672,2022-10-13,彰化縣,全區,6,680,4.71
8743,2022-10-12,彰化縣,全區,6,674,4.71
8813,2022-10-11,彰化縣,全區,3,668,4.14
8878,2022-10-10,彰化縣,全區,4,665,4.29
8951,2022-10-09,彰化縣,全區,8,661,3.86
9018,2022-10-08,彰化縣,全區,3,653,3.71
9066,2022-10-07,彰化縣,全區,3,650,4.57
9140,2022-10-06,彰化縣,全區,6,647,5.14
9202,2022-10-05,彰化縣,全區,2,641,4.86
9274,2022-10-04,彰化縣,全區,4,639,4.86
9350,2022-10-03,彰化縣,全區,1,635,4.57
9422,2022-10-02,彰化縣,全區,7,634,4.57
9491,2022-10-01,彰化縣,全區,9,627,3.86
9551,2022-09-30,彰化縣,全區,7,618,3.57
9610,2022-09-29,彰化縣,全區,4,611,2.71
9672,2022-09-28,彰化縣,全區,2,607,2.57
9727,2022-09-27,彰化縣,全區,2,605,2.86
9791,2022-09-26,彰化縣,全區,1,603,2.71
9845,2022-09-25,彰化縣,全區,2,602,2.71
9901,2022-09-24,彰化縣,全區,7,600,2.71
9956,2022-09-23,彰化縣,全區,1,593,2.14
10015,2022-09-22,彰化縣,全區,3,592,2.29
10087,2022-09-21,彰化縣,全區,4,589,2.00
10140,2022-09-20,彰化縣,全區,1,585,1.57
10189,2022-09-19,彰化縣,全區,1,584,1.57
10237,2022-09-18,彰化縣,全區,2,583,1.86
10283,2022-09-17,彰化縣,全區,3,581,2.14
10341,2022-09-16,彰化縣,全區,2,578,2.00
10408,2022-09-15,彰化縣,全區,1,576,2.00
10463,2022-09-14,彰化縣,全區,1,575,2.14
10513,2022-09-13,彰化縣,全區,1,574,2.43
10564,2022-09-12,彰化縣,全區,3,573,2.71
10625,2022-09-11,彰化縣,全區,4,570,2.29
10667,2022-09-10,彰化縣,全區,2,566,1.86
10720,2022-09-09,彰化縣,全區,2,564,1.57
10764,2022-09-08,彰化縣,全區,2,562,1.71
10819,2022-09-07,彰化縣,全區,3,560,1.57
10855,2022-09-06,彰化縣,全區,3,557,1.57
10939,2022-09-04,彰化縣,全區,1,554,2.14
11032,2022-09-02,彰化縣,全區,3,553,2.43
11069,2022-09-01,彰化縣,全區,1,550,2.14
11103,2022-08-31,彰化縣,全區,3,549,2.29
11144,2022-08-30,彰化縣,全區,3,546,2.14
11190,2022-08-29,彰化縣,全區,4,543,1.71
11238,2022-08-28,彰化縣,全區,1,539,1.86
11273,2022-08-27,彰化縣,全區,2,538,1.71
11311,2022-08-26,彰化縣,全區,1,536,1.43
11350,2022-08-25,彰化縣,全區,2,535,1.29
11392,2022-08-24,彰化縣,全區,2,533,1.00
11464,2022-08-22,彰化縣,全區,5,531,0.86
11676,2022-08-16,彰化縣,全區,1,526,1.14
11789,2022-08-13,彰化縣,全區,3,525,1.71
11828,2022-08-12,彰化縣,全區,1,522,1.29
11869,2022-08-11,彰化縣,全區,2,521,1.29
11902,2022-08-10,彰化縣,全區,1,519,1.43
11939,2022-08-09,彰化縣,全區,3,518,1.43
11979,2022-08-08,彰化縣,全區,2,515,1.14
12110,2022-08-05,彰化縣,全區,1,513,1.71
12146,2022-08-04,彰化縣,全區,3,512,2.29
12191,2022-08-03,彰化縣,全區,1,509,1.86
12238,2022-08-02,彰化縣,全區,1,508,2.29
12285,2022-08-01,彰化縣,全區,4,507,2.71
12342,2022-07-31,彰化縣,全區,1,503,2.43
12393,2022-07-30,彰化縣,全區,1,502,2.86
12435,2022-07-29,彰化縣,全區,5,501,3.14
12545,2022-07-27,彰化縣,全區,4,496,3.43
12605,2022-07-26,彰化縣,全區,4,492,4.14
12666,2022-07-25,彰化縣,全區,2,488,4.43
12723,2022-07-24,彰化縣,全區,4,486,4.71
12777,2022-07-23,彰化縣,全區,3,482,4.86
12829,2022-07-22,彰化縣,全區,2,479,5.71
12890,2022-07-21,彰化縣,全區,5,477,6.14
12943,2022-07-20,彰化縣,全區,9,472,6.00
13005,2022-07-19,彰化縣,全區,6,463,5.14
13075,2022-07-18,彰化縣,全區,4,457,5.14
13132,2022-07-17,彰化縣,全區,5,453,5.71
13195,2022-07-16,彰化縣,全區,9,448,5.71
13272,2022-07-15,彰化縣,全區,5,439,5.43
13337,2022-07-14,彰化縣,全區,4,434,5.57
13403,2022-07-13,彰化縣,全區,3,430,5.71
13475,2022-07-12,彰化縣,全區,6,427,5.86
13548,2022-07-11,彰化縣,全區,8,421,6.43
13625,2022-07-10,彰化縣,全區,5,413,6.86
13686,2022-07-09,彰化縣,全區,7,408,7.00
13754,2022-07-08,彰化縣,全區,6,401,7.57
13826,2022-07-07,彰化縣,全區,5,395,7.43
13904,2022-07-06,彰化縣,全區,4,390,8.29
13995,2022-07-05,彰化縣,全區,10,386,9.00
14076,2022-07-04,彰化縣,全區,11,376,8.43
14179,2022-07-03,彰化縣,全區,6,365,8.00
14261,2022-07-02,彰化縣,全區,11,359,8.14
14351,2022-07-01,彰化縣,全區,5,348,7.86
14443,2022-06-30,彰化縣,全區,11,343,7.43
14542,2022-06-29,彰化縣,全區,9,332,7.14
14640,2022-06-28,彰化縣,全區,6,323,7.57
14734,2022-06-27,彰化縣,全區,8,317,8.14
14843,2022-06-26,彰化縣,全區,7,309,8.29
14938,2022-06-25,彰化縣,全區,9,302,8.71
15031,2022-06-24,彰化縣,全區,2,293,9.29
15127,2022-06-23,彰化縣,全區,9,291,10.71
15239,2022-06-22,彰化縣,全區,12,282,10.43
15349,2022-06-21,彰化縣,全區,10,270,11.29
15463,2022-06-20,彰化縣,全區,9,260,11.71
15574,2022-06-19,彰化縣,全區,10,251,10.86
15685,2022-06-18,彰化縣,全區,13,241,10.71
15807,2022-06-17,彰化縣,全區,12,228,10.14
15944,2022-06-16,彰化縣,全區,7,216,9.00
16059,2022-06-15,彰化縣,全區,18,209,9.14
16192,2022-06-14,彰化縣,全區,13,191,7.71
16322,2022-06-13,彰化縣,全區,3,178,7.43
16446,2022-06-12,彰化縣,全區,9,175,8.14
16564,2022-06-11,彰化縣,全區,9,166,8.29
16693,2022-06-10,彰化縣,全區,4,157,7.86
16811,2022-06-09,彰化縣,全區,8,153,7.86
16928,2022-06-08,彰化縣,全區,8,145,8.00
17057,2022-06-07,彰化縣,全區,11,137,8.14
17179,2022-06-06,彰化縣,全區,8,126,8.29
17306,2022-06-05,彰化縣,全區,10,118,8.14
17414,2022-06-04,彰化縣,全區,6,108,7.14
17542,2022-06-03,彰化縣,全區,4,102,7.00
17673,2022-06-02,彰化縣,全區,9,98,7.00
17776,2022-06-01,彰化縣,全區,9,89,6.14
17903,2022-05-31,彰化縣,全區,12,80,5.14
18029,2022-05-30,彰化縣,全區,7,68,4.00
18158,2022-05-29,彰化縣,全區,3,61,3.86
18267,2022-05-28,彰化縣,全區,5,58,3.71
18372,2022-05-27,彰化縣,全區,4,53,3.29
18469,2022-05-26,彰化縣,全區,3,49,3.00
18568,2022-05-25,彰化縣,全區,2,46,2.86
18666,2022-05-24,彰化縣,全區,4,44,3.00
18750,2022-05-23,彰化縣,全區,6,40,2.43
18845,2022-05-22,彰化縣,全區,2,34,1.57
18932,2022-05-21,彰化縣,全區,2,32,1.86
19017,2022-05-20,彰化縣,全區,2,30,1.71
19090,2022-05-19,彰化縣,全區,2,28,1.43
19160,2022-05-18,彰化縣,全區,3,26,1.14
19351,2022-05-15,彰化縣,全區,4,23,1.00
19413,2022-05-14,彰化縣,全區,1,19,0.57
19546,2022-05-11,彰化縣,全區,1,18,0.43
19590,2022-05-10,彰化縣,全區,1,17,0.29
19660,2022-05-08,彰化縣,全區,1,16,0.14
19966,2021-08-08,彰化縣,全區,1,15,0.14
20043,2021-07-19,彰化縣,全區,1,14,0.14
20079,2021-07-12,彰化縣,全區,1,13,0.14
20149,2021-07-05,彰化縣,全區,1,12,0.29
20198,2021-06-30,彰化縣,全區,1,11,0.29
20240,2021-06-26,彰化縣,全區,1,10,0.29
20298,2021-06-21,彰化縣,全區,1,9,0.14
20396,2021-06-14,彰化縣,全區,1,8,0.57
20415,2021-06-13,彰化縣,全區,1,7,0.43
20458,2021-06-11,彰化縣,全區,1,6,0.29
20486,2021-06-09,彰化縣,全區,1,5,0.29
20586,2021-06-04,彰化縣,全區,1,4,0.29
20670,2021-05-31,彰化縣,全區,1,3,0.29
20728,2021-05-28,彰化縣,全區,1,2,0.14
20874,2020-02-15,彰化縣,全區,1,1,0.14
