UID,個案研判日,縣市別,區域,新增確診人數,累計確診人數,七天移動平均新增確診人數
132,2023-06-14,新北市,金山區,1,6354,0.14
665,2023-03-20,新北市,金山區,4,6353,4.86
953,2023-03-19,新北市,金山區,4,6349,5.29
1281,2023-03-18,新北市,金山區,8,6345,5.00
1621,2023-03-17,新北市,金山區,3,6337,4.00
1973,2023-03-16,新北市,金山區,3,6334,4.43
2326,2023-03-15,新北市,金山區,3,6331,4.57
2677,2023-03-14,新北市,金山區,9,6328,4.57
3034,2023-03-13,新北市,金山區,7,6319,4.86
3393,2023-03-12,新北市,金山區,2,6312,5.71
3738,2023-03-11,新北市,金山區,1,6310,5.86
4091,2023-03-10,新北市,金山區,6,6309,6.71
4446,2023-03-09,新北市,金山區,4,6303,6.29
4805,2023-03-08,新北市,金山區,3,6299,6.57
5159,2023-03-07,新北市,金山區,11,6296,8.29
5518,2023-03-06,新北市,金山區,13,6285,7.43
5883,2023-03-05,新北市,金山區,3,6272,7.00
6222,2023-03-04,新北市,金山區,7,6269,6.71
6574,2023-03-03,新北市,金山區,3,6262,6.29
6933,2023-03-02,新北市,金山區,6,6259,7.57
7297,2023-03-01,新北市,金山區,15,6253,7.57
7668,2023-02-28,新北市,金山區,5,6238,6.71
8031,2023-02-27,新北市,金山區,10,6233,7.86
8390,2023-02-26,新北市,金山區,1,6223,7.43
8735,2023-02-25,新北市,金山區,4,6222,8.86
9105,2023-02-24,新北市,金山區,12,6218,9.86
9466,2023-02-23,新北市,金山區,6,6206,10.14
9836,2023-02-22,新北市,金山區,9,6200,10.86
10211,2023-02-21,新北市,金山區,13,6191,10.71
10580,2023-02-20,新北市,金山區,7,6178,10.71
10960,2023-02-19,新北市,金山區,11,6171,12.71
11318,2023-02-18,新北市,金山區,11,6160,11.43
11685,2023-02-17,新北市,金山區,14,6149,12.14
12057,2023-02-16,新北市,金山區,11,6135,11.43
12432,2023-02-15,新北市,金山區,8,6124,12.29
12805,2023-02-14,新北市,金山區,13,6116,12.14
13177,2023-02-13,新北市,金山區,21,6103,12.29
13556,2023-02-12,新北市,金山區,2,6082,12.00
13913,2023-02-11,新北市,金山區,16,6080,13.14
14285,2023-02-10,新北市,金山區,9,6064,13.29
14659,2023-02-09,新北市,金山區,17,6055,14.14
15035,2023-02-08,新北市,金山區,7,6038,14.86
15414,2023-02-07,新北市,金山區,14,6031,17.00
15793,2023-02-06,新北市,金山區,19,6017,17.86
16175,2023-02-05,新北市,金山區,10,5998,20.14
16543,2023-02-04,新北市,金山區,17,5988,20.57
16922,2023-02-03,新北市,金山區,15,5971,20.86
17308,2023-02-02,新北市,金山區,22,5956,21.29
17691,2023-02-01,新北市,金山區,22,5934,20.86
18068,2023-01-31,新北市,金山區,20,5912,18.86
18453,2023-01-30,新北市,金山區,35,5892,18.29
18842,2023-01-29,新北市,金山區,13,5857,15.29
19218,2023-01-28,新北市,金山區,19,5844,14.71
19597,2023-01-27,新北市,金山區,18,5825,13.86
19975,2023-01-26,新北市,金山區,19,5807,12.00
20352,2023-01-25,新北市,金山區,8,5788,10.71
20717,2023-01-24,新北市,金山區,16,5780,11.14
21092,2023-01-23,新北市,金山區,14,5764,10.29
21459,2023-01-22,新北市,金山區,9,5750,10.14
21823,2023-01-21,新北市,金山區,13,5741,9.86
22195,2023-01-20,新北市,金山區,5,5728,9.57
22562,2023-01-19,新北市,金山區,10,5723,10.14
22933,2023-01-18,新北市,金山區,11,5713,10.43
23305,2023-01-17,新北市,金山區,10,5702,11.00
23669,2023-01-16,新北市,金山區,13,5692,12.00
24045,2023-01-15,新北市,金山區,7,5679,12.43
24412,2023-01-14,新北市,金山區,11,5672,11.86
24780,2023-01-13,新北市,金山區,9,5661,13.00
25148,2023-01-12,新北市,金山區,12,5652,13.00
25523,2023-01-11,新北市,金山區,15,5640,12.71
25899,2023-01-10,新北市,金山區,17,5625,12.71
26271,2023-01-09,新北市,金山區,16,5608,11.71
26650,2023-01-08,新北市,金山區,3,5592,10.71
27007,2023-01-07,新北市,金山區,19,5589,10.71
27378,2023-01-06,新北市,金山區,9,5570,9.00
27754,2023-01-05,新北市,金山區,10,5561,8.71
28134,2023-01-04,新北市,金山區,15,5551,8.86
28515,2023-01-03,新北市,金山區,10,5536,8.86
28897,2023-01-02,新北市,金山區,9,5526,8.86
29268,2023-01-01,新北市,金山區,3,5517,9.57
29630,2022-12-31,新北市,金山區,7,5514,9.71
29996,2022-12-30,新北市,金山區,7,5507,9.00
30368,2022-12-29,新北市,金山區,11,5500,8.57
30741,2022-12-28,新北市,金山區,15,5489,7.14
31111,2022-12-27,新北市,金山區,10,5474,6.14
31488,2022-12-26,新北市,金山區,14,5464,5.71
31860,2022-12-25,新北市,金山區,4,5450,5.29
32214,2022-12-24,新北市,金山區,2,5446,5.71
32574,2022-12-23,新北市,金山區,4,5444,6.14
32938,2022-12-22,新北市,金山區,1,5440,6.43
33305,2022-12-21,新北市,金山區,8,5439,7.71
33675,2022-12-20,新北市,金山區,7,5431,7.57
34038,2022-12-19,新北市,金山區,11,5424,7.57
34409,2022-12-18,新北市,金山區,7,5413,6.43
34757,2022-12-17,新北市,金山區,5,5406,5.71
35117,2022-12-16,新北市,金山區,6,5401,6.43
35482,2022-12-15,新北市,金山區,10,5395,7.43
35853,2022-12-14,新北市,金山區,7,5385,6.57
36212,2022-12-13,新北市,金山區,7,5378,6.86
36586,2022-12-12,新北市,金山區,3,5371,5.86
36957,2022-12-11,新北市,金山區,2,5368,6.71
37309,2022-12-10,新北市,金山區,10,5366,6.86
37678,2022-12-09,新北市,金山區,13,5356,5.86
38043,2022-12-08,新北市,金山區,4,5343,4.43
38416,2022-12-07,新北市,金山區,9,5339,4.43
39159,2022-12-05,新北市,金山區,9,5330,4.29
39537,2022-12-04,新北市,金山區,3,5321,3.86
39903,2022-12-03,新北市,金山區,3,5318,3.57
40272,2022-12-02,新北市,金山區,3,5315,3.43
40642,2022-12-01,新北市,金山區,4,5312,3.00
41011,2022-11-30,新北市,金山區,2,5308,3.57
41382,2022-11-29,新北市,金山區,6,5306,3.86
41762,2022-11-28,新北市,金山區,6,5300,3.14
42140,2022-11-27,新北市,金山區,1,5294,2.86
42501,2022-11-26,新北市,金山區,2,5293,3.00
43228,2022-11-24,新北市,金山區,8,5291,4.43
43598,2022-11-23,新北市,金山區,4,5283,4.57
43970,2022-11-22,新北市,金山區,1,5279,5.00
44343,2022-11-21,新北市,金山區,4,5278,5.86
44726,2022-11-20,新北市,金山區,2,5274,6.14
45089,2022-11-19,新北市,金山區,4,5272,6.29
45463,2022-11-18,新北市,金山區,8,5268,6.57
45835,2022-11-17,新北市,金山區,9,5260,6.71
46208,2022-11-16,新北市,金山區,7,5251,7.43
46588,2022-11-15,新北市,金山區,7,5244,8.43
46969,2022-11-14,新北市,金山區,6,5237,8.00
47350,2022-11-13,新北市,金山區,3,5231,8.29
47720,2022-11-12,新北市,金山區,6,5228,8.43
48097,2022-11-11,新北市,金山區,9,5222,9.14
48476,2022-11-10,新北市,金山區,14,5213,9.57
48859,2022-11-09,新北市,金山區,14,5199,9.86
49242,2022-11-08,新北市,金山區,4,5185,10.29
49627,2022-11-07,新北市,金山區,8,5181,12.29
50012,2022-11-06,新北市,金山區,4,5173,14.29
50381,2022-11-05,新北市,金山區,11,5169,14.71
50756,2022-11-04,新北市,金山區,12,5158,15.14
51142,2022-11-03,新北市,金山區,16,5146,16.00
51522,2022-11-02,新北市,金山區,17,5130,16.43
51908,2022-11-01,新北市,金山區,18,5113,17.14
52293,2022-10-31,新北市,金山區,22,5095,17.86
52676,2022-10-30,新北市,金山區,7,5073,17.14
53055,2022-10-29,新北市,金山區,14,5066,17.86
53434,2022-10-28,新北市,金山區,18,5052,16.43
53821,2022-10-27,新北市,金山區,19,5034,15.43
54208,2022-10-26,新北市,金山區,22,5015,14.00
54592,2022-10-25,新北市,金山區,23,4993,12.71
54981,2022-10-24,新北市,金山區,17,4970,11.43
55371,2022-10-23,新北市,金山區,12,4953,12.29
55748,2022-10-22,新北市,金山區,4,4941,11.57
56133,2022-10-21,新北市,金山區,11,4937,13.29
56523,2022-10-20,新北市,金山區,9,4926,13.71
56908,2022-10-19,新北市,金山區,13,4917,15.71
57295,2022-10-18,新北市,金山區,14,4904,15.43
57685,2022-10-17,新北市,金山區,23,4890,16.14
58075,2022-10-16,新北市,金山區,7,4867,14.57
58459,2022-10-15,新北市,金山區,16,4860,14.43
58844,2022-10-14,新北市,金山區,14,4844,15.86
59234,2022-10-13,新北市,金山區,23,4830,16.71
59625,2022-10-12,新北市,金山區,11,4807,16.57
60014,2022-10-11,新北市,金山區,19,4796,18.57
60406,2022-10-10,新北市,金山區,12,4777,20.29
60790,2022-10-09,新北市,金山區,6,4765,22.14
61177,2022-10-08,新北市,金山區,26,4759,22.86
61566,2022-10-07,新北市,金山區,20,4733,22.43
61953,2022-10-06,新北市,金山區,22,4713,21.29
62344,2022-10-05,新北市,金山區,25,4691,21.57
62731,2022-10-04,新北市,金山區,31,4666,20.86
63119,2022-10-03,新北市,金山區,25,4635,20.43
63510,2022-10-02,新北市,金山區,11,4610,21.57
63892,2022-10-01,新北市,金山區,23,4599,23.29
64278,2022-09-30,新北市,金山區,12,4576,22.57
64662,2022-09-29,新北市,金山區,24,4564,23.00
65050,2022-09-28,新北市,金山區,20,4540,23.57
65438,2022-09-27,新北市,金山區,28,4520,24.57
65825,2022-09-26,新北市,金山區,33,4492,22.71
66214,2022-09-25,新北市,金山區,23,4459,24.43
66597,2022-09-24,新北市,金山區,18,4436,23.14
66980,2022-09-23,新北市,金山區,15,4418,23.71
67369,2022-09-22,新北市,金山區,28,4403,25.00
67756,2022-09-21,新北市,金山區,27,4375,24.57
68145,2022-09-20,新北市,金山區,15,4348,25.57
68535,2022-09-19,新北市,金山區,45,4333,26.86
68926,2022-09-18,新北市,金山區,14,4288,25.57
69308,2022-09-17,新北市,金山區,22,4274,25.57
69696,2022-09-16,新北市,金山區,24,4252,25.00
70081,2022-09-15,新北市,金山區,25,4228,25.00
70468,2022-09-14,新北市,金山區,34,4203,25.14
70853,2022-09-13,新北市,金山區,24,4169,23.29
71242,2022-09-12,新北市,金山區,36,4145,23.86
71632,2022-09-11,新北市,金山區,14,4109,24.43
72014,2022-09-10,新北市,金山區,18,4095,24.00
72396,2022-09-09,新北市,金山區,24,4077,24.43
72778,2022-09-08,新北市,金山區,26,4053,24.43
73165,2022-09-07,新北市,金山區,21,4027,24.00
73549,2022-09-06,新北市,金山區,28,4006,23.14
73935,2022-09-05,新北市,金山區,40,3978,22.86
74322,2022-09-04,新北市,金山區,11,3938,18.29
74704,2022-09-03,新北市,金山區,21,3927,18.14
75091,2022-09-02,新北市,金山區,24,3906,17.00
75477,2022-09-01,新北市,金山區,23,3882,15.00
75866,2022-08-31,新北市,金山區,15,3859,15.71
76253,2022-08-30,新北市,金山區,26,3844,16.86
76641,2022-08-29,新北市,金山區,8,3818,16.71
77031,2022-08-28,新北市,金山區,10,3810,19.71
77412,2022-08-27,新北市,金山區,13,3800,19.71
77799,2022-08-26,新北市,金山區,10,3787,20.71
78184,2022-08-25,新北市,金山區,28,3777,22.57
78570,2022-08-24,新北市,金山區,23,3749,20.43
78957,2022-08-23,新北市,金山區,25,3726,18.86
79340,2022-08-22,新北市,金山區,29,3701,18.00
79730,2022-08-21,新北市,金山區,10,3672,16.29
80105,2022-08-20,新北市,金山區,20,3662,16.43
80490,2022-08-19,新北市,金山區,23,3642,15.14
80874,2022-08-18,新北市,金山區,13,3619,14.86
81263,2022-08-17,新北市,金山區,12,3606,16.57
81648,2022-08-16,新北市,金山區,19,3594,18.00
82035,2022-08-15,新北市,金山區,17,3575,17.57
82422,2022-08-14,新北市,金山區,11,3558,19.14
82799,2022-08-13,新北市,金山區,11,3547,18.57
83178,2022-08-12,新北市,金山區,21,3536,18.86
83564,2022-08-11,新北市,金山區,25,3515,18.57
83950,2022-08-10,新北市,金山區,22,3490,16.14
84336,2022-08-09,新北市,金山區,16,3468,13.86
84718,2022-08-08,新北市,金山區,28,3452,13.86
85103,2022-08-07,新北市,金山區,7,3424,13.29
85476,2022-08-06,新北市,金山區,13,3417,14.14
85855,2022-08-05,新北市,金山區,19,3404,13.71
86242,2022-08-04,新北市,金山區,8,3385,13.43
86627,2022-08-03,新北市,金山區,6,3377,15.57
87010,2022-08-02,新北市,金山區,16,3371,15.86
87395,2022-08-01,新北市,金山區,24,3355,16.43
87783,2022-07-31,新北市,金山區,13,3331,15.43
88159,2022-07-30,新北市,金山區,10,3318,15.14
88538,2022-07-29,新北市,金山區,17,3308,14.14
88922,2022-07-28,新北市,金山區,23,3291,12.57
89308,2022-07-27,新北市,金山區,8,3268,13.29
89699,2022-07-26,新北市,金山區,20,3260,14.00
90086,2022-07-25,新北市,金山區,17,3240,14.71
90470,2022-07-24,新北市,金山區,11,3223,14.57
90848,2022-07-23,新北市,金山區,3,3212,13.71
91232,2022-07-22,新北市,金山區,6,3209,15.00
91618,2022-07-21,新北市,金山區,28,3203,15.71
92002,2022-07-20,新北市,金山區,13,3175,13.29
92389,2022-07-19,新北市,金山區,25,3162,12.57
92777,2022-07-18,新北市,金山區,16,3137,11.43
93166,2022-07-17,新北市,金山區,5,3121,11.86
93544,2022-07-16,新北市,金山區,12,3116,12.00
93931,2022-07-15,新北市,金山區,11,3104,12.00
94318,2022-07-14,新北市,金山區,11,3093,12.43
94706,2022-07-13,新北市,金山區,8,3082,13.29
95095,2022-07-12,新北市,金山區,17,3074,13.86
95483,2022-07-11,新北市,金山區,19,3057,14.29
95871,2022-07-10,新北市,金山區,6,3038,13.86
96254,2022-07-09,新北市,金山區,12,3032,13.29
96641,2022-07-08,新北市,金山區,14,3020,13.29
97032,2022-07-07,新北市,金山區,17,3006,12.86
97423,2022-07-06,新北市,金山區,12,2989,14.14
97812,2022-07-05,新北市,金山區,20,2977,16.00
98201,2022-07-04,新北市,金山區,16,2957,16.71
98590,2022-07-03,新北市,金山區,2,2941,20.14
98975,2022-07-02,新北市,金山區,12,2939,22.00
99363,2022-07-01,新北市,金山區,11,2927,22.57
99755,2022-06-30,新北市,金山區,26,2916,25.86
100146,2022-06-29,新北市,金山區,25,2890,29.86
100536,2022-06-28,新北市,金山區,25,2865,34.71
100927,2022-06-27,新北市,金山區,40,2840,35.14
101316,2022-06-26,新北市,金山區,15,2800,39.86
101701,2022-06-25,新北市,金山區,16,2785,41.00
102091,2022-06-24,新北市,金山區,34,2769,41.14
102482,2022-06-23,新北市,金山區,54,2735,42.29
102874,2022-06-22,新北市,金山區,59,2681,42.29
103264,2022-06-21,新北市,金山區,28,2622,40.57
103655,2022-06-20,新北市,金山區,73,2594,44.43
104046,2022-06-19,新北市,金山區,23,2521,40.86
104436,2022-06-18,新北市,金山區,17,2498,40.71
104827,2022-06-17,新北市,金山區,42,2481,45.57
105218,2022-06-16,新北市,金山區,54,2439,44.71
105608,2022-06-15,新北市,金山區,47,2385,41.86
105998,2022-06-14,新北市,金山區,55,2338,46.00
106389,2022-06-13,新北市,金山區,48,2283,43.86
106780,2022-06-12,新北市,金山區,22,2235,48.86
107167,2022-06-11,新北市,金山區,51,2213,50.00
107558,2022-06-10,新北市,金山區,36,2162,46.71
107947,2022-06-09,新北市,金山區,34,2126,46.43
108338,2022-06-08,新北市,金山區,76,2092,46.14
108726,2022-06-07,新北市,金山區,40,2016,40.57
109118,2022-06-06,新北市,金山區,83,1976,41.86
109509,2022-06-05,新北市,金山區,30,1893,34.29
109898,2022-06-04,新北市,金山區,28,1863,33.43
110287,2022-06-03,新北市,金山區,34,1835,34.86
110679,2022-06-02,新北市,金山區,32,1801,37.14
111069,2022-06-01,新北市,金山區,37,1769,37.14
111460,2022-05-31,新北市,金山區,49,1732,38.86
111852,2022-05-30,新北市,金山區,30,1683,41.86
112242,2022-05-29,新北市,金山區,24,1653,43.71
112633,2022-05-28,新北市,金山區,38,1629,49.00
113023,2022-05-27,新北市,金山區,50,1591,49.43
113414,2022-05-26,新北市,金山區,32,1541,51.00
113805,2022-05-25,新北市,金山區,49,1509,55.00
114195,2022-05-24,新北市,金山區,70,1460,59.00
114586,2022-05-23,新北市,金山區,43,1390,57.71
114977,2022-05-22,新北市,金山區,61,1347,61.29
115368,2022-05-21,新北市,金山區,41,1286,60.14
115755,2022-05-20,新北市,金山區,61,1245,64.43
116141,2022-05-19,新北市,金山區,60,1184,65.14
116530,2022-05-18,新北市,金山區,77,1124,64.29
116920,2022-05-17,新北市,金山區,61,1047,63.29
117310,2022-05-16,新北市,金山區,68,986,66.57
117698,2022-05-15,新北市,金山區,53,918,61.86
118084,2022-05-14,新北市,金山區,71,865,63.57
118467,2022-05-13,新北市,金山區,66,794,61.71
118854,2022-05-12,新北市,金山區,54,728,59.71
119238,2022-05-11,新北市,金山區,70,674,58.57
119623,2022-05-10,新北市,金山區,84,604,51.86
120008,2022-05-09,新北市,金山區,35,520,43.71
120387,2022-05-08,新北市,金山區,65,485,41.86
120772,2022-05-07,新北市,金山區,58,420,35.00
121150,2022-05-06,新北市,金山區,52,362,31.86
121528,2022-05-05,新北市,金山區,46,310,28.29
121901,2022-05-04,新北市,金山區,23,264,25.00
122261,2022-05-03,新北市,金山區,27,241,23.86
122620,2022-05-02,新北市,金山區,22,214,22.00
122971,2022-05-01,新北市,金山區,17,192,19.86
123307,2022-04-30,新北市,金山區,36,175,18.71
123638,2022-04-29,新北市,金山區,27,139,13.86
123956,2022-04-28,新北市,金山區,23,112,11.00
124270,2022-04-27,新北市,金山區,15,89,8.57
124568,2022-04-26,新北市,金山區,14,74,7.14
124861,2022-04-25,新北市,金山區,7,60,5.29
125134,2022-04-24,新北市,金山區,9,53,4.43
125382,2022-04-23,新北市,金山區,2,44,3.14
125627,2022-04-22,新北市,金山區,7,42,2.86
125874,2022-04-21,新北市,金山區,6,35,2.00
126103,2022-04-20,新北市,金山區,5,29,1.14
126318,2022-04-19,新北市,金山區,1,24,0.43
126516,2022-04-18,新北市,金山區,1,23,0.29
127017,2022-04-15,新北市,金山區,1,22,0.14
128456,2022-04-04,新北市,金山區,1,21,0.29
128516,2022-04-03,新北市,金山區,1,20,0.14
131700,2021-06-20,新北市,金山區,1,19,1.71
131746,2021-06-19,新北市,金山區,1,18,1.71
131791,2021-06-18,新北市,金山區,2,17,1.57
131837,2021-06-17,新北市,金山區,1,15,1.57
131933,2021-06-15,新北市,金山區,6,14,1.43
131985,2021-06-14,新北市,金山區,1,8,0.57
132047,2021-06-13,新北市,金山區,1,7,0.43
132172,2021-06-11,新北市,金山區,2,6,0.29
133201,2021-05-28,新北市,金山區,1,4,0.14
133891,2021-05-20,新北市,金山區,2,3,0.43
134084,2021-05-17,新北市,金山區,1,1,0.14
