UID,個案研判日,縣市別,區域,新增確診人數,累計確診人數,七天移動平均新增確診人數
1685,2023-03-17,新北市,石門區,1,1611,1.43
2038,2023-03-16,新北市,石門區,1,1610,1.71
2390,2023-03-15,新北市,石門區,2,1609,1.57
2740,2023-03-14,新北市,石門區,2,1607,1.57
3456,2023-03-12,新北市,石門區,2,1605,1.57
3803,2023-03-11,新北市,石門區,2,1603,1.43
4154,2023-03-10,新北市,石門區,3,1601,1.14
4869,2023-03-08,新北市,石門區,2,1598,0.86
5583,2023-03-06,新北市,石門區,2,1596,0.86
5947,2023-03-05,新北市,石門區,1,1594,0.86
6639,2023-03-03,新北市,石門區,1,1593,1.00
7362,2023-03-01,新北市,石門區,2,1592,3.14
8096,2023-02-27,新北市,石門區,2,1590,4.00
8799,2023-02-25,新北市,石門區,2,1588,5.00
9169,2023-02-24,新北市,石門區,8,1586,5.14
9530,2023-02-23,新北市,石門區,8,1578,4.14
9901,2023-02-22,新北市,石門區,3,1570,4.00
10275,2023-02-21,新北市,石門區,5,1567,3.57
10645,2023-02-20,新北市,石門區,9,1562,3.57
11383,2023-02-18,新北市,石門區,3,1553,3.57
11749,2023-02-17,新北市,石門區,1,1550,3.43
12122,2023-02-16,新北市,石門區,7,1549,3.43
12870,2023-02-14,新北市,石門區,5,1542,3.71
13242,2023-02-13,新北市,石門區,8,1537,3.57
13620,2023-02-12,新北市,石門區,1,1529,3.00
13978,2023-02-11,新北市,石門區,2,1528,3.29
14350,2023-02-10,新北市,石門區,1,1526,3.14
14723,2023-02-09,新北市,石門區,4,1525,3.57
15100,2023-02-08,新北市,石門區,5,1521,3.57
15479,2023-02-07,新北市,石門區,4,1516,3.29
15858,2023-02-06,新北市,石門區,4,1512,3.00
16239,2023-02-05,新北市,石門區,3,1508,3.71
16608,2023-02-04,新北市,石門區,1,1505,3.29
16987,2023-02-03,新北市,石門區,4,1504,4.00
17373,2023-02-02,新北市,石門區,4,1500,3.57
17756,2023-02-01,新北市,石門區,3,1496,3.43
18133,2023-01-31,新北市,石門區,2,1493,3.29
18518,2023-01-30,新北市,石門區,9,1491,3.14
19283,2023-01-28,新北市,石門區,6,1482,3.14
19662,2023-01-27,新北市,石門區,1,1476,2.43
20040,2023-01-26,新北市,石門區,3,1475,2.43
20417,2023-01-25,新北市,石門區,2,1472,2.86
20782,2023-01-24,新北市,石門區,1,1470,2.86
21156,2023-01-23,新北市,石門區,7,1469,3.43
21524,2023-01-22,新北市,石門區,2,1462,3.14
21888,2023-01-21,新北市,石門區,1,1460,3.14
22260,2023-01-20,新北市,石門區,1,1459,3.29
22627,2023-01-19,新北市,石門區,6,1458,4.00
22998,2023-01-18,新北市,石門區,2,1452,3.43
23368,2023-01-17,新北市,石門區,5,1450,3.29
23734,2023-01-16,新北市,石門區,5,1445,2.57
24110,2023-01-15,新北市,石門區,2,1440,2.29
24476,2023-01-14,新北市,石門區,2,1438,2.57
24845,2023-01-13,新北市,石門區,6,1436,2.43
25213,2023-01-12,新北市,石門區,2,1430,1.86
25588,2023-01-11,新北市,石門區,1,1428,1.86
26336,2023-01-09,新北市,石門區,3,1427,2.86
26713,2023-01-08,新北市,石門區,4,1424,2.57
27071,2023-01-07,新北市,石門區,1,1420,2.14
27443,2023-01-06,新北市,石門區,2,1419,2.00
27819,2023-01-05,新北市,石門區,2,1417,2.29
28199,2023-01-04,新北市,石門區,3,1415,2.29
28580,2023-01-03,新北市,石門區,5,1412,2.14
28961,2023-01-02,新北市,石門區,1,1407,2.14
29333,2023-01-01,新北市,石門區,1,1406,2.57
30061,2022-12-30,新北市,石門區,4,1405,2.57
30433,2022-12-29,新北市,石門區,2,1401,2.00
30805,2022-12-28,新北市,石門區,2,1399,2.00
31176,2022-12-27,新北市,石門區,5,1397,1.86
31552,2022-12-26,新北市,石門區,4,1392,1.43
31924,2022-12-25,新北市,石門區,1,1388,1.00
33003,2022-12-22,新北市,石門區,2,1387,2.43
33370,2022-12-21,新北市,石門區,1,1385,2.29
33740,2022-12-20,新北市,石門區,2,1384,3.00
34103,2022-12-19,新北市,石門區,1,1382,3.00
34473,2022-12-18,新北市,石門區,2,1381,3.00
34822,2022-12-17,新北市,石門區,2,1379,2.71
35182,2022-12-16,新北市,石門區,7,1377,2.43
35547,2022-12-15,新北市,石門區,1,1370,1.43
35918,2022-12-14,新北市,石門區,6,1369,1.29
36275,2022-12-13,新北市,石門區,2,1363,0.43
36651,2022-12-12,新北市,石門區,1,1361,0.29
38852,2022-12-06,新北市,石門區,1,1360,1.43
39224,2022-12-05,新北市,石門區,2,1359,1.43
39967,2022-12-03,新北市,石門區,2,1357,1.57
40337,2022-12-02,新北市,石門區,2,1355,1.57
40706,2022-12-01,新北市,石門區,2,1353,1.71
41075,2022-11-30,新北市,石門區,1,1351,1.57
41447,2022-11-29,新北市,石門區,1,1350,2.29
41827,2022-11-28,新北市,石門區,2,1349,2.29
42204,2022-11-27,新北市,石門區,1,1347,2.71
42565,2022-11-26,新北市,石門區,2,1346,2.71
42921,2022-11-25,新北市,石門區,3,1344,2.57
43293,2022-11-24,新北市,石門區,1,1341,2.86
43663,2022-11-23,新北市,石門區,6,1340,3.14
44034,2022-11-22,新北市,石門區,1,1334,2.86
44408,2022-11-21,新北市,石門區,5,1333,2.86
44789,2022-11-20,新北市,石門區,1,1328,2.14
45154,2022-11-19,新北市,石門區,1,1327,2.00
45528,2022-11-18,新北市,石門區,5,1326,2.14
45900,2022-11-17,新北市,石門區,3,1321,1.43
46273,2022-11-16,新北市,石門區,4,1318,1.43
46653,2022-11-15,新北市,石門區,1,1314,0.86
47785,2022-11-12,新北市,石門區,2,1313,1.86
48541,2022-11-10,新北市,石門區,3,1311,2.14
49307,2022-11-08,新北市,石門區,1,1308,2.71
49692,2022-11-07,新北市,石門區,5,1307,3.14
50077,2022-11-06,新北市,石門區,2,1302,3.14
50446,2022-11-05,新北市,石門區,1,1300,3.00
50821,2022-11-04,新北市,石門區,3,1299,3.00
51207,2022-11-03,新北市,石門區,2,1296,2.71
51587,2022-11-02,新北市,石門區,5,1294,3.43
51973,2022-11-01,新北市,石門區,4,1289,3.14
52358,2022-10-31,新北市,石門區,5,1285,3.43
52741,2022-10-30,新北市,石門區,1,1280,3.57
53120,2022-10-29,新北市,石門區,1,1279,4.29
53499,2022-10-28,新北市,石門區,1,1278,4.29
53886,2022-10-27,新北市,石門區,7,1277,4.57
54273,2022-10-26,新北市,石門區,3,1270,3.71
54657,2022-10-25,新北市,石門區,6,1267,3.86
55046,2022-10-24,新北市,石門區,6,1261,3.14
55436,2022-10-23,新北市,石門區,6,1255,3.00
55813,2022-10-22,新北市,石門區,1,1249,2.43
56198,2022-10-21,新北市,石門區,3,1248,2.86
56588,2022-10-20,新北市,石門區,1,1245,4.14
56973,2022-10-19,新北市,石門區,4,1244,4.86
57360,2022-10-18,新北市,石門區,1,1240,5.29
57750,2022-10-17,新北市,石門區,5,1239,6.86
58140,2022-10-16,新北市,石門區,2,1234,6.86
58524,2022-10-15,新北市,石門區,4,1232,7.29
58909,2022-10-14,新北市,石門區,12,1228,7.29
59299,2022-10-13,新北市,石門區,6,1216,6.43
59690,2022-10-12,新北市,石門區,7,1210,7.29
60079,2022-10-11,新北市,石門區,12,1203,6.57
60471,2022-10-10,新北市,石門區,5,1191,6.43
60855,2022-10-09,新北市,石門區,5,1186,7.71
61242,2022-10-08,新北市,石門區,4,1181,7.14
61631,2022-10-07,新北市,石門區,6,1177,7.14
62018,2022-10-06,新北市,石門區,12,1171,8.14
62409,2022-10-05,新北市,石門區,2,1159,7.29
62796,2022-10-04,新北市,石門區,11,1157,7.86
63184,2022-10-03,新北市,石門區,14,1146,6.86
63575,2022-10-02,新北市,石門區,1,1132,6.29
63957,2022-10-01,新北市,石門區,4,1131,6.86
64343,2022-09-30,新北市,石門區,13,1127,7.29
64727,2022-09-29,新北市,石門區,6,1114,6.43
65115,2022-09-28,新北市,石門區,6,1108,6.43
65503,2022-09-27,新北市,石門區,4,1102,6.29
65890,2022-09-26,新北市,石門區,10,1098,7.00
66279,2022-09-25,新北市,石門區,5,1088,6.43
66662,2022-09-24,新北市,石門區,7,1083,6.86
67045,2022-09-23,新北市,石門區,7,1076,6.86
67434,2022-09-22,新北市,石門區,6,1069,7.43
67821,2022-09-21,新北市,石門區,5,1063,7.00
68210,2022-09-20,新北市,石門區,9,1058,8.29
68600,2022-09-19,新北市,石門區,6,1049,11.57
68991,2022-09-18,新北市,石門區,8,1043,12.00
69373,2022-09-17,新北市,石門區,7,1035,12.00
69761,2022-09-16,新北市,石門區,11,1028,12.43
70146,2022-09-15,新北市,石門區,3,1017,12.43
70533,2022-09-14,新北市,石門區,14,1014,12.86
70918,2022-09-13,新北市,石門區,32,1000,11.71
71307,2022-09-12,新北市,石門區,9,968,7.71
71697,2022-09-11,新北市,石門區,8,959,7.71
72079,2022-09-10,新北市,石門區,10,951,6.86
72461,2022-09-09,新北市,石門區,11,941,5.71
72843,2022-09-08,新北市,石門區,6,930,6.00
73230,2022-09-07,新北市,石門區,6,924,5.71
73614,2022-09-06,新北市,石門區,4,918,5.86
74000,2022-09-05,新北市,石門區,9,914,6.29
74387,2022-09-04,新北市,石門區,2,905,5.43
74769,2022-09-03,新北市,石門區,2,903,5.14
75156,2022-09-02,新北市,石門區,13,901,5.14
75542,2022-09-01,新北市,石門區,4,888,3.86
75931,2022-08-31,新北市,石門區,7,884,3.57
76318,2022-08-30,新北市,石門區,7,877,2.86
76706,2022-08-29,新北市,石門區,3,870,2.00
77477,2022-08-27,新北市,石門區,2,867,2.57
77864,2022-08-26,新北市,石門區,4,865,2.71
78249,2022-08-25,新北市,石門區,2,861,2.57
78635,2022-08-24,新北市,石門區,2,859,3.00
79022,2022-08-23,新北市,石門區,1,857,3.14
79405,2022-08-22,新北市,石門區,4,856,3.14
79795,2022-08-21,新北市,石門區,3,852,3.71
80170,2022-08-20,新北市,石門區,3,849,4.00
80555,2022-08-19,新北市,石門區,3,846,3.71
80939,2022-08-18,新北市,石門區,5,843,3.57
81328,2022-08-17,新北市,石門區,3,838,3.43
81713,2022-08-16,新北市,石門區,1,835,3.14
82100,2022-08-15,新北市,石門區,8,834,3.57
82487,2022-08-14,新北市,石門區,5,826,3.29
82864,2022-08-13,新北市,石門區,1,821,3.14
83243,2022-08-12,新北市,石門區,2,820,3.00
83629,2022-08-11,新北市,石門區,4,818,3.29
84015,2022-08-10,新北市,石門區,1,814,3.43
84401,2022-08-09,新北市,石門區,4,813,4.00
84783,2022-08-08,新北市,石門區,6,809,4.14
85168,2022-08-07,新北市,石門區,4,803,4.71
85920,2022-08-05,新北市,石門區,4,799,5.14
86307,2022-08-04,新北市,石門區,5,795,5.14
86692,2022-08-03,新北市,石門區,5,790,4.86
87075,2022-08-02,新北市,石門區,5,785,4.57
87460,2022-08-01,新北市,石門區,10,780,5.14
87848,2022-07-31,新北市,石門區,3,770,4.86
88224,2022-07-30,新北市,石門區,4,767,4.86
88603,2022-07-29,新北市,石門區,4,763,4.71
88987,2022-07-28,新北市,石門區,3,759,4.71
89373,2022-07-27,新北市,石門區,3,756,5.00
89764,2022-07-26,新北市,石門區,9,753,5.00
90151,2022-07-25,新北市,石門區,8,744,4.00
90535,2022-07-24,新北市,石門區,3,736,4.00
90912,2022-07-23,新北市,石門區,3,733,4.00
91297,2022-07-22,新北市,石門區,4,730,3.86
91683,2022-07-21,新北市,石門區,5,726,3.29
92067,2022-07-20,新北市,石門區,3,721,3.14
92454,2022-07-19,新北市,石門區,2,718,3.14
92842,2022-07-18,新北市,石門區,8,716,3.14
93231,2022-07-17,新北市,石門區,3,708,2.14
93609,2022-07-16,新北市,石門區,2,705,2.00
94383,2022-07-14,新北市,石門區,4,703,2.57
94771,2022-07-13,新北市,石門區,3,699,2.86
95160,2022-07-12,新北市,石門區,2,696,3.14
95548,2022-07-11,新北市,石門區,1,694,3.43
95936,2022-07-10,新北市,石門區,2,693,4.29
96319,2022-07-09,新北市,石門區,2,691,4.29
96706,2022-07-08,新北市,石門區,4,689,4.43
97097,2022-07-07,新北市,石門區,6,685,4.57
97488,2022-07-06,新北市,石門區,5,679,5.43
97877,2022-07-05,新北市,石門區,4,674,5.29
98266,2022-07-04,新北市,石門區,7,670,5.86
98655,2022-07-03,新北市,石門區,2,663,6.29
99040,2022-07-02,新北市,石門區,3,661,6.43
99428,2022-07-01,新北市,石門區,5,658,6.71
99820,2022-06-30,新北市,石門區,12,653,7.00
100211,2022-06-29,新北市,石門區,4,641,7.14
100601,2022-06-28,新北市,石門區,8,637,7.71
100992,2022-06-27,新北市,石門區,10,629,8.29
101381,2022-06-26,新北市,石門區,3,619,8.43
101766,2022-06-25,新北市,石門區,5,616,8.14
102156,2022-06-24,新北市,石門區,7,611,8.57
102547,2022-06-23,新北市,石門區,13,604,8.71
102939,2022-06-22,新北市,石門區,8,591,7.71
103329,2022-06-21,新北市,石門區,12,583,7.71
103720,2022-06-20,新北市,石門區,11,571,7.14
104111,2022-06-19,新北市,石門區,1,560,6.43
104501,2022-06-18,新北市,石門區,8,559,6.71
104892,2022-06-17,新北市,石門區,8,551,6.29
105283,2022-06-16,新北市,石門區,6,543,5.86
105673,2022-06-15,新北市,石門區,8,537,5.71
106063,2022-06-14,新北市,石門區,8,529,5.14
106454,2022-06-13,新北市,石門區,6,521,5.14
106845,2022-06-12,新北市,石門區,3,515,6.43
107232,2022-06-11,新北市,石門區,5,512,7.43
107623,2022-06-10,新北市,石門區,5,507,7.43
108012,2022-06-09,新北市,石門區,5,502,7.57
108403,2022-06-08,新北市,石門區,4,497,9.14
108791,2022-06-07,新北市,石門區,8,493,10.43
109183,2022-06-06,新北市,石門區,15,485,11.29
109574,2022-06-05,新北市,石門區,10,470,10.00
109963,2022-06-04,新北市,石門區,5,460,9.14
110352,2022-06-03,新北市,石門區,6,455,10.57
110744,2022-06-02,新北市,石門區,16,449,11.14
111134,2022-06-01,新北市,石門區,13,433,11.00
111525,2022-05-31,新北市,石門區,14,420,10.29
111917,2022-05-30,新北市,石門區,6,406,10.14
112307,2022-05-29,新北市,石門區,4,400,12.14
112698,2022-05-28,新北市,石門區,15,396,13.14
113088,2022-05-27,新北市,石門區,10,381,13.71
113479,2022-05-26,新北市,石門區,15,371,14.86
113870,2022-05-25,新北市,石門區,8,356,16.57
114260,2022-05-24,新北市,石門區,13,348,19.71
114651,2022-05-23,新北市,石門區,20,335,20.57
115042,2022-05-22,新北市,石門區,11,315,20.29
115433,2022-05-21,新北市,石門區,19,304,21.14
115820,2022-05-20,新北市,石門區,18,285,21.43
116206,2022-05-19,新北市,石門區,27,267,20.57
116595,2022-05-18,新北市,石門區,30,240,20.43
116985,2022-05-17,新北市,石門區,19,210,18.14
117375,2022-05-16,新北市,石門區,18,191,17.71
117763,2022-05-15,新北市,石門區,17,173,16.29
118149,2022-05-14,新北市,石門區,21,156,14.71
118532,2022-05-13,新北市,石門區,12,135,13.00
118919,2022-05-12,新北市,石門區,26,123,11.29
119303,2022-05-11,新北市,石門區,14,97,7.71
119688,2022-05-10,新北市,石門區,16,83,5.71
120073,2022-05-09,新北市,石門區,8,67,4.00
120452,2022-05-08,新北市,石門區,6,59,3.43
120837,2022-05-07,新北市,石門區,9,53,2.86
121593,2022-05-05,新北市,石門區,1,44,3.86
122326,2022-05-03,新北市,石門區,4,43,4.14
122684,2022-05-02,新北市,石門區,4,39,3.71
123034,2022-05-01,新北市,石門區,2,35,3.29
123369,2022-04-30,新北市,石門區,10,33,3.00
123700,2022-04-29,新北市,石門區,6,23,1.71
124016,2022-04-28,新北市,石門區,1,17,1.14
124330,2022-04-27,新北市,石門區,2,16,1.00
124625,2022-04-26,新北市,石門區,1,14,0.71
124914,2022-04-25,新北市,石門區,1,13,1.00
125430,2022-04-23,新北市,石門區,1,12,1.14
125678,2022-04-22,新北市,石門區,2,11,1.00
126361,2022-04-19,新北市,石門區,3,9,0.71
126556,2022-04-18,新北市,石門區,2,6,0.29
132182,2021-06-11,新北市,石門區,1,4,0.43
132323,2021-06-09,新北市,石門區,2,3,0.29
133590,2021-05-24,新北市,石門區,1,1,0.14
