UID,個案研判日,縣市別,區域,新增確診人數,累計確診人數,七天移動平均新增確診人數
154,2023-06-14,新北市,三芝區,1,7854,0.14
694,2023-03-20,新北市,三芝區,5,7853,6.29
985,2023-03-19,新北市,三芝區,1,7848,7.00
1314,2023-03-18,新北市,三芝區,6,7847,7.57
1653,2023-03-17,新北市,三芝區,4,7841,8.71
2006,2023-03-16,新北市,三芝區,9,7837,9.29
2358,2023-03-15,新北市,三芝區,8,7828,9.00
2709,2023-03-14,新北市,三芝區,11,7820,8.86
3067,2023-03-13,新北市,三芝區,10,7809,8.57
3425,2023-03-12,新北市,三芝區,5,7799,8.29
3771,2023-03-11,新北市,三芝區,14,7794,8.29
4123,2023-03-10,新北市,三芝區,8,7780,7.29
4479,2023-03-09,新北市,三芝區,7,7772,7.71
4838,2023-03-08,新北市,三芝區,7,7765,7.86
5191,2023-03-07,新北市,三芝區,9,7758,8.29
5551,2023-03-06,新北市,三芝區,8,7749,7.71
5915,2023-03-05,新北市,三芝區,5,7741,8.00
6254,2023-03-04,新北市,三芝區,7,7736,7.71
6607,2023-03-03,新北市,三芝區,11,7729,9.43
6966,2023-03-02,新北市,三芝區,8,7718,10.14
7330,2023-03-01,新北市,三芝區,10,7710,11.14
7701,2023-02-28,新北市,三芝區,5,7700,11.57
8064,2023-02-27,新北市,三芝區,10,7695,12.57
8423,2023-02-26,新北市,三芝區,3,7685,13.71
8767,2023-02-25,新北市,三芝區,19,7682,14.57
9137,2023-02-24,新北市,三芝區,16,7663,14.29
9498,2023-02-23,新北市,三芝區,15,7647,13.14
9869,2023-02-22,新北市,三芝區,13,7632,12.71
10243,2023-02-21,新北市,三芝區,12,7619,12.57
10613,2023-02-20,新北市,三芝區,18,7607,12.29
10992,2023-02-19,新北市,三芝區,9,7589,14.00
11351,2023-02-18,新北市,三芝區,17,7580,13.57
11717,2023-02-17,新北市,三芝區,8,7563,13.86
12090,2023-02-16,新北市,三芝區,12,7555,15.57
12465,2023-02-15,新北市,三芝區,12,7543,15.86
12838,2023-02-14,新北市,三芝區,10,7531,16.14
13210,2023-02-13,新北市,三芝區,30,7521,18.43
13588,2023-02-12,新北市,三芝區,6,7491,17.43
13946,2023-02-11,新北市,三芝區,19,7485,19.14
14318,2023-02-10,新北市,三芝區,20,7466,19.57
14691,2023-02-09,新北市,三芝區,14,7446,19.71
15068,2023-02-08,新北市,三芝區,14,7432,21.43
15447,2023-02-07,新北市,三芝區,26,7418,25.71
15826,2023-02-06,新北市,三芝區,23,7392,26.43
16207,2023-02-05,新北市,三芝區,18,7369,27.43
16576,2023-02-04,新北市,三芝區,22,7351,27.29
16955,2023-02-03,新北市,三芝區,21,7329,27.86
17341,2023-02-02,新北市,三芝區,26,7308,28.00
17724,2023-02-01,新北市,三芝區,44,7282,28.14
18101,2023-01-31,新北市,三芝區,31,7238,23.57
18486,2023-01-30,新北市,三芝區,30,7207,21.86
18875,2023-01-29,新北市,三芝區,17,7177,20.57
19251,2023-01-28,新北市,三芝區,26,7160,20.00
19630,2023-01-27,新北市,三芝區,22,7134,18.86
20008,2023-01-26,新北市,三芝區,27,7112,20.14
20385,2023-01-25,新北市,三芝區,12,7085,20.43
20750,2023-01-24,新北市,三芝區,19,7073,21.57
21125,2023-01-23,新北市,三芝區,21,7054,24.71
21492,2023-01-22,新北市,三芝區,13,7033,23.00
21856,2023-01-21,新北市,三芝區,18,7020,22.00
22228,2023-01-20,新北市,三芝區,31,7002,22.43
22595,2023-01-19,新北市,三芝區,29,6971,21.57
22966,2023-01-18,新北市,三芝區,20,6942,19.57
23337,2023-01-17,新北市,三芝區,41,6922,19.14
23702,2023-01-16,新北市,三芝區,9,6881,15.43
24078,2023-01-15,新北市,三芝區,6,6872,18.14
24444,2023-01-14,新北市,三芝區,21,6866,18.00
24813,2023-01-13,新北市,三芝區,25,6845,17.86
25181,2023-01-12,新北市,三芝區,15,6820,16.00
25556,2023-01-11,新北市,三芝區,17,6805,17.29
25932,2023-01-10,新北市,三芝區,15,6788,19.00
26304,2023-01-09,新北市,三芝區,28,6773,21.86
26682,2023-01-08,新北市,三芝區,5,6745,20.86
27039,2023-01-07,新北市,三芝區,20,6740,21.43
27411,2023-01-06,新北市,三芝區,12,6720,22.43
27787,2023-01-05,新北市,三芝區,24,6708,22.86
28167,2023-01-04,新北市,三芝區,29,6684,21.57
28548,2023-01-03,新北市,三芝區,35,6655,19.57
28929,2023-01-02,新北市,三芝區,21,6620,17.29
29301,2023-01-01,新北市,三芝區,9,6599,17.00
29663,2022-12-31,新北市,三芝區,27,6590,16.43
30029,2022-12-30,新北市,三芝區,15,6563,15.43
30401,2022-12-29,新北市,三芝區,15,6548,14.71
30773,2022-12-28,新北市,三芝區,15,6533,15.71
31144,2022-12-27,新北市,三芝區,19,6518,16.71
31521,2022-12-26,新北市,三芝區,19,6499,16.00
31893,2022-12-25,新北市,三芝區,5,6480,14.57
32247,2022-12-24,新北市,三芝區,20,6475,14.14
32607,2022-12-23,新北市,三芝區,10,6455,12.71
32971,2022-12-22,新北市,三芝區,22,6445,13.14
33338,2022-12-21,新北市,三芝區,22,6423,12.14
33708,2022-12-20,新北市,三芝區,14,6401,9.86
34071,2022-12-19,新北市,三芝區,9,6387,9.86
34442,2022-12-18,新北市,三芝區,2,6378,12.43
34790,2022-12-17,新北市,三芝區,10,6376,13.14
35150,2022-12-16,新北市,三芝區,13,6366,13.29
35515,2022-12-15,新北市,三芝區,15,6353,14.57
35886,2022-12-14,新北市,三芝區,6,6338,14.00
36245,2022-12-13,新北市,三芝區,14,6332,14.00
36619,2022-12-12,新北市,三芝區,27,6318,12.71
36990,2022-12-11,新北市,三芝區,7,6291,10.14
37342,2022-12-10,新北市,三芝區,11,6284,9.86
37711,2022-12-09,新北市,三芝區,22,6273,10.29
38076,2022-12-08,新北市,三芝區,11,6251,8.71
38449,2022-12-07,新北市,三芝區,6,6240,9.00
38820,2022-12-06,新北市,三芝區,5,6234,9.86
39192,2022-12-05,新北市,三芝區,9,6229,10.43
39570,2022-12-04,新北市,三芝區,5,6220,11.14
39935,2022-12-03,新北市,三芝區,14,6215,11.57
40305,2022-12-02,新北市,三芝區,11,6201,11.29
40674,2022-12-01,新北市,三芝區,13,6190,11.43
41044,2022-11-30,新北市,三芝區,12,6177,11.57
41415,2022-11-29,新北市,三芝區,9,6165,11.57
41795,2022-11-28,新北市,三芝區,14,6156,12.14
42172,2022-11-27,新北市,三芝區,8,6142,12.29
42533,2022-11-26,新北市,三芝區,12,6134,11.29
42889,2022-11-25,新北市,三芝區,12,6122,11.57
43261,2022-11-24,新北市,三芝區,14,6110,13.00
43631,2022-11-23,新北市,三芝區,12,6096,12.43
44002,2022-11-22,新北市,三芝區,13,6084,13.57
44376,2022-11-21,新北市,三芝區,15,6071,14.43
44758,2022-11-20,新北市,三芝區,1,6056,14.00
45122,2022-11-19,新北市,三芝區,14,6055,15.00
45496,2022-11-18,新北市,三芝區,22,6041,14.86
45868,2022-11-17,新北市,三芝區,10,6019,12.86
46241,2022-11-16,新北市,三芝區,20,6009,13.43
46621,2022-11-15,新北市,三芝區,19,5989,12.57
47002,2022-11-14,新北市,三芝區,12,5970,12.00
47383,2022-11-13,新北市,三芝區,8,5958,14.43
47753,2022-11-12,新北市,三芝區,13,5950,14.43
48129,2022-11-11,新北市,三芝區,8,5937,14.43
48509,2022-11-10,新北市,三芝區,14,5929,16.43
48891,2022-11-09,新北市,三芝區,14,5915,16.43
49275,2022-11-08,新北市,三芝區,15,5901,17.43
49660,2022-11-07,新北市,三芝區,29,5886,17.71
50045,2022-11-06,新北市,三芝區,8,5857,17.14
50414,2022-11-05,新北市,三芝區,13,5849,17.29
50789,2022-11-04,新北市,三芝區,22,5836,17.43
51175,2022-11-03,新北市,三芝區,14,5814,16.29
51555,2022-11-02,新北市,三芝區,21,5800,17.14
51941,2022-11-01,新北市,三芝區,17,5779,16.14
52326,2022-10-31,新北市,三芝區,25,5762,16.86
52709,2022-10-30,新北市,三芝區,9,5737,17.43
53088,2022-10-29,新北市,三芝區,14,5728,17.29
53467,2022-10-28,新北市,三芝區,14,5714,18.43
53854,2022-10-27,新北市,三芝區,20,5700,19.14
54241,2022-10-26,新北市,三芝區,14,5680,18.57
54625,2022-10-25,新北市,三芝區,22,5666,20.00
55014,2022-10-24,新北市,三芝區,29,5644,22.29
55404,2022-10-23,新北市,三芝區,8,5615,25.43
55781,2022-10-22,新北市,三芝區,22,5607,27.00
56166,2022-10-21,新北市,三芝區,19,5585,28.86
56556,2022-10-20,新北市,三芝區,16,5566,32.00
56941,2022-10-19,新北市,三芝區,24,5550,36.71
57328,2022-10-18,新北市,三芝區,38,5526,40.43
57718,2022-10-17,新北市,三芝區,51,5488,45.29
58108,2022-10-16,新北市,三芝區,19,5437,42.57
58492,2022-10-15,新北市,三芝區,35,5418,41.71
58877,2022-10-14,新北市,三芝區,41,5383,41.57
59267,2022-10-13,新北市,三芝區,49,5342,40.57
59658,2022-10-12,新北市,三芝區,50,5293,38.00
60047,2022-10-11,新北市,三芝區,72,5243,36.43
60439,2022-10-10,新北市,三芝區,32,5171,33.00
60823,2022-10-09,新北市,三芝區,13,5139,36.00
61210,2022-10-08,新北市,三芝區,34,5126,37.71
61599,2022-10-07,新北市,三芝區,34,5092,39.43
61986,2022-10-06,新北市,三芝區,31,5058,39.43
62377,2022-10-05,新北市,三芝區,39,5027,40.71
62764,2022-10-04,新北市,三芝區,48,4988,40.00
63152,2022-10-03,新北市,三芝區,53,4940,41.29
63543,2022-10-02,新北市,三芝區,25,4887,40.14
63925,2022-10-01,新北市,三芝區,46,4862,37.86
64311,2022-09-30,新北市,三芝區,34,4816,35.29
64695,2022-09-29,新北市,三芝區,40,4782,35.57
65083,2022-09-28,新北市,三芝區,34,4742,36.86
65471,2022-09-27,新北市,三芝區,57,4708,38.71
65858,2022-09-26,新北市,三芝區,45,4651,35.86
66247,2022-09-25,新北市,三芝區,9,4606,35.86
66630,2022-09-24,新北市,三芝區,28,4597,36.14
67013,2022-09-23,新北市,三芝區,36,4569,36.57
67402,2022-09-22,新北市,三芝區,49,4533,35.71
67789,2022-09-21,新北市,三芝區,47,4484,34.00
68178,2022-09-20,新北市,三芝區,37,4437,31.71
68568,2022-09-19,新北市,三芝區,45,4400,33.14
68959,2022-09-18,新北市,三芝區,11,4355,33.00
69341,2022-09-17,新北市,三芝區,31,4344,32.86
69729,2022-09-16,新北市,三芝區,30,4313,31.57
70114,2022-09-15,新北市,三芝區,37,4283,30.43
70501,2022-09-14,新北市,三芝區,31,4246,29.86
70886,2022-09-13,新北市,三芝區,47,4215,30.43
71275,2022-09-12,新北市,三芝區,44,4168,28.29
71665,2022-09-11,新北市,三芝區,10,4124,28.00
72047,2022-09-10,新北市,三芝區,22,4114,28.43
72429,2022-09-09,新北市,三芝區,22,4092,30.43
72811,2022-09-08,新北市,三芝區,33,4070,31.14
73198,2022-09-07,新北市,三芝區,35,4037,29.29
73582,2022-09-06,新北市,三芝區,32,4002,27.57
73968,2022-09-05,新北市,三芝區,42,3970,26.00
74355,2022-09-04,新北市,三芝區,13,3928,22.71
74737,2022-09-03,新北市,三芝區,36,3915,21.71
75124,2022-09-02,新北市,三芝區,27,3879,19.14
75510,2022-09-01,新北市,三芝區,20,3852,19.43
75899,2022-08-31,新北市,三芝區,23,3832,19.00
76286,2022-08-30,新北市,三芝區,21,3809,18.29
76674,2022-08-29,新北市,三芝區,19,3788,18.71
77064,2022-08-28,新北市,三芝區,6,3769,19.71
77445,2022-08-27,新北市,三芝區,18,3763,19.71
77832,2022-08-26,新北市,三芝區,29,3745,20.71
78217,2022-08-25,新北市,三芝區,17,3716,19.29
78603,2022-08-24,新北市,三芝區,18,3699,18.71
78990,2022-08-23,新北市,三芝區,24,3681,19.00
79373,2022-08-22,新北市,三芝區,26,3657,19.29
79763,2022-08-21,新北市,三芝區,6,3631,18.00
80138,2022-08-20,新北市,三芝區,25,3625,18.71
80523,2022-08-19,新北市,三芝區,19,3600,17.43
80907,2022-08-18,新北市,三芝區,13,3581,17.86
81296,2022-08-17,新北市,三芝區,20,3568,19.29
81681,2022-08-16,新北市,三芝區,26,3548,18.00
82068,2022-08-15,新北市,三芝區,17,3522,18.29
82455,2022-08-14,新北市,三芝區,11,3505,18.57
82832,2022-08-13,新北市,三芝區,16,3494,19.43
83211,2022-08-12,新北市,三芝區,22,3478,20.57
83597,2022-08-11,新北市,三芝區,23,3456,19.43
83983,2022-08-10,新北市,三芝區,11,3433,19.14
84369,2022-08-09,新北市,三芝區,28,3422,20.29
84751,2022-08-08,新北市,三芝區,19,3394,20.43
85136,2022-08-07,新北市,三芝區,17,3375,20.00
85509,2022-08-06,新北市,三芝區,24,3358,19.71
85888,2022-08-05,新北市,三芝區,14,3334,20.29
86275,2022-08-04,新北市,三芝區,21,3320,21.71
86660,2022-08-03,新北市,三芝區,19,3299,21.57
87043,2022-08-02,新北市,三芝區,29,3280,22.57
87428,2022-08-01,新北市,三芝區,16,3251,21.86
87816,2022-07-31,新北市,三芝區,15,3235,22.14
88192,2022-07-30,新北市,三芝區,28,3220,21.71
88571,2022-07-29,新北市,三芝區,24,3192,20.86
88955,2022-07-28,新北市,三芝區,20,3168,21.00
89341,2022-07-27,新北市,三芝區,26,3148,20.71
89732,2022-07-26,新北市,三芝區,24,3122,20.71
90119,2022-07-25,新北市,三芝區,18,3098,22.14
90503,2022-07-24,新北市,三芝區,12,3080,23.14
90880,2022-07-23,新北市,三芝區,22,3068,23.14
91265,2022-07-22,新北市,三芝區,25,3046,25.29
91651,2022-07-21,新北市,三芝區,18,3021,25.43
92035,2022-07-20,新北市,三芝區,26,3003,26.29
92422,2022-07-19,新北市,三芝區,34,2977,25.71
92810,2022-07-18,新北市,三芝區,25,2943,23.71
93199,2022-07-17,新北市,三芝區,12,2918,24.71
93577,2022-07-16,新北市,三芝區,37,2906,24.43
93964,2022-07-15,新北市,三芝區,26,2869,22.29
94351,2022-07-14,新北市,三芝區,24,2843,21.86
94739,2022-07-13,新北市,三芝區,22,2819,22.43
95128,2022-07-12,新北市,三芝區,20,2797,22.29
95516,2022-07-11,新北市,三芝區,32,2777,22.86
95904,2022-07-10,新北市,三芝區,10,2745,22.43
96287,2022-07-09,新北市,三芝區,22,2735,22.71
96674,2022-07-08,新北市,三芝區,23,2713,24.14
97065,2022-07-07,新北市,三芝區,28,2690,23.29
97456,2022-07-06,新北市,三芝區,21,2662,24.14
97845,2022-07-05,新北市,三芝區,24,2641,25.43
98234,2022-07-04,新北市,三芝區,29,2617,26.14
98623,2022-07-03,新北市,三芝區,12,2588,26.14
99008,2022-07-02,新北市,三芝區,32,2576,25.71
99396,2022-07-01,新北市,三芝區,17,2544,23.86
99788,2022-06-30,新北市,三芝區,34,2527,24.86
100179,2022-06-29,新北市,三芝區,30,2493,23.86
100569,2022-06-28,新北市,三芝區,29,2463,24.43
100960,2022-06-27,新北市,三芝區,29,2434,24.29
101349,2022-06-26,新北市,三芝區,9,2405,24.14
101734,2022-06-25,新北市,三芝區,19,2396,25.43
102124,2022-06-24,新北市,三芝區,24,2377,25.57
102515,2022-06-23,新北市,三芝區,27,2353,26.57
102907,2022-06-22,新北市,三芝區,34,2326,26.14
103297,2022-06-21,新北市,三芝區,28,2292,25.43
103688,2022-06-20,新北市,三芝區,28,2264,28.43
104079,2022-06-19,新北市,三芝區,18,2236,31.57
104469,2022-06-18,新北市,三芝區,20,2218,32.00
104860,2022-06-17,新北市,三芝區,31,2198,34.57
105251,2022-06-16,新北市,三芝區,24,2167,33.00
105641,2022-06-15,新北市,三芝區,29,2143,34.57
106031,2022-06-14,新北市,三芝區,49,2114,34.43
106422,2022-06-13,新北市,三芝區,50,2065,32.14
106813,2022-06-12,新北市,三芝區,21,2015,34.00
107200,2022-06-11,新北市,三芝區,38,1994,33.29
107591,2022-06-10,新北市,三芝區,20,1956,32.86
107980,2022-06-09,新北市,三芝區,35,1936,34.86
108371,2022-06-08,新北市,三芝區,28,1901,37.57
108759,2022-06-07,新北市,三芝區,33,1873,39.43
109151,2022-06-06,新北市,三芝區,63,1840,43.29
109542,2022-06-05,新北市,三芝區,16,1777,44.71
109931,2022-06-04,新北市,三芝區,35,1761,45.43
110320,2022-06-03,新北市,三芝區,34,1726,47.14
110712,2022-06-02,新北市,三芝區,54,1692,48.14
111102,2022-06-01,新北市,三芝區,41,1638,49.14
111493,2022-05-31,新北市,三芝區,60,1597,54.29
111885,2022-05-30,新北市,三芝區,73,1537,57.86
112275,2022-05-29,新北市,三芝區,21,1464,56.00
112666,2022-05-28,新北市,三芝區,47,1443,60.00
113056,2022-05-27,新北市,三芝區,41,1396,61.29
113447,2022-05-26,新北市,三芝區,61,1355,63.29
113838,2022-05-25,新北市,三芝區,77,1294,62.14
114228,2022-05-24,新北市,三芝區,85,1217,59.86
114619,2022-05-23,新北市,三芝區,60,1132,56.43
115010,2022-05-22,新北市,三芝區,49,1072,56.00
115401,2022-05-21,新北市,三芝區,56,1023,55.14
115788,2022-05-20,新北市,三芝區,55,967,54.71
116174,2022-05-19,新北市,三芝區,53,912,52.71
116563,2022-05-18,新北市,三芝區,61,859,54.71
116953,2022-05-17,新北市,三芝區,61,798,53.57
117343,2022-05-16,新北市,三芝區,57,737,52.86
117731,2022-05-15,新北市,三芝區,43,680,52.29
118117,2022-05-14,新北市,三芝區,53,637,49.29
118500,2022-05-13,新北市,三芝區,41,584,45.00
118887,2022-05-12,新北市,三芝區,67,543,45.43
119271,2022-05-11,新北市,三芝區,53,476,40.71
119656,2022-05-10,新北市,三芝區,56,423,37.71
120041,2022-05-09,新北市,三芝區,53,367,35.29
120420,2022-05-08,新北市,三芝區,22,314,30.57
120805,2022-05-07,新北市,三芝區,23,292,29.57
121183,2022-05-06,新北市,三芝區,44,269,28.57
121561,2022-05-05,新北市,三芝區,34,225,24.57
121933,2022-05-04,新北市,三芝區,32,191,21.00
122294,2022-05-03,新北市,三芝區,39,159,16.86
122653,2022-05-02,新北市,三芝區,20,120,11.86
123003,2022-05-01,新北市,三芝區,15,100,10.57
123340,2022-04-30,新北市,三芝區,16,85,9.00
123669,2022-04-29,新北市,三芝區,16,69,6.71
123987,2022-04-28,新北市,三芝區,9,53,4.86
124303,2022-04-27,新北市,三芝區,3,44,3.71
124599,2022-04-26,新北市,三芝區,4,41,3.43
124887,2022-04-25,新北市,三芝區,11,37,2.86
125164,2022-04-24,新北市,三芝區,4,26,1.57
125654,2022-04-22,新北市,三芝區,3,22,1.29
125900,2022-04-21,新北市,三芝區,1,19,0.86
126130,2022-04-20,新北市,三芝區,1,18,0.71
126539,2022-04-18,新北市,三芝區,2,17,0.86
126716,2022-04-17,新北市,三芝區,2,15,1.00
127370,2022-04-13,新北市,三芝區,2,13,0.86
127666,2022-04-11,新北市,三芝區,3,11,0.57
127800,2022-04-10,新北市,三芝區,1,8,0.14
131840,2021-06-17,新北市,三芝區,1,7,0.57
132112,2021-06-12,新北市,三芝區,3,6,0.71
132252,2021-06-10,新北市,三芝區,1,3,0.29
132505,2021-06-06,新北市,三芝區,1,2,0.14
133835,2021-05-21,新北市,三芝區,1,1,0.14
