UID,個案研判日,縣市別,區域,新增確診人數,累計確診人數,七天移動平均新增確診人數
1416,2023-03-18,新北市,烏來區,2,1548,1.43
1761,2023-03-17,新北市,烏來區,3,1546,1.29
2466,2023-03-15,新北市,烏來區,2,1543,0.86
2816,2023-03-14,新北市,烏來區,2,1541,0.57
3174,2023-03-13,新北市,烏來區,1,1539,0.29
3880,2023-03-11,新北市,烏來區,1,1538,0.29
6019,2023-03-05,新北市,烏來區,1,1537,0.43
6714,2023-03-03,新北市,烏來區,1,1536,0.71
7075,2023-03-02,新北市,烏來區,1,1535,1.00
8879,2023-02-25,新北市,烏來區,3,1534,1.43
9247,2023-02-24,新北市,烏來區,3,1531,1.29
9610,2023-02-23,新北市,烏來區,1,1528,0.86
9980,2023-02-22,新北市,烏來區,1,1527,0.86
10725,2023-02-20,新北市,烏來區,2,1526,0.86
11462,2023-02-18,新北市,烏來區,2,1524,0.86
12202,2023-02-16,新北市,烏來區,1,1522,1.00
12950,2023-02-14,新北市,烏來區,1,1521,1.29
13699,2023-02-12,新北市,烏來區,2,1520,1.71
14058,2023-02-11,新北市,烏來區,2,1518,1.43
14427,2023-02-10,新北市,烏來區,1,1516,1.43
14802,2023-02-09,新北市,烏來區,2,1515,1.29
15181,2023-02-08,新北市,烏來區,1,1513,1.14
15938,2023-02-06,新北市,烏來區,4,1512,1.43
16688,2023-02-04,新北市,烏來區,2,1508,1.57
17453,2023-02-02,新北市,烏來區,1,1506,1.86
18214,2023-01-31,新北市,烏來區,3,1505,2.14
18599,2023-01-30,新北市,烏來區,4,1502,1.71
18985,2023-01-29,新北市,烏來區,1,1498,1.14
19363,2023-01-28,新北市,烏來區,3,1497,1.29
19739,2023-01-27,新北市,烏來區,1,1494,1.00
20120,2023-01-26,新北市,烏來區,2,1493,1.14
20492,2023-01-25,新北市,烏來區,1,1491,1.43
21602,2023-01-22,新北市,烏來區,2,1490,1.86
21968,2023-01-21,新北市,烏來區,1,1488,1.86
22341,2023-01-20,新北市,烏來區,2,1487,1.71
22706,2023-01-19,新北市,烏來區,4,1485,1.43
23079,2023-01-18,新北市,烏來區,3,1481,1.00
23812,2023-01-16,新北市,烏來區,1,1478,1.00
24190,2023-01-15,新北市,烏來區,2,1477,1.14
25291,2023-01-12,新北市,烏來區,1,1475,1.43
25665,2023-01-11,新北市,烏來區,2,1474,1.57
26041,2023-01-10,新北市,烏來區,1,1472,1.71
26414,2023-01-09,新北市,烏來區,2,1471,2.00
26788,2023-01-08,新北市,烏來區,1,1469,1.86
27149,2023-01-07,新北市,烏來區,1,1468,2.00
27522,2023-01-06,新北市,烏來區,2,1467,2.00
27899,2023-01-05,新北市,烏來區,2,1465,3.00
28277,2023-01-04,新北市,烏來區,3,1463,4.00
28659,2023-01-03,新北市,烏來區,3,1460,4.14
29039,2023-01-02,新北市,烏來區,1,1457,4.57
29413,2023-01-01,新北市,烏來區,2,1456,5.29
29773,2022-12-31,新北市,烏來區,1,1454,5.29
30139,2022-12-30,新北市,烏來區,9,1453,5.43
30513,2022-12-29,新北市,烏來區,9,1444,4.71
30885,2022-12-28,新北市,烏來區,4,1435,4.14
31254,2022-12-27,新北市,烏來區,6,1431,3.86
31629,2022-12-26,新北市,烏來區,6,1425,3.57
31998,2022-12-25,新北市,烏來區,2,1419,3.57
32356,2022-12-24,新北市,烏來區,2,1417,3.29
32715,2022-12-23,新北市,烏來區,4,1415,3.43
33082,2022-12-22,新北市,烏來區,5,1411,3.86
33447,2022-12-21,新北市,烏來區,2,1406,3.71
33815,2022-12-20,新北市,烏來區,4,1404,3.71
34180,2022-12-19,新北市,烏來區,6,1400,4.43
34899,2022-12-17,新北市,烏來區,3,1394,4.86
35260,2022-12-16,新北市,烏來區,7,1391,4.71
35623,2022-12-15,新北市,烏來區,4,1384,4.14
35993,2022-12-14,新北市,烏來區,2,1380,3.86
36353,2022-12-13,新北市,烏來區,9,1378,4.00
36731,2022-12-12,新北市,烏來區,8,1369,2.71
37095,2022-12-11,新北市,烏來區,1,1361,1.71
37453,2022-12-10,新北市,烏來區,2,1360,1.57
37820,2022-12-09,新北市,烏來區,3,1358,1.43
38187,2022-12-08,新北市,烏來區,2,1355,1.00
38560,2022-12-07,新北市,烏來區,3,1353,0.71
39303,2022-12-05,新北市,烏來區,1,1350,0.57
40046,2022-12-03,新北市,烏來區,1,1349,0.57
41154,2022-11-30,新北市,烏來區,1,1348,0.86
41527,2022-11-29,新北市,烏來區,1,1347,0.71
42284,2022-11-27,新北市,烏來區,1,1346,0.71
42639,2022-11-26,新北市,烏來區,1,1345,0.71
43001,2022-11-25,新北市,烏來區,1,1344,0.71
43370,2022-11-24,新北市,烏來區,1,1343,1.14
44489,2022-11-21,新北市,烏來區,1,1342,1.14
44868,2022-11-20,新北市,烏來區,1,1341,1.57
45235,2022-11-19,新北市,烏來區,1,1340,1.43
45606,2022-11-18,新北市,烏來區,4,1339,1.57
46353,2022-11-16,新北市,烏來區,1,1335,1.29
47113,2022-11-14,新北市,烏來區,4,1334,2.00
47863,2022-11-12,新北市,烏來區,2,1330,2.14
48241,2022-11-11,新北市,烏來區,2,1328,1.86
49003,2022-11-09,新北市,烏來區,3,1326,1.86
49389,2022-11-08,新北市,烏來區,3,1323,1.71
49774,2022-11-07,新北市,烏來區,4,1320,1.43
50154,2022-11-06,新北市,烏來區,1,1316,1.29
50903,2022-11-04,新北市,烏來區,1,1315,1.29
51288,2022-11-03,新北市,烏來區,1,1314,1.43
51667,2022-11-02,新北市,烏來區,2,1313,2.00
52055,2022-11-01,新北市,烏來區,1,1311,2.14
52438,2022-10-31,新北市,烏來區,3,1310,2.14
52822,2022-10-30,新北市,烏來區,1,1307,2.14
53581,2022-10-28,新北市,烏來區,2,1306,2.57
53968,2022-10-27,新北市,烏來區,5,1304,2.43
54351,2022-10-26,新北市,烏來區,3,1299,2.00
54737,2022-10-25,新北市,烏來區,1,1296,1.71
55128,2022-10-24,新北市,烏來區,3,1295,2.29
55516,2022-10-23,新北市,烏來區,2,1292,2.71
55894,2022-10-22,新北市,烏來區,2,1290,2.86
56280,2022-10-21,新北市,烏來區,1,1288,2.71
56669,2022-10-20,新北市,烏來區,2,1287,2.86
57054,2022-10-19,新北市,烏來區,1,1285,2.71
57441,2022-10-18,新北市,烏來區,5,1284,3.57
57831,2022-10-17,新北市,烏來區,6,1279,3.43
58220,2022-10-16,新北市,烏來區,3,1273,3.00
58605,2022-10-15,新北市,烏來區,1,1270,2.86
58991,2022-10-14,新北市,烏來區,2,1269,3.29
59380,2022-10-13,新北市,烏來區,1,1267,3.43
59771,2022-10-12,新北市,烏來區,7,1266,3.57
60161,2022-10-11,新北市,烏來區,4,1259,2.86
60551,2022-10-10,新北市,烏來區,3,1255,2.71
60935,2022-10-09,新北市,烏來區,2,1252,2.86
61323,2022-10-08,新北市,烏來區,4,1250,2.86
61712,2022-10-07,新北市,烏來區,3,1246,2.43
62099,2022-10-06,新北市,烏來區,2,1243,2.00
62490,2022-10-05,新北市,烏來區,2,1241,2.57
62878,2022-10-04,新北市,烏來區,3,1239,2.71
63266,2022-10-03,新北市,烏來區,4,1236,3.14
63657,2022-10-02,新北市,烏來區,2,1232,2.86
64037,2022-10-01,新北市,烏來區,1,1230,3.14
64809,2022-09-29,新北市,烏來區,6,1229,3.86
65197,2022-09-28,新北市,烏來區,3,1223,3.57
65584,2022-09-27,新北市,烏來區,6,1220,3.71
65971,2022-09-26,新北市,烏來區,2,1214,3.86
66358,2022-09-25,新北市,烏來區,4,1212,4.86
67127,2022-09-23,新北市,烏來區,6,1208,4.86
67515,2022-09-22,新北市,烏來區,4,1202,5.14
67903,2022-09-21,新北市,烏來區,4,1198,5.71
68292,2022-09-20,新北市,烏來區,7,1194,6.86
68682,2022-09-19,新北市,烏來區,9,1187,7.57
69072,2022-09-18,新北市,烏來區,2,1178,7.29
69455,2022-09-17,新北市,烏來區,2,1176,7.00
69842,2022-09-16,新北市,烏來區,8,1174,6.71
70227,2022-09-15,新北市,烏來區,8,1166,5.86
70614,2022-09-14,新北市,烏來區,12,1158,5.00
71000,2022-09-13,新北市,烏來區,12,1146,3.71
71389,2022-09-12,新北市,烏來區,7,1134,2.43
72542,2022-09-09,新北市,烏來區,2,1127,3.14
72924,2022-09-08,新北市,烏來區,2,1125,3.00
73311,2022-09-07,新北市,烏來區,3,1123,3.29
73695,2022-09-06,新北市,烏來區,3,1120,3.71
74081,2022-09-05,新北市,烏來區,6,1117,4.00
74466,2022-09-04,新北市,烏來區,1,1111,5.57
74849,2022-09-03,新北市,烏來區,5,1110,6.14
75237,2022-09-02,新北市,烏來區,1,1105,5.71
75623,2022-09-01,新北市,烏來區,4,1104,6.57
76012,2022-08-31,新北市,烏來區,6,1100,7.29
76399,2022-08-30,新北市,烏來區,5,1094,7.57
76787,2022-08-29,新北市,烏來區,17,1089,7.14
77175,2022-08-28,新北市,烏來區,5,1072,6.57
77559,2022-08-27,新北市,烏來區,2,1067,6.43
77945,2022-08-26,新北市,烏來區,7,1065,6.57
78329,2022-08-25,新北市,烏來區,9,1058,6.14
78715,2022-08-24,新北市,烏來區,8,1049,5.86
79102,2022-08-23,新北市,烏來區,2,1041,5.43
79486,2022-08-22,新北市,烏來區,13,1039,6.43
79873,2022-08-21,新北市,烏來區,4,1026,6.00
80251,2022-08-20,新北市,烏來區,3,1022,6.14
80635,2022-08-19,新北市,烏來區,4,1019,7.00
81020,2022-08-18,新北市,烏來區,7,1015,7.29
81409,2022-08-17,新北市,烏來區,5,1008,6.29
81794,2022-08-16,新北市,烏來區,9,1003,5.86
82181,2022-08-15,新北市,烏來區,10,994,5.00
82566,2022-08-14,新北市,烏來區,5,984,5.14
82942,2022-08-13,新北市,烏來區,9,979,4.43
83323,2022-08-12,新北市,烏來區,6,970,3.43
84095,2022-08-10,新北市,烏來區,2,964,3.86
84480,2022-08-09,新北市,烏來區,3,962,3.86
84863,2022-08-08,新北市,烏來區,11,959,3.43
85619,2022-08-06,新北市,烏來區,2,948,2.57
86001,2022-08-05,新北市,烏來區,5,946,2.57
86387,2022-08-04,新北市,烏來區,4,941,2.29
86772,2022-08-03,新北市,烏來區,2,937,2.29
87541,2022-08-01,新北市,烏來區,5,935,4.14
88303,2022-07-30,新北市,烏來區,2,930,5.29
88682,2022-07-29,新北市,烏來區,3,928,5.29
89068,2022-07-28,新北市,烏來區,4,925,5.71
89455,2022-07-27,新北市,烏來區,8,921,6.00
89845,2022-07-26,新北市,烏來區,7,913,6.43
90232,2022-07-25,新北市,烏來區,9,906,6.14
90613,2022-07-24,新北市,烏來區,4,897,6.71
90993,2022-07-23,新北市,烏來區,2,893,6.29
91378,2022-07-22,新北市,烏來區,6,891,6.00
91764,2022-07-21,新北市,烏來區,6,885,6.14
92148,2022-07-20,新北市,烏來區,11,879,6.86
92535,2022-07-19,新北市,烏來區,5,868,6.57
92924,2022-07-18,新北市,烏來區,13,863,7.29
93310,2022-07-17,新北市,烏來區,1,850,6.00
94077,2022-07-15,新北市,烏來區,7,849,6.14
94464,2022-07-14,新北市,烏來區,11,842,5.86
94853,2022-07-13,新北市,烏來區,9,831,4.86
95241,2022-07-12,新北市,烏來區,10,822,4.57
95629,2022-07-11,新北市,烏來區,4,812,4.43
96016,2022-07-10,新北市,烏來區,1,808,5.43
96401,2022-07-09,新北市,烏來區,1,807,5.71
96788,2022-07-08,新北市,烏來區,5,806,6.00
97179,2022-07-07,新北市,烏來區,4,801,5.57
97570,2022-07-06,新北市,烏來區,7,797,6.14
97958,2022-07-05,新北市,烏來區,9,790,6.00
98348,2022-07-04,新北市,烏來區,11,781,5.29
98737,2022-07-03,新北市,烏來區,3,770,4.43
99120,2022-07-02,新北市,烏來區,3,767,4.29
99510,2022-07-01,新北市,烏來區,2,764,4.29
99902,2022-06-30,新北市,烏來區,8,762,4.86
100293,2022-06-29,新北市,烏來區,6,754,5.00
100683,2022-06-28,新北市,烏來區,4,748,6.00
101074,2022-06-27,新北市,烏來區,5,744,6.57
101461,2022-06-26,新北市,烏來區,2,739,7.29
101848,2022-06-25,新北市,烏來區,3,737,7.00
102237,2022-06-24,新北市,烏來區,6,734,7.14
102628,2022-06-23,新北市,烏來區,9,728,7.57
103021,2022-06-22,新北市,烏來區,13,719,7.29
103410,2022-06-21,新北市,烏來區,8,706,6.43
103802,2022-06-20,新北市,烏來區,10,698,6.00
104583,2022-06-18,新北市,烏來區,4,688,6.14
104974,2022-06-17,新北市,烏來區,9,684,7.00
105364,2022-06-16,新北市,烏來區,7,675,6.14
105754,2022-06-15,新北市,烏來區,7,668,6.14
106144,2022-06-14,新北市,烏來區,5,661,6.00
106536,2022-06-13,新北市,烏來區,10,656,6.14
106926,2022-06-12,新北市,烏來區,1,646,7.86
107313,2022-06-11,新北市,烏來區,10,645,8.14
107705,2022-06-10,新北市,烏來區,3,635,7.14
108094,2022-06-09,新北市,烏來區,7,632,7.43
108483,2022-06-08,新北市,烏來區,6,625,8.29
108873,2022-06-07,新北市,烏來區,6,619,8.14
109265,2022-06-06,新北市,烏來區,22,613,9.71
109655,2022-06-05,新北市,烏來區,3,591,10.14
110044,2022-06-04,新北市,烏來區,3,588,10.57
110434,2022-06-03,新北市,烏來區,5,585,11.57
110825,2022-06-02,新北市,烏來區,13,580,13.43
111215,2022-06-01,新北市,烏來區,5,567,17.00
111607,2022-05-31,新北市,烏來區,17,562,19.29
111998,2022-05-30,新北市,烏來區,25,545,18.43
112389,2022-05-29,新北市,烏來區,6,520,19.57
112780,2022-05-28,新北市,烏來區,10,514,21.14
113170,2022-05-27,新北市,烏來區,18,504,21.86
113560,2022-05-26,新北市,烏來區,38,486,25.00
113951,2022-05-25,新北市,烏來區,21,448,22.86
114341,2022-05-24,新北市,烏來區,11,427,23.71
114733,2022-05-23,新北市,烏來區,33,416,27.71
115124,2022-05-22,新北市,烏來區,17,383,24.86
115515,2022-05-21,新北市,烏來區,15,366,23.43
115900,2022-05-20,新北市,烏來區,40,351,24.14
116288,2022-05-19,新北市,烏來區,23,311,21.71
116676,2022-05-18,新北市,烏來區,27,288,21.71
117067,2022-05-17,新北市,烏來區,39,261,20.86
117456,2022-05-16,新北市,烏來區,13,222,18.29
117844,2022-05-15,新北市,烏來區,7,209,17.14
118228,2022-05-14,新北市,烏來區,20,202,17.43
118613,2022-05-13,新北市,烏來區,23,182,16.00
119000,2022-05-12,新北市,烏來區,23,159,14.14
119384,2022-05-11,新北市,烏來區,21,136,11.29
119769,2022-05-10,新北市,烏來區,21,115,9.00
120151,2022-05-09,新北市,烏來區,5,94,6.71
120532,2022-05-08,新北市,烏來區,9,89,6.43
120917,2022-05-07,新北市,烏來區,10,80,6.00
121295,2022-05-06,新北市,烏來區,10,70,5.57
121672,2022-05-05,新北市,烏來區,3,60,4.57
122040,2022-05-04,新北市,烏來區,5,57,4.14
122404,2022-05-03,新北市,烏來區,5,52,3.57
122760,2022-05-02,新北市,烏來區,3,47,3.00
123105,2022-05-01,新北市,烏來區,6,44,3.57
123439,2022-04-30,新北市,烏來區,7,38,2.86
123767,2022-04-29,新北市,烏來區,3,31,2.00
124390,2022-04-27,新北市,烏來區,1,28,2.43
124686,2022-04-26,新北市,烏來區,1,27,2.71
124974,2022-04-25,新北市,烏來區,7,26,3.00
125241,2022-04-24,新北市,烏來區,1,19,2.00
125482,2022-04-23,新北市,烏來區,1,18,1.86
125730,2022-04-22,新北市,烏來區,1,17,1.86
125967,2022-04-21,新北市,烏來區,5,16,1.71
126201,2022-04-20,新北市,烏來區,3,11,1.00
126400,2022-04-19,新北市,烏來區,3,8,0.57
126915,2022-04-16,新北市,烏來區,1,5,0.14
128181,2022-04-07,新北市,烏來區,1,4,0.29
128294,2022-04-06,新北市,烏來區,1,3,0.14
131355,2021-06-28,新北市,烏來區,2,2,0.29
