UID,個案研判日,縣市別,區域,新增確診人數,累計確診人數,七天移動平均新增確診人數
925,2023-03-19,新北市,萬里區,2,5290,5.71
1253,2023-03-18,新北市,萬里區,8,5288,6.14
1593,2023-03-17,新北市,萬里區,7,5280,5.29
1945,2023-03-16,新北市,萬里區,2,5273,4.57
2298,2023-03-15,新北市,萬里區,10,5271,4.57
2649,2023-03-14,新北市,萬里區,6,5261,3.57
3006,2023-03-13,新北市,萬里區,5,5255,3.29
3365,2023-03-12,新北市,萬里區,5,5250,4.14
3710,2023-03-11,新北市,萬里區,2,5245,3.57
4063,2023-03-10,新北市,萬里區,2,5243,3.71
4418,2023-03-09,新北市,萬里區,2,5241,4.29
4777,2023-03-08,新北市,萬里區,3,5239,5.14
5131,2023-03-07,新北市,萬里區,4,5236,7.00
5490,2023-03-06,新北市,萬里區,11,5232,6.57
5855,2023-03-05,新北市,萬里區,1,5221,5.86
6194,2023-03-04,新北市,萬里區,3,5220,6.29
6546,2023-03-03,新北市,萬里區,6,5217,6.43
6905,2023-03-02,新北市,萬里區,8,5211,6.57
7269,2023-03-01,新北市,萬里區,16,5203,8.71
7640,2023-02-28,新北市,萬里區,1,5187,6.86
8003,2023-02-27,新北市,萬里區,6,5186,8.29
8362,2023-02-26,新北市,萬里區,4,5180,10.29
8707,2023-02-25,新北市,萬里區,4,5176,10.29
9077,2023-02-24,新北市,萬里區,7,5172,10.71
9438,2023-02-23,新北市,萬里區,23,5165,11.29
9808,2023-02-22,新北市,萬里區,3,5142,9.29
10183,2023-02-21,新北市,萬里區,11,5139,9.71
10552,2023-02-20,新北市,萬里區,20,5128,10.00
10932,2023-02-19,新北市,萬里區,4,5108,9.29
11290,2023-02-18,新北市,萬里區,7,5104,10.14
11657,2023-02-17,新北市,萬里區,11,5097,9.71
12029,2023-02-16,新北市,萬里區,9,5086,9.71
12404,2023-02-15,新北市,萬里區,6,5077,10.29
12777,2023-02-14,新北市,萬里區,13,5071,10.57
13149,2023-02-13,新北市,萬里區,15,5058,10.14
13528,2023-02-12,新北市,萬里區,10,5043,10.00
13885,2023-02-11,新北市,萬里區,4,5033,9.29
14257,2023-02-10,新北市,萬里區,11,5029,10.43
14631,2023-02-09,新北市,萬里區,13,5018,9.57
15007,2023-02-08,新北市,萬里區,8,5005,10.29
15386,2023-02-07,新北市,萬里區,10,4997,11.29
15765,2023-02-06,新北市,萬里區,14,4987,11.43
16147,2023-02-05,新北市,萬里區,5,4973,12.29
16515,2023-02-04,新北市,萬里區,12,4968,12.71
16894,2023-02-03,新北市,萬里區,5,4956,14.14
17280,2023-02-02,新北市,萬里區,18,4951,16.43
17663,2023-02-01,新北市,萬里區,15,4933,15.00
18040,2023-01-31,新北市,萬里區,11,4918,15.43
18425,2023-01-30,新北市,萬里區,20,4907,14.86
18814,2023-01-29,新北市,萬里區,8,4887,13.29
19190,2023-01-28,新北市,萬里區,22,4879,13.00
19569,2023-01-27,新北市,萬里區,21,4857,11.14
19947,2023-01-26,新北市,萬里區,8,4836,9.71
20324,2023-01-25,新北市,萬里區,18,4828,10.00
20689,2023-01-24,新北市,萬里區,7,4810,8.29
21064,2023-01-23,新北市,萬里區,9,4803,8.14
21431,2023-01-22,新北市,萬里區,6,4794,8.29
21795,2023-01-21,新北市,萬里區,9,4788,8.29
22167,2023-01-20,新北市,萬里區,11,4779,7.71
22534,2023-01-19,新北市,萬里區,10,4768,7.00
22905,2023-01-18,新北市,萬里區,6,4758,6.57
23277,2023-01-17,新北市,萬里區,6,4752,7.43
23641,2023-01-16,新北市,萬里區,10,4746,8.57
24017,2023-01-15,新北市,萬里區,6,4736,9.14
24384,2023-01-14,新北市,萬里區,5,4730,8.86
24752,2023-01-13,新北市,萬里區,6,4725,9.14
25120,2023-01-12,新北市,萬里區,7,4719,9.29
25495,2023-01-11,新北市,萬里區,12,4712,9.29
25871,2023-01-10,新北市,萬里區,14,4700,9.00
26243,2023-01-09,新北市,萬里區,14,4686,8.57
26622,2023-01-08,新北市,萬里區,4,4672,7.29
26979,2023-01-07,新北市,萬里區,7,4668,7.57
27350,2023-01-06,新北市,萬里區,7,4661,7.57
27726,2023-01-05,新北市,萬里區,7,4654,8.00
28106,2023-01-04,新北市,萬里區,10,4647,8.29
28487,2023-01-03,新北市,萬里區,11,4637,9.43
28869,2023-01-02,新北市,萬里區,5,4626,10.29
29240,2023-01-01,新北市,萬里區,6,4621,11.14
29602,2022-12-31,新北市,萬里區,7,4615,10.71
29968,2022-12-30,新北市,萬里區,10,4608,10.86
30340,2022-12-29,新北市,萬里區,9,4598,10.00
30713,2022-12-28,新北市,萬里區,18,4589,9.43
31083,2022-12-27,新北市,萬里區,17,4571,7.57
31460,2022-12-26,新北市,萬里區,11,4554,5.57
31832,2022-12-25,新北市,萬里區,3,4543,4.43
32186,2022-12-24,新北市,萬里區,8,4540,4.14
32546,2022-12-23,新北市,萬里區,4,4532,3.43
32910,2022-12-22,新北市,萬里區,5,4528,3.14
33277,2022-12-21,新北市,萬里區,5,4523,2.71
33647,2022-12-20,新北市,萬里區,3,4518,2.14
34010,2022-12-19,新北市,萬里區,3,4515,1.86
34381,2022-12-18,新北市,萬里區,1,4512,1.71
34729,2022-12-17,新北市,萬里區,3,4511,1.57
35089,2022-12-16,新北市,萬里區,2,4508,2.00
35454,2022-12-15,新北市,萬里區,2,4506,2.86
35825,2022-12-14,新北市,萬里區,1,4504,3.57
36184,2022-12-13,新北市,萬里區,1,4503,4.14
36558,2022-12-12,新北市,萬里區,2,4502,5.14
37281,2022-12-10,新北市,萬里區,6,4500,6.14
37650,2022-12-09,新北市,萬里區,8,4494,6.86
38015,2022-12-08,新北市,萬里區,7,4486,6.29
38388,2022-12-07,新北市,萬里區,5,4479,6.43
38760,2022-12-06,新北市,萬里區,8,4474,7.00
39131,2022-12-05,新北市,萬里區,7,4466,6.00
39509,2022-12-04,新北市,萬里區,2,4459,7.29
39875,2022-12-03,新北市,萬里區,11,4457,7.71
40244,2022-12-02,新北市,萬里區,4,4446,6.71
40614,2022-12-01,新北市,萬里區,8,4442,7.14
40983,2022-11-30,新北市,萬里區,9,4434,6.29
41354,2022-11-29,新北市,萬里區,1,4425,5.57
41734,2022-11-28,新北市,萬里區,16,4424,6.14
42112,2022-11-27,新北市,萬里區,5,4408,5.29
42473,2022-11-26,新北市,萬里區,4,4403,4.86
42829,2022-11-25,新北市,萬里區,7,4399,4.57
43200,2022-11-24,新北市,萬里區,2,4392,4.29
43570,2022-11-23,新北市,萬里區,4,4390,4.29
43942,2022-11-22,新北市,萬里區,5,4386,4.43
44315,2022-11-21,新北市,萬里區,10,4381,4.57
44698,2022-11-20,新北市,萬里區,2,4371,4.29
45061,2022-11-19,新北市,萬里區,2,4369,4.43
45435,2022-11-18,新北市,萬里區,5,4367,4.86
45807,2022-11-17,新北市,萬里區,2,4362,5.29
46180,2022-11-16,新北市,萬里區,5,4360,5.71
46560,2022-11-15,新北市,萬里區,6,4355,5.71
46941,2022-11-14,新北市,萬里區,8,4349,6.00
47322,2022-11-13,新北市,萬里區,3,4341,6.00
47692,2022-11-12,新北市,萬里區,5,4338,5.86
48069,2022-11-11,新北市,萬里區,8,4333,6.57
48448,2022-11-10,新北市,萬里區,5,4325,6.00
48831,2022-11-09,新北市,萬里區,5,4320,6.71
49214,2022-11-08,新北市,萬里區,8,4315,7.57
49599,2022-11-07,新北市,萬里區,8,4307,7.86
49984,2022-11-06,新北市,萬里區,2,4299,9.00
50353,2022-11-05,新北市,萬里區,10,4297,9.29
50728,2022-11-04,新北市,萬里區,4,4287,9.00
51114,2022-11-03,新北市,萬里區,10,4283,9.43
51494,2022-11-02,新北市,萬里區,11,4273,8.71
51880,2022-11-01,新北市,萬里區,10,4262,8.57
52265,2022-10-31,新北市,萬里區,16,4252,8.57
52648,2022-10-30,新北市,萬里區,4,4236,7.57
53027,2022-10-29,新北市,萬里區,8,4232,7.86
53406,2022-10-28,新北市,萬里區,7,4224,7.43
53793,2022-10-27,新北市,萬里區,5,4217,7.71
54180,2022-10-26,新北市,萬里區,10,4212,9.29
54564,2022-10-25,新北市,萬里區,10,4202,9.43
54953,2022-10-24,新北市,萬里區,9,4192,10.14
55343,2022-10-23,新北市,萬里區,6,4183,12.71
55720,2022-10-22,新北市,萬里區,5,4177,12.86
56105,2022-10-21,新北市,萬里區,9,4172,13.86
56495,2022-10-20,新北市,萬里區,16,4163,16.57
56880,2022-10-19,新北市,萬里區,11,4147,17.14
57267,2022-10-18,新北市,萬里區,15,4136,18.71
57657,2022-10-17,新北市,萬里區,27,4121,21.43
58047,2022-10-16,新北市,萬里區,7,4094,19.29
58431,2022-10-15,新北市,萬里區,12,4087,19.71
58816,2022-10-14,新北市,萬里區,28,4075,21.29
59206,2022-10-13,新北市,萬里區,20,4047,20.43
59597,2022-10-12,新北市,萬里區,22,4027,20.43
59986,2022-10-11,新北市,萬里區,34,4005,19.57
60378,2022-10-10,新北市,萬里區,12,3971,19.00
60762,2022-10-09,新北市,萬里區,10,3959,23.00
61149,2022-10-08,新北市,萬里區,23,3949,22.57
61538,2022-10-07,新北市,萬里區,22,3926,21.14
61925,2022-10-06,新北市,萬里區,20,3904,21.57
62316,2022-10-05,新北市,萬里區,16,3884,21.71
62703,2022-10-04,新北市,萬里區,30,3868,23.57
63091,2022-10-03,新北市,萬里區,40,3838,21.43
63482,2022-10-02,新北市,萬里區,7,3798,20.14
63864,2022-10-01,新北市,萬里區,13,3791,21.29
64250,2022-09-30,新北市,萬里區,25,3778,21.43
64634,2022-09-29,新北市,萬里區,21,3753,20.71
65022,2022-09-28,新北市,萬里區,29,3732,21.00
65410,2022-09-27,新北市,萬里區,15,3703,20.57
65797,2022-09-26,新北市,萬里區,31,3688,21.71
66186,2022-09-25,新北市,萬里區,15,3657,21.29
66569,2022-09-24,新北市,萬里區,14,3642,20.43
66952,2022-09-23,新北市,萬里區,20,3628,20.86
67341,2022-09-22,新北市,萬里區,23,3608,21.00
67728,2022-09-21,新北市,萬里區,26,3585,22.00
68117,2022-09-20,新北市,萬里區,23,3559,22.57
68507,2022-09-19,新北市,萬里區,28,3536,22.43
68898,2022-09-18,新北市,萬里區,9,3508,24.43
69280,2022-09-17,新北市,萬里區,17,3499,24.71
69668,2022-09-16,新北市,萬里區,21,3482,24.14
70053,2022-09-15,新北市,萬里區,30,3461,24.00
70440,2022-09-14,新北市,萬里區,30,3431,21.57
70825,2022-09-13,新北市,萬里區,22,3401,19.71
71214,2022-09-12,新北市,萬里區,42,3379,19.43
71604,2022-09-11,新北市,萬里區,11,3337,16.71
71986,2022-09-10,新北市,萬里區,13,3326,16.00
72368,2022-09-09,新北市,萬里區,20,3313,15.57
72750,2022-09-08,新北市,萬里區,13,3293,14.71
73137,2022-09-07,新北市,萬里區,17,3280,15.14
73521,2022-09-06,新北市,萬里區,20,3263,13.57
73907,2022-09-05,新北市,萬里區,23,3243,12.14
74294,2022-09-04,新北市,萬里區,6,3220,11.57
74676,2022-09-03,新北市,萬里區,10,3214,12.14
75063,2022-09-02,新北市,萬里區,14,3204,12.86
75449,2022-09-01,新北市,萬里區,16,3190,11.43
75838,2022-08-31,新北市,萬里區,6,3174,12.00
76225,2022-08-30,新北市,萬里區,10,3168,12.57
76613,2022-08-29,新北市,萬里區,19,3158,13.86
77003,2022-08-28,新北市,萬里區,10,3139,13.71
77384,2022-08-27,新北市,萬里區,15,3129,13.00
77771,2022-08-26,新北市,萬里區,4,3114,12.29
78156,2022-08-25,新北市,萬里區,20,3110,13.71
78542,2022-08-24,新北市,萬里區,10,3090,12.57
78929,2022-08-23,新北市,萬里區,19,3080,13.14
79312,2022-08-22,新北市,萬里區,18,3061,11.57
79702,2022-08-21,新北市,萬里區,5,3043,11.14
80077,2022-08-20,新北市,萬里區,10,3038,10.71
80462,2022-08-19,新北市,萬里區,14,3028,9.71
80846,2022-08-18,新北市,萬里區,12,3014,8.71
81235,2022-08-17,新北市,萬里區,14,3002,9.14
81620,2022-08-16,新北市,萬里區,8,2988,9.29
82007,2022-08-15,新北市,萬里區,15,2980,10.00
82394,2022-08-14,新北市,萬里區,2,2965,9.86
82771,2022-08-13,新北市,萬里區,3,2963,10.29
83150,2022-08-12,新北市,萬里區,7,2960,11.14
83536,2022-08-11,新北市,萬里區,15,2953,12.57
83922,2022-08-10,新北市,萬里區,15,2938,12.14
84308,2022-08-09,新北市,萬里區,13,2923,11.86
84690,2022-08-08,新北市,萬里區,14,2910,12.14
85075,2022-08-07,新北市,萬里區,5,2896,12.71
85448,2022-08-06,新北市,萬里區,9,2891,13.00
85827,2022-08-05,新北市,萬里區,17,2882,13.00
86214,2022-08-04,新北市,萬里區,12,2865,13.00
86599,2022-08-03,新北市,萬里區,13,2853,12.86
86982,2022-08-02,新北市,萬里區,15,2840,13.14
87367,2022-08-01,新北市,萬里區,18,2825,14.29
87755,2022-07-31,新北市,萬里區,7,2807,12.86
88131,2022-07-30,新北市,萬里區,9,2800,12.29
88510,2022-07-29,新北市,萬里區,17,2791,12.00
88894,2022-07-28,新北市,萬里區,11,2774,10.86
89280,2022-07-27,新北市,萬里區,15,2763,12.00
89671,2022-07-26,新北市,萬里區,23,2748,12.57
90058,2022-07-25,新北市,萬里區,8,2725,11.00
90442,2022-07-24,新北市,萬里區,3,2717,11.00
90820,2022-07-23,新北市,萬里區,7,2714,11.00
91204,2022-07-22,新北市,萬里區,9,2707,11.71
91590,2022-07-21,新北市,萬里區,19,2698,18.71
91974,2022-07-20,新北市,萬里區,19,2679,17.71
92361,2022-07-19,新北市,萬里區,12,2660,16.14
92749,2022-07-18,新北市,萬里區,8,2648,15.29
93138,2022-07-17,新北市,萬里區,3,2640,16.57
93516,2022-07-16,新北市,萬里區,12,2637,16.29
93903,2022-07-15,新北市,萬里區,58,2625,16.29
94290,2022-07-14,新北市,萬里區,12,2567,9.71
94678,2022-07-13,新北市,萬里區,8,2555,9.71
95067,2022-07-12,新北市,萬里區,6,2547,9.57
95455,2022-07-11,新北市,萬里區,17,2541,9.86
95843,2022-07-10,新北市,萬里區,1,2524,10.71
96226,2022-07-09,新北市,萬里區,12,2523,11.71
96613,2022-07-08,新北市,萬里區,12,2511,11.57
97004,2022-07-07,新北市,萬里區,12,2499,11.57
97395,2022-07-06,新北市,萬里區,7,2487,13.14
97784,2022-07-05,新北市,萬里區,8,2480,14.43
98173,2022-07-04,新北市,萬里區,23,2472,15.00
98562,2022-07-03,新北市,萬里區,8,2449,15.00
98947,2022-07-02,新北市,萬里區,11,2441,14.86
99335,2022-07-01,新北市,萬里區,12,2430,14.86
99727,2022-06-30,新北市,萬里區,23,2418,16.14
100118,2022-06-29,新北市,萬里區,16,2395,16.14
100508,2022-06-28,新北市,萬里區,12,2379,17.71
100899,2022-06-27,新北市,萬里區,23,2367,18.57
101288,2022-06-26,新北市,萬里區,7,2344,20.43
101673,2022-06-25,新北市,萬里區,11,2337,20.71
102063,2022-06-24,新北市,萬里區,21,2326,21.71
102454,2022-06-23,新北市,萬里區,23,2305,21.29
102846,2022-06-22,新北市,萬里區,27,2282,21.86
103236,2022-06-21,新北市,萬里區,18,2255,23.14
103627,2022-06-20,新北市,萬里區,36,2237,24.29
104018,2022-06-19,新北市,萬里區,9,2201,21.43
104408,2022-06-18,新北市,萬里區,18,2192,21.29
104799,2022-06-17,新北市,萬里區,18,2174,23.57
105190,2022-06-16,新北市,萬里區,27,2156,24.00
105580,2022-06-15,新北市,萬里區,36,2129,23.29
105970,2022-06-14,新北市,萬里區,26,2093,22.71
106361,2022-06-13,新北市,萬里區,16,2067,26.71
106752,2022-06-12,新北市,萬里區,8,2051,35.00
107139,2022-06-11,新北市,萬里區,34,2043,37.43
107530,2022-06-10,新北市,萬里區,21,2009,35.29
107919,2022-06-09,新北市,萬里區,22,1988,39.00
108310,2022-06-08,新北市,萬里區,32,1966,40.14
108698,2022-06-07,新北市,萬里區,54,1934,42.57
109090,2022-06-06,新北市,萬里區,74,1880,45.29
109481,2022-06-05,新北市,萬里區,25,1806,41.86
109870,2022-06-04,新北市,萬里區,19,1781,41.57
110259,2022-06-03,新北市,萬里區,47,1762,43.29
110651,2022-06-02,新北市,萬里區,30,1715,44.86
111041,2022-06-01,新北市,萬里區,49,1685,51.86
111432,2022-05-31,新北市,萬里區,73,1636,51.29
111824,2022-05-30,新北市,萬里區,50,1563,52.43
112214,2022-05-29,新北市,萬里區,23,1513,52.71
112605,2022-05-28,新北市,萬里區,31,1490,57.00
112995,2022-05-27,新北市,萬里區,58,1459,61.00
113386,2022-05-26,新北市,萬里區,79,1401,62.29
113777,2022-05-25,新北市,萬里區,45,1322,63.29
114167,2022-05-24,新北市,萬里區,81,1277,75.86
114558,2022-05-23,新北市,萬里區,52,1196,73.14
114949,2022-05-22,新北市,萬里區,53,1144,71.71
115340,2022-05-21,新北市,萬里區,59,1091,70.86
115727,2022-05-20,新北市,萬里區,67,1032,69.57
116113,2022-05-19,新北市,萬里區,86,965,66.71
116502,2022-05-18,新北市,萬里區,133,879,61.86
116892,2022-05-17,新北市,萬里區,62,746,49.71
117282,2022-05-16,新北市,萬里區,42,684,48.57
117670,2022-05-15,新北市,萬里區,47,642,46.86
118056,2022-05-14,新北市,萬里區,50,595,43.86
118439,2022-05-13,新北市,萬里區,47,545,41.57
118826,2022-05-12,新北市,萬里區,52,498,43.29
119210,2022-05-11,新北市,萬里區,48,446,38.57
119595,2022-05-10,新北市,萬里區,54,398,35.43
119980,2022-05-09,新北市,萬里區,30,344,31.71
120359,2022-05-08,新北市,萬里區,26,314,29.57
120744,2022-05-07,新北市,萬里區,34,288,27.43
121122,2022-05-06,新北市,萬里區,59,254,23.86
121500,2022-05-05,新北市,萬里區,19,195,18.14
121873,2022-05-04,新北市,萬里區,26,176,17.43
122233,2022-05-03,新北市,萬里區,28,150,15.14
122592,2022-05-02,新北市,萬里區,15,122,12.86
122943,2022-05-01,新北市,萬里區,11,107,11.29
123279,2022-04-30,新北市,萬里區,9,96,10.43
123612,2022-04-29,新北市,萬里區,19,87,9.71
123929,2022-04-28,新北市,萬里區,14,68,7.29
124242,2022-04-27,新北市,萬里區,10,54,5.43
124542,2022-04-26,新北市,萬里區,12,44,5.29
124834,2022-04-25,新北市,萬里區,4,32,3.57
125107,2022-04-24,新北市,萬里區,5,28,3.00
125356,2022-04-23,新北市,萬里區,4,23,2.29
125601,2022-04-22,新北市,萬里區,2,19,1.71
125849,2022-04-21,新北市,萬里區,1,17,1.57
126079,2022-04-20,新北市,萬里區,9,16,1.43
126994,2022-04-15,新北市,萬里區,1,7,0.14
128740,2022-03-30,新北市,萬里區,1,6,0.14
132232,2021-06-10,新北市,萬里區,1,5,0.14
133098,2021-05-29,新北市,萬里區,1,4,0.14
133804,2021-05-21,新北市,萬里區,1,3,0.29
133941,2021-05-19,新北市,萬里區,1,2,0.29
134215,2021-05-13,新北市,萬里區,1,1,0.14
