UID,個案研判日,縣市別,區域,新增確診人數,累計確診人數,七天移動平均新增確診人數
1156,2023-03-19,新北市,雙溪區,1,1526,0.86
1842,2023-03-17,新北市,雙溪區,2,1525,1.00
2189,2023-03-16,新北市,雙溪區,1,1523,1.43
2896,2023-03-14,新北市,雙溪區,2,1522,1.86
3604,2023-03-12,新北市,雙溪區,2,1520,2.00
4309,2023-03-10,新北市,雙溪區,5,1518,2.14
4665,2023-03-09,新北市,雙溪區,1,1513,1.57
5023,2023-03-08,新北市,雙溪區,3,1512,1.43
5377,2023-03-07,新北市,雙溪區,1,1509,1.43
5741,2023-03-06,新北市,雙溪區,2,1508,1.29
6092,2023-03-05,新北市,雙溪區,3,1506,1.00
6795,2023-03-03,新北市,雙溪區,1,1503,0.86
7522,2023-03-01,新北市,雙溪區,3,1502,1.14
8600,2023-02-26,新北市,雙溪區,1,1499,1.71
8963,2023-02-25,新北市,雙溪區,1,1498,1.57
9326,2023-02-24,新北市,雙溪區,1,1497,1.86
9692,2023-02-23,新北市,雙溪區,2,1496,2.00
10065,2023-02-22,新北市,雙溪區,2,1494,2.00
10437,2023-02-21,新北市,雙溪區,1,1492,1.86
10811,2023-02-20,新北市,雙溪區,4,1491,1.86
11542,2023-02-18,新北市,雙溪區,3,1487,2.14
11913,2023-02-17,新北市,雙溪區,2,1484,2.29
12285,2023-02-16,新北市,雙溪區,2,1482,2.14
12661,2023-02-15,新北市,雙溪區,1,1480,2.57
13035,2023-02-14,新北市,雙溪區,1,1479,2.43
13408,2023-02-13,新北市,雙溪區,6,1478,2.43
14144,2023-02-11,新北市,雙溪區,4,1472,3.29
14512,2023-02-10,新北市,雙溪區,1,1468,2.86
14885,2023-02-09,新北市,雙溪區,5,1467,3.29
15645,2023-02-07,新北市,雙溪區,1,1462,4.29
16026,2023-02-06,新北市,雙溪區,11,1461,4.43
16399,2023-02-05,新北市,雙溪區,1,1450,3.43
16774,2023-02-04,新北市,雙溪區,1,1449,3.43
17154,2023-02-03,新北市,雙溪區,4,1448,3.86
17541,2023-02-02,新北市,雙溪區,6,1444,3.86
17920,2023-02-01,新北市,雙溪區,6,1438,3.14
18303,2023-01-31,新北市,雙溪區,2,1432,2.43
18688,2023-01-30,新北市,雙溪區,4,1430,2.29
19073,2023-01-29,新北市,雙溪區,1,1426,2.14
19451,2023-01-28,新北市,雙溪區,4,1425,2.43
19827,2023-01-27,新北市,雙溪區,4,1421,2.14
20205,2023-01-26,新北市,雙溪區,1,1417,1.71
20576,2023-01-25,新北市,雙溪區,1,1416,1.86
20946,2023-01-24,新北市,雙溪區,1,1415,1.86
21313,2023-01-23,新北市,雙溪區,3,1414,2.29
21684,2023-01-22,新北市,雙溪區,3,1411,2.14
22052,2023-01-21,新北市,雙溪區,2,1408,1.71
22421,2023-01-20,新北市,雙溪區,1,1406,1.57
22788,2023-01-19,新北市,雙溪區,2,1405,1.71
23161,2023-01-18,新北市,雙溪區,1,1403,1.43
23526,2023-01-17,新北市,雙溪區,4,1402,1.57
23897,2023-01-16,新北市,雙溪區,2,1398,1.43
24636,2023-01-14,新北市,雙溪區,1,1396,1.29
25005,2023-01-13,新北市,雙溪區,2,1395,1.29
25750,2023-01-11,新北市,雙溪區,2,1393,1.00
26126,2023-01-10,新北市,雙溪區,3,1391,1.14
26502,2023-01-09,新北市,雙溪區,1,1388,1.71
27233,2023-01-07,新北市,雙溪區,1,1387,1.57
28366,2023-01-04,新北市,雙溪區,3,1386,2.14
28747,2023-01-03,新北市,雙溪區,7,1383,1.71
29856,2022-12-31,新北市,雙溪區,1,1376,1.86
30222,2022-12-30,新北市,雙溪區,3,1375,1.86
30595,2022-12-29,新北市,雙溪區,1,1372,2.00
31342,2022-12-27,新北市,雙溪區,5,1371,2.43
31715,2022-12-26,新北市,雙溪區,2,1366,1.71
32076,2022-12-25,新北市,雙溪區,1,1364,1.43
32437,2022-12-24,新北市,雙溪區,1,1363,1.43
32796,2022-12-23,新北市,雙溪區,4,1362,1.43
33162,2022-12-22,新北市,雙溪區,2,1358,0.86
33531,2022-12-21,新北市,雙溪區,2,1356,1.00
34620,2022-12-18,新北市,雙溪區,1,1354,1.14
34978,2022-12-17,新北市,雙溪區,1,1353,1.00
35707,2022-12-15,新北市,雙溪區,3,1352,1.00
36438,2022-12-13,新北市,雙溪區,1,1349,0.71
36815,2022-12-12,新北市,雙溪區,2,1348,0.57
37902,2022-12-09,新北市,雙溪區,1,1346,1.29
38272,2022-12-08,新北市,雙溪區,1,1345,1.29
39388,2022-12-05,新北市,雙溪區,5,1344,1.29
39761,2022-12-04,新北市,雙溪區,1,1339,1.00
40129,2022-12-03,新北市,雙溪區,1,1338,0.86
40497,2022-12-02,新北市,雙溪區,1,1337,0.71
41613,2022-11-29,新北市,雙溪區,1,1336,1.00
41992,2022-11-28,新北市,雙溪區,3,1335,1.00
43455,2022-11-24,新北市,雙溪區,1,1332,1.86
43822,2022-11-23,新北市,雙溪區,2,1331,1.71
44197,2022-11-22,新北市,雙溪區,1,1329,1.57
44575,2022-11-21,新北市,雙溪區,3,1328,1.57
44948,2022-11-20,新北市,雙溪區,2,1325,1.57
45317,2022-11-19,新北市,雙溪區,1,1323,1.43
45688,2022-11-18,新北市,雙溪區,3,1322,1.29
46436,2022-11-16,新北市,雙溪區,1,1319,1.86
46819,2022-11-15,新北市,雙溪區,1,1318,2.14
47198,2022-11-14,新北市,雙溪區,3,1317,2.14
47573,2022-11-13,新北市,雙溪區,1,1314,3.14
48325,2022-11-11,新北市,雙溪區,3,1313,3.14
48706,2022-11-10,新北市,雙溪區,4,1310,2.86
49089,2022-11-09,新北市,雙溪區,3,1306,3.57
49475,2022-11-08,新北市,雙溪區,1,1303,3.57
49859,2022-11-07,新北市,雙溪區,10,1302,3.71
50234,2022-11-06,新北市,雙溪區,1,1292,3.71
50991,2022-11-04,新北市,雙溪區,1,1291,4.00
51374,2022-11-03,新北市,雙溪區,9,1290,4.86
51754,2022-11-02,新北市,雙溪區,3,1281,3.86
52142,2022-11-01,新北市,雙溪區,2,1278,4.29
52524,2022-10-31,新北市,雙溪區,10,1276,4.86
52905,2022-10-30,新北市,雙溪區,1,1266,4.57
53285,2022-10-29,新北市,雙溪區,2,1265,4.71
53668,2022-10-28,新北市,雙溪區,7,1263,4.71
54054,2022-10-27,新北市,雙溪區,2,1256,5.14
54438,2022-10-26,新北市,雙溪區,6,1254,5.86
54826,2022-10-25,新北市,雙溪區,6,1248,6.43
55216,2022-10-24,新北市,雙溪區,8,1242,7.43
55599,2022-10-23,新北市,雙溪區,2,1234,7.86
55982,2022-10-22,新北市,雙溪區,2,1232,8.14
56369,2022-10-21,新北市,雙溪區,10,1230,8.29
56755,2022-10-20,新北市,雙溪區,7,1220,7.86
57142,2022-10-19,新北市,雙溪區,10,1213,8.71
57530,2022-10-18,新北市,雙溪區,13,1203,8.43
57920,2022-10-17,新北市,雙溪區,11,1190,8.14
58308,2022-10-16,新北市,雙溪區,4,1179,7.43
58694,2022-10-15,新北市,雙溪區,3,1175,7.57
59080,2022-10-14,新北市,雙溪區,7,1172,8.86
59469,2022-10-13,新北市,雙溪區,13,1165,9.86
59860,2022-10-12,新北市,雙溪區,8,1152,11.43
60250,2022-10-11,新北市,雙溪區,11,1144,11.71
60640,2022-10-10,新北市,雙溪區,6,1133,12.00
61022,2022-10-09,新北市,雙溪區,5,1127,15.71
61411,2022-10-08,新北市,雙溪區,12,1122,16.29
61801,2022-10-07,新北市,雙溪區,14,1110,16.00
62188,2022-10-06,新北市,雙溪區,24,1096,15.57
62578,2022-10-05,新北市,雙溪區,10,1072,14.57
62966,2022-10-04,新北市,雙溪區,13,1062,15.00
63355,2022-10-03,新北市,雙溪區,32,1049,13.57
63743,2022-10-02,新北市,雙溪區,9,1017,10.86
64126,2022-10-01,新北市,雙溪區,10,1008,10.00
64511,2022-09-30,新北市,雙溪區,11,998,9.29
64897,2022-09-29,新北市,雙溪區,17,987,9.14
65285,2022-09-28,新北市,雙溪區,13,970,7.43
65673,2022-09-27,新北市,雙溪區,3,957,6.43
66059,2022-09-26,新北市,雙溪區,13,954,6.57
66446,2022-09-25,新北市,雙溪區,3,941,5.86
66829,2022-09-24,新北市,雙溪區,5,938,5.71
67216,2022-09-23,新北市,雙溪區,10,933,5.14
67603,2022-09-22,新北市,雙溪區,5,923,4.29
67992,2022-09-21,新北市,雙溪區,6,918,4.43
68380,2022-09-20,新北市,雙溪區,4,912,3.86
68771,2022-09-19,新北市,雙溪區,8,908,3.57
69159,2022-09-18,新北市,雙溪區,2,900,3.00
69543,2022-09-17,新北市,雙溪區,1,898,3.00
69930,2022-09-16,新北市,雙溪區,4,897,3.86
70315,2022-09-15,新北市,雙溪區,6,893,3.57
70701,2022-09-14,新北市,雙溪區,2,887,3.00
71088,2022-09-13,新北市,雙溪區,2,885,3.29
71478,2022-09-12,新北市,雙溪區,4,883,3.57
71864,2022-09-11,新北市,雙溪區,2,879,3.86
72247,2022-09-10,新北市,雙溪區,7,877,4.00
72628,2022-09-09,新北市,雙溪區,2,870,3.86
73012,2022-09-08,新北市,雙溪區,2,868,4.29
73399,2022-09-07,新北市,雙溪區,4,866,5.14
73783,2022-09-06,新北市,雙溪區,4,862,5.00
74170,2022-09-05,新北市,雙溪區,6,858,4.86
74554,2022-09-04,新北市,雙溪區,3,852,4.71
74938,2022-09-03,新北市,雙溪區,6,849,4.43
75325,2022-09-02,新北市,雙溪區,5,843,4.00
75712,2022-09-01,新北市,雙溪區,8,838,4.00
76100,2022-08-31,新北市,雙溪區,3,830,3.00
76488,2022-08-30,新北市,雙溪區,3,827,3.57
76876,2022-08-29,新北市,雙溪區,5,824,3.43
77262,2022-08-28,新北市,雙溪區,1,819,3.71
77648,2022-08-27,新北市,雙溪區,3,818,3.57
78034,2022-08-26,新北市,雙溪區,5,815,3.43
78418,2022-08-25,新北市,雙溪區,1,810,3.29
78803,2022-08-24,新北市,雙溪區,7,809,4.00
79190,2022-08-23,新北市,雙溪區,2,802,3.71
79575,2022-08-22,新北市,雙溪區,7,800,4.14
80338,2022-08-20,新北市,雙溪區,2,793,4.00
80722,2022-08-19,新北市,雙溪區,4,791,3.71
81109,2022-08-18,新北市,雙溪區,6,787,3.57
81498,2022-08-17,新北市,雙溪區,5,781,3.00
81883,2022-08-16,新北市,雙溪區,5,776,2.43
82270,2022-08-15,新北市,雙溪區,4,771,1.86
82652,2022-08-14,新北市,雙溪區,2,767,1.71
83411,2022-08-12,新北市,雙溪區,3,765,1.71
83796,2022-08-11,新北市,雙溪區,2,762,2.29
84183,2022-08-10,新北市,雙溪區,1,760,2.71
84566,2022-08-09,新北市,雙溪區,1,759,2.57
84952,2022-08-08,新北市,雙溪區,3,758,3.14
85706,2022-08-06,新北市,雙溪區,2,755,4.14
86090,2022-08-05,新北市,雙溪區,7,753,3.86
86476,2022-08-04,新北市,雙溪區,5,746,3.29
87243,2022-08-02,新北市,雙溪區,5,741,3.43
87630,2022-08-01,新北市,雙溪區,10,736,3.14
88771,2022-07-29,新北市,雙溪區,3,726,3.29
89156,2022-07-28,新北市,雙溪區,4,723,3.29
89544,2022-07-27,新北市,雙溪區,2,719,3.71
89932,2022-07-26,新北市,雙溪區,3,717,4.00
90320,2022-07-25,新北市,雙溪區,6,714,4.00
90700,2022-07-24,新北市,雙溪區,2,708,3.57
91081,2022-07-23,新北市,雙溪區,3,706,3.29
91467,2022-07-22,新北市,雙溪區,3,703,3.57
91853,2022-07-21,新北市,雙溪區,7,700,3.57
92235,2022-07-20,新北市,雙溪區,4,693,3.57
92624,2022-07-19,新北市,雙溪區,3,689,3.71
93013,2022-07-18,新北市,雙溪區,3,686,4.86
93778,2022-07-16,新北市,雙溪區,5,683,5.14
94166,2022-07-15,新北市,雙溪區,3,678,5.29
94553,2022-07-14,新北市,雙溪區,7,675,5.86
94942,2022-07-13,新北市,雙溪區,5,668,6.00
95329,2022-07-12,新北市,雙溪區,11,663,5.57
95718,2022-07-11,新北市,雙溪區,4,652,5.14
96104,2022-07-10,新北市,雙溪區,1,648,5.29
96490,2022-07-09,新北市,雙溪區,6,647,5.43
96877,2022-07-08,新北市,雙溪區,7,641,5.14
97268,2022-07-07,新北市,雙溪區,8,634,5.00
97657,2022-07-06,新北市,雙溪區,2,626,4.57
98047,2022-07-05,新北市,雙溪區,8,624,5.14
98436,2022-07-04,新北市,雙溪區,5,616,4.71
98826,2022-07-03,新北市,雙溪區,2,611,5.29
99208,2022-07-02,新北市,雙溪區,4,609,5.14
99599,2022-07-01,新北市,雙溪區,6,605,5.14
99991,2022-06-30,新北市,雙溪區,5,599,4.71
100382,2022-06-29,新北市,雙溪區,6,594,4.71
100772,2022-06-28,新北市,雙溪區,5,588,5.29
101163,2022-06-27,新北市,雙溪區,9,583,5.43
101549,2022-06-26,新北市,雙溪區,1,574,6.57
101936,2022-06-25,新北市,雙溪區,4,573,6.86
102325,2022-06-24,新北市,雙溪區,3,569,6.71
102717,2022-06-23,新北市,雙溪區,5,566,6.57
103110,2022-06-22,新北市,雙溪區,10,561,7.14
103499,2022-06-21,新北市,雙溪區,6,551,7.00
103891,2022-06-20,新北市,雙溪區,17,545,7.14
104281,2022-06-19,新北市,雙溪區,3,528,6.71
104672,2022-06-18,新北市,雙溪區,3,525,6.86
105063,2022-06-17,新北市,雙溪區,2,522,7.57
105453,2022-06-16,新北市,雙溪區,9,520,8.00
105843,2022-06-15,新北市,雙溪區,9,511,7.71
106233,2022-06-14,新北市,雙溪區,7,502,7.71
106625,2022-06-13,新北市,雙溪區,14,495,9.14
107015,2022-06-12,新北市,雙溪區,4,481,9.00
107402,2022-06-11,新北市,雙溪區,8,477,8.86
107794,2022-06-10,新北市,雙溪區,5,469,9.00
108183,2022-06-09,新北市,雙溪區,7,464,8.71
108572,2022-06-08,新北市,雙溪區,9,457,10.57
108962,2022-06-07,新北市,雙溪區,17,448,11.29
109354,2022-06-06,新北市,雙溪區,13,431,10.71
109744,2022-06-05,新北市,雙溪區,3,418,11.86
110133,2022-06-04,新北市,雙溪區,9,415,12.86
110523,2022-06-03,新北市,雙溪區,3,406,12.14
110914,2022-06-02,新北市,雙溪區,20,403,13.43
111304,2022-06-01,新北市,雙溪區,14,383,14.43
111696,2022-05-31,新北市,雙溪區,13,369,13.00
112087,2022-05-30,新北市,雙溪區,21,356,11.86
112478,2022-05-29,新北市,雙溪區,10,335,10.43
112868,2022-05-28,新北市,雙溪區,4,325,10.43
113259,2022-05-27,新北市,雙溪區,12,321,11.43
113649,2022-05-26,新北市,雙溪區,27,309,11.00
114040,2022-05-25,新北市,雙溪區,4,282,10.29
114430,2022-05-24,新北市,雙溪區,5,278,12.86
114822,2022-05-23,新北市,雙溪區,11,273,14.86
115213,2022-05-22,新北市,雙溪區,10,262,15.57
115604,2022-05-21,新北市,雙溪區,11,252,16.57
115989,2022-05-20,新北市,雙溪區,9,241,17.57
116377,2022-05-19,新北市,雙溪區,22,232,17.57
116765,2022-05-18,新北市,雙溪區,22,210,16.43
117156,2022-05-17,新北市,雙溪區,19,188,14.71
117544,2022-05-16,新北市,雙溪區,16,169,13.71
117932,2022-05-15,新北市,雙溪區,17,153,12.14
118316,2022-05-14,新北市,雙溪區,18,136,10.71
118701,2022-05-13,新北市,雙溪區,9,118,8.71
119089,2022-05-12,新北市,雙溪區,14,109,8.43
119471,2022-05-11,新北市,雙溪區,10,95,7.57
119858,2022-05-10,新北市,雙溪區,12,85,6.57
120240,2022-05-09,新北市,雙溪區,5,73,4.86
120620,2022-05-08,新北市,雙溪區,7,68,5.14
121006,2022-05-07,新北市,雙溪區,4,61,4.57
121384,2022-05-06,新北市,雙溪區,7,57,4.43
121757,2022-05-05,新北市,雙溪區,8,50,3.86
122123,2022-05-04,新北市,雙溪區,3,42,3.14
122840,2022-05-02,新北市,雙溪區,7,39,4.00
123180,2022-05-01,新北市,雙溪區,3,32,3.14
123516,2022-04-30,新北市,雙溪區,3,29,2.71
123840,2022-04-29,新北市,雙溪區,3,26,3.00
124152,2022-04-28,新北市,雙溪區,3,23,3.00
124753,2022-04-26,新北市,雙溪區,9,20,2.71
125031,2022-04-25,新北市,雙溪區,1,11,1.43
125526,2022-04-23,新北市,雙溪區,5,10,1.43
125775,2022-04-22,新北市,雙溪區,3,5,0.71
126234,2022-04-20,新北市,雙溪區,1,2,0.29
126787,2022-04-17,新北市,雙溪區,1,1,0.14
