UID,個案研判日,縣市別,區域,新增確診人數,累計確診人數,七天移動平均新增確診人數
790,2023-03-20,新北市,貢寮區,1,1819,1.57
1770,2023-03-17,新北市,貢寮區,1,1818,3.29
2122,2023-03-16,新北市,貢寮區,5,1817,3.43
2475,2023-03-15,新北市,貢寮區,1,1812,2.71
2825,2023-03-14,新北市,貢寮區,3,1811,2.57
3183,2023-03-13,新北市,貢寮區,9,1808,2.29
3538,2023-03-12,新北市,貢寮區,4,1799,1.29
4237,2023-03-10,新北市,貢寮區,2,1795,1.43
5307,2023-03-07,新北市,貢寮區,1,1793,1.43
5669,2023-03-06,新北市,貢寮區,2,1792,1.57
6028,2023-03-05,新北市,貢寮區,3,1790,1.71
6369,2023-03-04,新北市,貢寮區,2,1787,1.57
6723,2023-03-03,新北市,貢寮區,1,1785,1.43
7084,2023-03-02,新北市,貢寮區,1,1784,1.57
7818,2023-02-28,新北市,貢寮區,2,1783,2.43
8184,2023-02-27,新北市,貢寮區,3,1781,3.14
8535,2023-02-26,新北市,貢寮區,2,1778,3.43
8887,2023-02-25,新北市,貢寮區,1,1776,3.43
9256,2023-02-24,新北市,貢寮區,2,1775,4.00
9619,2023-02-23,新北市,貢寮區,4,1773,4.14
9989,2023-02-22,新北市,貢寮區,3,1769,3.71
10362,2023-02-21,新北市,貢寮區,7,1766,3.29
10734,2023-02-20,新北市,貢寮區,5,1759,2.43
11108,2023-02-19,新北市,貢寮區,2,1754,2.86
11470,2023-02-18,新北市,貢寮區,5,1752,2.57
11835,2023-02-17,新北市,貢寮區,3,1747,2.29
12211,2023-02-16,新北市,貢寮區,1,1744,2.14
12959,2023-02-14,新北市,貢寮區,1,1743,2.43
13330,2023-02-13,新北市,貢寮區,8,1742,2.57
14067,2023-02-11,新北市,貢寮區,3,1734,2.00
14436,2023-02-10,新北市,貢寮區,2,1731,1.86
15190,2023-02-08,新北市,貢寮區,3,1729,2.43
15567,2023-02-07,新北市,貢寮區,2,1726,2.14
15947,2023-02-06,新北市,貢寮區,3,1724,2.43
16323,2023-02-05,新北市,貢寮區,1,1721,2.86
16697,2023-02-04,新北市,貢寮區,2,1720,3.00
17076,2023-02-03,新北市,貢寮區,3,1718,3.71
17462,2023-02-02,新北市,貢寮區,3,1715,3.86
17843,2023-02-01,新北市,貢寮區,1,1712,3.86
18223,2023-01-31,新北市,貢寮區,4,1711,3.71
18608,2023-01-30,新北市,貢寮區,6,1707,3.43
18994,2023-01-29,新北市,貢寮區,2,1701,2.86
19372,2023-01-28,新北市,貢寮區,7,1699,2.57
19748,2023-01-27,新北市,貢寮區,4,1692,2.00
20129,2023-01-26,新北市,貢寮區,3,1688,2.29
20869,2023-01-24,新北市,貢寮區,2,1685,2.86
21241,2023-01-23,新北市,貢寮區,2,1683,3.14
21977,2023-01-21,新北市,貢寮區,3,1681,3.86
22350,2023-01-20,新北市,貢寮區,6,1678,3.57
22715,2023-01-19,新北市,貢寮區,5,1672,3.00
23088,2023-01-18,新北市,貢寮區,2,1667,2.71
23454,2023-01-17,新北市,貢寮區,4,1665,3.29
23821,2023-01-16,新北市,貢寮區,5,1661,2.86
24199,2023-01-15,新北市,貢寮區,2,1656,2.71
24562,2023-01-14,新北市,貢寮區,1,1654,2.57
24929,2023-01-13,新北市,貢寮區,2,1653,2.86
25300,2023-01-12,新北市,貢寮區,3,1651,2.86
25674,2023-01-11,新北市,貢寮區,6,1648,3.00
26050,2023-01-10,新北市,貢寮區,1,1642,3.71
26423,2023-01-09,新北市,貢寮區,4,1641,4.00
26797,2023-01-08,新北市,貢寮區,1,1637,3.57
27158,2023-01-07,新北市,貢寮區,3,1636,3.43
27531,2023-01-06,新北市,貢寮區,2,1633,3.29
27908,2023-01-05,新北市,貢寮區,4,1631,3.43
28286,2023-01-04,新北市,貢寮區,11,1627,3.43
28668,2023-01-03,新北市,貢寮區,3,1616,2.29
29048,2023-01-02,新北市,貢寮區,1,1613,2.00
29781,2022-12-31,新北市,貢寮區,2,1612,2.14
30148,2022-12-30,新北市,貢寮區,3,1610,2.43
30522,2022-12-29,新北市,貢寮區,4,1607,2.71
30894,2022-12-28,新北市,貢寮區,3,1603,2.43
31263,2022-12-27,新北市,貢寮區,1,1600,2.29
31638,2022-12-26,新北市,貢寮區,1,1599,2.14
32007,2022-12-25,新北市,貢寮區,1,1598,2.14
32365,2022-12-24,新北市,貢寮區,4,1597,2.14
32724,2022-12-23,新北市,貢寮區,5,1593,1.57
33091,2022-12-22,新北市,貢寮區,2,1588,1.00
33456,2022-12-21,新北市,貢寮區,2,1586,0.86
34189,2022-12-19,新北市,貢寮區,1,1584,1.57
34557,2022-12-18,新北市,貢寮區,1,1583,2.00
35269,2022-12-16,新北市,貢寮區,1,1582,2.00
35632,2022-12-15,新北市,貢寮區,1,1581,2.29
36002,2022-12-14,新北市,貢寮區,5,1580,2.29
36362,2022-12-13,新北市,貢寮區,2,1575,2.00
36740,2022-12-12,新北市,貢寮區,4,1573,1.71
37462,2022-12-10,新北市,貢寮區,1,1569,1.71
37829,2022-12-09,新北市,貢寮區,3,1568,2.14
38195,2022-12-08,新北市,貢寮區,1,1565,2.43
38569,2022-12-07,新北市,貢寮區,3,1564,2.57
39312,2022-12-05,新北市,貢寮區,3,1561,2.71
39689,2022-12-04,新北市,貢寮區,1,1558,2.57
40055,2022-12-03,新北市,貢寮區,4,1557,2.43
40424,2022-12-02,新北市,貢寮區,5,1553,2.00
40790,2022-12-01,新北市,貢寮區,2,1548,1.71
41163,2022-11-30,新北市,貢寮區,3,1546,1.71
41536,2022-11-29,新北市,貢寮區,1,1543,1.43
41915,2022-11-28,新北市,貢寮區,2,1542,1.71
42648,2022-11-26,新北市,貢寮區,1,1540,2.29
43010,2022-11-25,新北市,貢寮區,3,1539,2.29
43379,2022-11-24,新北市,貢寮區,2,1536,2.29
43748,2022-11-23,新北市,貢寮區,1,1534,2.14
44121,2022-11-22,新北市,貢寮區,3,1533,2.29
44498,2022-11-21,新北市,貢寮區,4,1530,2.14
44877,2022-11-20,新北市,貢寮區,2,1526,1.57
45244,2022-11-19,新北市,貢寮區,1,1524,1.43
45615,2022-11-18,新北市,貢寮區,3,1523,1.43
45988,2022-11-17,新北市,貢寮區,1,1520,1.29
46362,2022-11-16,新北市,貢寮區,2,1519,1.29
46743,2022-11-15,新北市,貢寮區,2,1517,1.00
47500,2022-11-13,新北市,貢寮區,1,1515,1.00
47872,2022-11-12,新北市,貢寮區,1,1514,0.86
48250,2022-11-11,新北市,貢寮區,2,1513,0.71
48627,2022-11-10,新北市,貢寮區,1,1511,0.86
49398,2022-11-08,新北市,貢寮區,1,1510,1.29
49783,2022-11-07,新北市,貢寮區,1,1509,1.71
50912,2022-11-04,新北市,貢寮區,3,1508,1.57
51297,2022-11-03,新北市,貢寮區,1,1505,2.14
51676,2022-11-02,新北市,貢寮區,3,1504,2.14
52064,2022-11-01,新北市,貢寮區,4,1501,2.14
53590,2022-10-28,新北市,貢寮區,7,1497,3.71
53977,2022-10-27,新北市,貢寮區,1,1490,4.00
54360,2022-10-26,新北市,貢寮區,3,1489,4.43
54746,2022-10-25,新北市,貢寮區,4,1486,4.14
55137,2022-10-24,新北市,貢寮區,9,1482,5.00
55903,2022-10-22,新北市,貢寮區,2,1473,6.29
56289,2022-10-21,新北市,貢寮區,9,1471,7.14
56678,2022-10-20,新北市,貢寮區,4,1462,7.00
57063,2022-10-19,新北市,貢寮區,1,1458,6.71
57450,2022-10-18,新北市,貢寮區,10,1457,7.57
57840,2022-10-17,新北市,貢寮區,14,1447,7.71
58229,2022-10-16,新北市,貢寮區,4,1433,6.43
58614,2022-10-15,新北市,貢寮區,8,1429,6.29
59000,2022-10-14,新北市,貢寮區,8,1421,5.71
59389,2022-10-13,新北市,貢寮區,2,1413,6.43
59780,2022-10-12,新北市,貢寮區,7,1411,7.43
60170,2022-10-11,新北市,貢寮區,11,1404,9.57
60560,2022-10-10,新北市,貢寮區,5,1393,10.86
60944,2022-10-09,新北市,貢寮區,3,1388,12.86
61332,2022-10-08,新北市,貢寮區,4,1385,12.57
61721,2022-10-07,新北市,貢寮區,13,1381,13.71
62108,2022-10-06,新北市,貢寮區,9,1368,12.86
62499,2022-10-05,新北市,貢寮區,22,1359,12.71
62887,2022-10-04,新北市,貢寮區,20,1337,10.57
63275,2022-10-03,新北市,貢寮區,19,1317,9.29
63666,2022-10-02,新北市,貢寮區,1,1298,8.00
64046,2022-10-01,新北市,貢寮區,12,1297,8.29
64432,2022-09-30,新北市,貢寮區,7,1285,8.57
64818,2022-09-29,新北市,貢寮區,8,1278,8.43
65206,2022-09-28,新北市,貢寮區,7,1270,8.29
65593,2022-09-27,新北市,貢寮區,11,1263,8.71
65980,2022-09-26,新北市,貢寮區,10,1252,8.71
66367,2022-09-25,新北市,貢寮區,3,1242,10.43
66751,2022-09-24,新北市,貢寮區,14,1239,10.71
67136,2022-09-23,新北市,貢寮區,6,1225,10.00
67524,2022-09-22,新北市,貢寮區,7,1219,10.71
67912,2022-09-21,新北市,貢寮區,10,1212,11.14
68301,2022-09-20,新北市,貢寮區,11,1202,10.86
68691,2022-09-19,新北市,貢寮區,22,1191,10.57
69081,2022-09-18,新北市,貢寮區,5,1169,9.14
69464,2022-09-17,新北市,貢寮區,9,1164,8.71
69851,2022-09-16,新北市,貢寮區,11,1155,7.86
70236,2022-09-15,新北市,貢寮區,10,1144,6.57
70623,2022-09-14,新北市,貢寮區,8,1134,5.71
71009,2022-09-13,新北市,貢寮區,9,1126,5.71
71398,2022-09-12,新北市,貢寮區,12,1117,5.14
71786,2022-09-11,新北市,貢寮區,2,1105,5.00
72168,2022-09-10,新北市,貢寮區,3,1103,5.29
72551,2022-09-09,新北市,貢寮區,2,1100,5.86
72933,2022-09-08,新北市,貢寮區,4,1098,6.43
73320,2022-09-07,新北市,貢寮區,8,1094,6.43
73704,2022-09-06,新北市,貢寮區,5,1086,7.71
74090,2022-09-05,新北市,貢寮區,11,1081,9.00
74475,2022-09-04,新北市,貢寮區,4,1070,8.43
74858,2022-09-03,新北市,貢寮區,7,1066,7.86
75246,2022-09-02,新北市,貢寮區,6,1059,7.29
75632,2022-09-01,新北市,貢寮區,4,1053,6.71
76021,2022-08-31,新北市,貢寮區,17,1049,6.29
76408,2022-08-30,新北市,貢寮區,14,1032,3.86
76796,2022-08-29,新北市,貢寮區,7,1018,2.14
77568,2022-08-27,新北市,貢寮區,3,1011,2.00
77954,2022-08-26,新北市,貢寮區,2,1008,1.71
78338,2022-08-25,新北市,貢寮區,1,1006,1.43
79111,2022-08-23,新北市,貢寮區,2,1005,2.43
79495,2022-08-22,新北市,貢寮區,3,1003,3.86
79881,2022-08-21,新北市,貢寮區,3,1000,4.00
80260,2022-08-20,新北市,貢寮區,1,997,3.57
81029,2022-08-18,新北市,貢寮區,5,996,4.71
81418,2022-08-17,新北市,貢寮區,3,991,4.14
81803,2022-08-16,新北市,貢寮區,12,988,4.00
82190,2022-08-15,新北市,貢寮區,4,976,3.00
82951,2022-08-13,新北市,貢寮區,6,972,4.00
83332,2022-08-12,新北市,貢寮區,3,966,3.14
83717,2022-08-11,新北市,貢寮區,1,963,3.57
84104,2022-08-10,新北市,貢寮區,2,962,4.29
84489,2022-08-09,新北市,貢寮區,5,960,4.43
84872,2022-08-08,新北市,貢寮區,5,955,4.43
85253,2022-08-07,新北市,貢寮區,6,950,4.14
86010,2022-08-05,新北市,貢寮區,6,944,4.14
86396,2022-08-04,新北市,貢寮區,6,938,4.14
86781,2022-08-03,新北市,貢寮區,3,932,3.57
87163,2022-08-02,新北市,貢寮區,5,929,3.43
87550,2022-08-01,新北市,貢寮區,3,924,3.14
87935,2022-07-31,新北市,貢寮區,2,921,4.43
88312,2022-07-30,新北市,貢寮區,4,919,4.71
88691,2022-07-29,新北市,貢寮區,6,915,5.71
89077,2022-07-28,新北市,貢寮區,2,909,6.00
89464,2022-07-27,新北市,貢寮區,2,907,6.29
89854,2022-07-26,新北市,貢寮區,3,905,6.00
90241,2022-07-25,新北市,貢寮區,12,902,7.00
90622,2022-07-24,新北市,貢寮區,4,890,6.57
91002,2022-07-23,新北市,貢寮區,11,886,6.14
91387,2022-07-22,新北市,貢寮區,8,875,5.57
91773,2022-07-21,新北市,貢寮區,4,867,5.57
92544,2022-07-19,新北市,貢寮區,10,863,7.29
92933,2022-07-18,新北市,貢寮區,9,853,6.71
93319,2022-07-17,新北市,貢寮區,1,844,7.86
93698,2022-07-16,新北市,貢寮區,7,843,8.00
94086,2022-07-15,新北市,貢寮區,8,836,7.29
94473,2022-07-14,新北市,貢寮區,11,828,7.29
94862,2022-07-13,新北市,貢寮區,5,817,6.00
95250,2022-07-12,新北市,貢寮區,6,812,6.14
95638,2022-07-11,新北市,貢寮區,17,806,5.71
96025,2022-07-10,新北市,貢寮區,2,789,4.57
96410,2022-07-09,新北市,貢寮區,2,787,4.43
96797,2022-07-08,新北市,貢寮區,8,785,4.86
97188,2022-07-07,新北市,貢寮區,2,777,4.43
97579,2022-07-06,新北市,貢寮區,6,775,4.86
97967,2022-07-05,新北市,貢寮區,3,769,5.29
98357,2022-07-04,新北市,貢寮區,9,766,7.43
98746,2022-07-03,新北市,貢寮區,1,757,6.43
99129,2022-07-02,新北市,貢寮區,5,756,7.29
99519,2022-07-01,新北市,貢寮區,5,751,8.43
99911,2022-06-30,新北市,貢寮區,5,746,9.14
100302,2022-06-29,新北市,貢寮區,9,741,9.71
100692,2022-06-28,新北市,貢寮區,18,732,9.57
101083,2022-06-27,新北市,貢寮區,2,714,8.00
101470,2022-06-26,新北市,貢寮區,7,712,9.43
101857,2022-06-25,新北市,貢寮區,13,705,9.57
102246,2022-06-24,新北市,貢寮區,10,692,8.57
102637,2022-06-23,新北市,貢寮區,9,682,9.29
103030,2022-06-22,新北市,貢寮區,8,673,9.57
103419,2022-06-21,新北市,貢寮區,7,665,9.71
103811,2022-06-20,新北市,貢寮區,12,658,13.57
104201,2022-06-19,新北市,貢寮區,8,646,12.29
104592,2022-06-18,新北市,貢寮區,6,638,12.43
104983,2022-06-17,新北市,貢寮區,15,632,14.43
105373,2022-06-16,新北市,貢寮區,11,617,12.57
105763,2022-06-15,新北市,貢寮區,9,606,13.86
106153,2022-06-14,新北市,貢寮區,34,597,15.29
106545,2022-06-13,新北市,貢寮區,3,563,12.14
106935,2022-06-12,新北市,貢寮區,9,560,15.14
107322,2022-06-11,新北市,貢寮區,20,551,14.86
107714,2022-06-10,新北市,貢寮區,2,531,14.00
108103,2022-06-09,新北市,貢寮區,20,529,14.57
108492,2022-06-08,新北市,貢寮區,19,509,16.00
108882,2022-06-07,新北市,貢寮區,12,490,14.29
109274,2022-06-06,新北市,貢寮區,24,478,14.14
109664,2022-06-05,新北市,貢寮區,7,454,12.43
110053,2022-06-04,新北市,貢寮區,14,447,12.57
110443,2022-06-03,新北市,貢寮區,6,433,11.57
110834,2022-06-02,新北市,貢寮區,30,427,12.00
111224,2022-06-01,新北市,貢寮區,7,397,11.14
111616,2022-05-31,新北市,貢寮區,11,390,11.86
112007,2022-05-30,新北市,貢寮區,12,379,12.71
112398,2022-05-29,新北市,貢寮區,8,367,14.43
112789,2022-05-28,新北市,貢寮區,7,359,15.14
113179,2022-05-27,新北市,貢寮區,9,352,15.43
113569,2022-05-26,新北市,貢寮區,24,343,16.43
113960,2022-05-25,新北市,貢寮區,12,319,15.57
114350,2022-05-24,新北市,貢寮區,17,307,16.29
114742,2022-05-23,新北市,貢寮區,24,290,18.00
115133,2022-05-22,新北市,貢寮區,13,266,15.29
115524,2022-05-21,新北市,貢寮區,9,253,13.86
115909,2022-05-20,新北市,貢寮區,16,244,13.57
116297,2022-05-19,新北市,貢寮區,18,228,13.00
116685,2022-05-18,新北市,貢寮區,17,210,12.71
117076,2022-05-17,新北市,貢寮區,29,193,11.86
117465,2022-05-16,新北市,貢寮區,5,164,9.00
117853,2022-05-15,新北市,貢寮區,3,159,9.29
118237,2022-05-14,新北市,貢寮區,7,156,9.43
118622,2022-05-13,新北市,貢寮區,12,149,9.00
119009,2022-05-12,新北市,貢寮區,16,137,8.00
119393,2022-05-11,新北市,貢寮區,11,121,7.00
119778,2022-05-10,新北市,貢寮區,9,110,6.14
120160,2022-05-09,新北市,貢寮區,7,101,6.14
120541,2022-05-08,新北市,貢寮區,4,94,5.86
120926,2022-05-07,新北市,貢寮區,4,90,6.14
121304,2022-05-06,新北市,貢寮區,5,86,7.57
121681,2022-05-05,新北市,貢寮區,9,81,7.00
122049,2022-05-04,新北市,貢寮區,5,72,6.00
122413,2022-05-03,新北市,貢寮區,9,67,5.57
122768,2022-05-02,新北市,貢寮區,5,58,4.43
123113,2022-05-01,新北市,貢寮區,6,53,3.71
123448,2022-04-30,新北市,貢寮區,14,47,3.00
123775,2022-04-29,新北市,貢寮區,1,33,2.71
124089,2022-04-28,新北市,貢寮區,2,32,2.71
124397,2022-04-27,新北市,貢寮區,2,30,3.57
124694,2022-04-26,新北市,貢寮區,1,28,3.43
125248,2022-04-24,新北市,貢寮區,1,27,3.71
125487,2022-04-23,新北市,貢寮區,12,26,3.57
125735,2022-04-22,新北市,貢寮區,1,14,1.86
125972,2022-04-21,新北市,貢寮區,8,13,1.71
126205,2022-04-20,新北市,貢寮區,1,5,0.57
126403,2022-04-19,新北市,貢寮區,2,4,0.43
126595,2022-04-18,新北市,貢寮區,1,2,0.14
130536,2021-08-05,新北市,貢寮區,1,1,0.14
