UID,個案研判日,縣市別,區域,新增確診人數,累計確診人數,七天移動平均新增確診人數
143,2023-06-14,新竹市,北區,7,71518,1.00
394,2023-03-23,新竹市,北區,2,71511,26.00
515,2023-03-21,新竹市,北區,4,71509,42.86
680,2023-03-20,新竹市,北區,17,71505,57.57
970,2023-03-19,新竹市,北區,47,71488,65.57
1299,2023-03-18,新竹市,北區,54,71441,65.86
1638,2023-03-17,新竹市,北區,58,71387,65.86
1991,2023-03-16,新竹市,北區,47,71329,66.86
2343,2023-03-15,新竹市,北區,73,71282,71.00
2694,2023-03-14,新竹市,北區,107,71209,72.00
3052,2023-03-13,新竹市,北區,73,71102,71.14
3410,2023-03-12,新竹市,北區,49,71029,68.43
3756,2023-03-11,新竹市,北區,54,70980,70.86
4108,2023-03-10,新竹市,北區,65,70926,75.71
4464,2023-03-09,新竹市,北區,76,70861,77.00
4823,2023-03-08,新竹市,北區,80,70785,80.86
5176,2023-03-07,新竹市,北區,101,70705,83.43
5536,2023-03-06,新竹市,北區,54,70604,82.29
5900,2023-03-05,新竹市,北區,66,70550,85.14
6239,2023-03-04,新竹市,北區,88,70484,81.00
6592,2023-03-03,新竹市,北區,74,70396,79.57
6951,2023-03-02,新竹市,北區,103,70322,84.14
7315,2023-03-01,新竹市,北區,98,70219,81.29
7686,2023-02-28,新竹市,北區,93,70121,82.57
8049,2023-02-27,新竹市,北區,74,70028,85.86
8408,2023-02-26,新竹市,北區,37,69954,89.29
8752,2023-02-25,新竹市,北區,78,69917,94.71
9122,2023-02-24,新竹市,北區,106,69839,98.29
9483,2023-02-23,新竹市,北區,83,69733,96.29
9854,2023-02-22,新竹市,北區,107,69650,99.14
10228,2023-02-21,新竹市,北區,116,69543,103.86
10598,2023-02-20,新竹市,北區,98,69427,109.14
10977,2023-02-19,新竹市,北區,75,69329,115.43
11336,2023-02-18,新竹市,北區,103,69254,118.57
11702,2023-02-17,新竹市,北區,92,69151,124.00
12075,2023-02-16,新竹市,北區,103,69059,130.43
12450,2023-02-15,新竹市,北區,140,68956,139.57
12823,2023-02-14,新竹市,北區,153,68816,144.86
13195,2023-02-13,新竹市,北區,142,68663,148.14
13573,2023-02-12,新竹市,北區,97,68521,147.57
13931,2023-02-11,新竹市,北區,141,68424,152.14
14303,2023-02-10,新竹市,北區,137,68283,157.71
14676,2023-02-09,新竹市,北區,167,68146,162.14
15053,2023-02-08,新竹市,北區,177,67979,164.57
15432,2023-02-07,新竹市,北區,176,67802,166.86
15811,2023-02-06,新竹市,北區,138,67626,180.43
16192,2023-02-05,新竹市,北區,129,67488,187.29
16561,2023-02-04,新竹市,北區,180,67359,197.86
16940,2023-02-03,新竹市,北區,168,67179,205.71
17326,2023-02-02,新竹市,北區,184,67011,209.86
17709,2023-02-01,新竹市,北區,193,66827,205.29
18086,2023-01-31,新竹市,北區,271,66634,197.71
18471,2023-01-30,新竹市,北區,186,66363,175.71
18860,2023-01-29,新竹市,北區,203,66177,162.71
19236,2023-01-28,新竹市,北區,235,65974,144.00
19615,2023-01-27,新竹市,北區,197,65739,135.71
19993,2023-01-26,新竹市,北區,152,65542,124.57
20370,2023-01-25,新竹市,北區,140,65390,122.86
20735,2023-01-24,新竹市,北區,117,65250,125.14
21110,2023-01-23,新竹市,北區,95,65133,132.29
21477,2023-01-22,新竹市,北區,72,65038,137.14
21841,2023-01-21,新竹市,北區,177,64966,149.29
22213,2023-01-20,新竹市,北區,119,64789,146.43
22580,2023-01-19,新竹市,北區,140,64670,151.14
22951,2023-01-18,新竹市,北區,156,64530,155.57
23322,2023-01-17,新竹市,北區,167,64374,161.29
23687,2023-01-16,新竹市,北區,129,64207,167.00
24063,2023-01-15,新竹市,北區,157,64078,174.00
24429,2023-01-14,新竹市,北區,157,63921,172.43
24798,2023-01-13,新竹市,北區,152,63764,179.86
25166,2023-01-12,新竹市,北區,171,63612,185.86
25541,2023-01-11,新竹市,北區,196,63441,199.14
25917,2023-01-10,新竹市,北區,207,63245,209.43
26289,2023-01-09,新竹市,北區,178,63038,222.86
26667,2023-01-08,新竹市,北區,146,62860,222.57
27024,2023-01-07,新竹市,北區,209,62714,226.00
27396,2023-01-06,新竹市,北區,194,62505,229.57
27772,2023-01-05,新竹市,北區,264,62311,238.43
28152,2023-01-04,新竹市,北區,268,62047,239.29
28533,2023-01-03,新竹市,北區,301,61779,244.57
28914,2023-01-02,新竹市,北區,176,61478,242.57
29286,2023-01-01,新竹市,北區,170,61302,245.86
29648,2022-12-31,新竹市,北區,234,61132,244.14
30014,2022-12-30,新竹市,北區,256,60898,241.57
30386,2022-12-29,新竹市,北區,270,60642,230.14
30758,2022-12-28,新竹市,北區,305,60372,216.57
31129,2022-12-27,新竹市,北區,287,60067,202.00
31506,2022-12-26,新竹市,北區,199,59780,186.00
31878,2022-12-25,新竹市,北區,158,59581,177.57
32232,2022-12-24,新竹市,北區,216,59423,167.86
32592,2022-12-23,新竹市,北區,176,59207,157.00
32956,2022-12-22,新竹市,北區,175,59031,153.43
33323,2022-12-21,新竹市,北區,203,58856,147.86
33693,2022-12-20,新竹市,北區,175,58653,139.00
34056,2022-12-19,新竹市,北區,140,58478,138.14
34427,2022-12-18,新竹市,北區,90,58338,136.71
34775,2022-12-17,新竹市,北區,140,58248,140.57
35135,2022-12-16,新竹市,北區,151,58108,139.14
35500,2022-12-15,新竹市,北區,136,57957,140.43
35871,2022-12-14,新竹市,北區,141,57821,141.14
36230,2022-12-13,新竹市,北區,169,57680,144.29
36604,2022-12-12,新竹市,北區,130,57511,141.00
36975,2022-12-11,新竹市,北區,117,57381,142.00
37327,2022-12-10,新竹市,北區,130,57264,140.00
37696,2022-12-09,新竹市,北區,160,57134,137.71
38061,2022-12-08,新竹市,北區,141,56974,129.29
38434,2022-12-07,新竹市,北區,163,56833,126.57
38805,2022-12-06,新竹市,北區,146,56670,125.71
39177,2022-12-05,新竹市,北區,137,56524,129.14
39555,2022-12-04,新竹市,北區,103,56387,126.86
39920,2022-12-03,新竹市,北區,114,56284,125.57
40290,2022-12-02,新竹市,北區,101,56170,128.86
40659,2022-12-01,新竹市,北區,122,56069,133.29
41029,2022-11-30,新竹市,北區,157,55947,131.71
41400,2022-11-29,新竹市,北區,170,55790,129.71
41780,2022-11-28,新竹市,北區,121,55620,128.57
42157,2022-11-27,新竹市,北區,94,55499,129.57
42518,2022-11-26,新竹市,北區,137,55405,131.00
42874,2022-11-25,新竹市,北區,132,55268,132.43
43246,2022-11-24,新竹市,北區,111,55136,133.71
43616,2022-11-23,新竹市,北區,143,55025,138.14
43987,2022-11-22,新竹市,北區,162,54882,139.86
44361,2022-11-21,新竹市,北區,128,54720,140.00
44743,2022-11-20,新竹市,北區,104,54592,138.71
45107,2022-11-19,新竹市,北區,147,54488,147.00
45481,2022-11-18,新竹市,北區,141,54341,146.00
45853,2022-11-17,新竹市,北區,142,54200,146.14
46226,2022-11-16,新竹市,北區,155,54058,143.71
46606,2022-11-15,新竹市,北區,163,53903,144.43
46987,2022-11-14,新竹市,北區,119,53740,146.14
47368,2022-11-13,新竹市,北區,162,53621,145.29
47738,2022-11-12,新竹市,北區,140,53459,138.00
48114,2022-11-11,新竹市,北區,142,53319,142.43
48494,2022-11-10,新竹市,北區,125,53177,147.00
48876,2022-11-09,新竹市,北區,160,53052,151.14
49260,2022-11-08,新竹市,北區,175,52892,162.43
49645,2022-11-07,新竹市,北區,113,52717,171.29
50030,2022-11-06,新竹市,北區,111,52604,180.29
50399,2022-11-05,新竹市,北區,171,52493,191.00
50774,2022-11-04,新竹市,北區,174,52322,198.29
51160,2022-11-03,新竹市,北區,154,52148,204.86
51540,2022-11-02,新竹市,北區,239,51994,216.00
51926,2022-11-01,新竹市,北區,237,51755,217.14
52311,2022-10-31,新竹市,北區,176,51518,222.57
52694,2022-10-30,新竹市,北區,186,51342,222.57
53073,2022-10-29,新竹市,北區,222,51156,226.14
53452,2022-10-28,新竹市,北區,220,50934,234.71
53839,2022-10-27,新竹市,北區,232,50714,241.86
54226,2022-10-26,新竹市,北區,247,50482,244.71
54610,2022-10-25,新竹市,北區,275,50235,248.71
54999,2022-10-24,新竹市,北區,176,49960,252.86
55389,2022-10-23,新竹市,北區,211,49784,259.29
55766,2022-10-22,新竹市,北區,282,49573,260.71
56151,2022-10-21,新竹市,北區,270,49291,259.14
56541,2022-10-20,新竹市,北區,252,49021,264.57
56926,2022-10-19,新竹市,北區,275,48769,276.71
57313,2022-10-18,新竹市,北區,304,48494,295.00
57703,2022-10-17,新竹市,北區,221,48190,289.57
58093,2022-10-16,新竹市,北區,221,47969,285.57
58477,2022-10-15,新竹市,北區,271,47748,294.00
58862,2022-10-14,新竹市,北區,308,47477,298.14
59252,2022-10-13,新竹市,北區,337,47169,297.29
59643,2022-10-12,新竹市,北區,403,46832,297.43
60032,2022-10-11,新竹市,北區,266,46429,280.29
60424,2022-10-10,新竹市,北區,193,46163,299.00
60808,2022-10-09,新竹市,北區,280,45970,312.86
61195,2022-10-08,新竹市,北區,300,45690,316.14
61584,2022-10-07,新竹市,北區,302,45390,316.57
61971,2022-10-06,新竹市,北區,338,45088,322.57
62362,2022-10-05,新竹市,北區,283,44750,324.00
62749,2022-10-04,新竹市,北區,397,44467,330.86
63137,2022-10-03,新竹市,北區,290,44070,326.00
63528,2022-10-02,新竹市,北區,303,43780,332.29
63910,2022-10-01,新竹市,北區,303,43477,323.00
64296,2022-09-30,新竹市,北區,344,43174,326.00
64680,2022-09-29,新竹市,北區,348,42830,324.29
65068,2022-09-28,新竹市,北區,331,42482,315.71
65456,2022-09-27,新竹市,北區,363,42151,313.86
65843,2022-09-26,新竹市,北區,334,41788,311.71
66232,2022-09-25,新竹市,北區,238,41454,300.86
66615,2022-09-24,新竹市,北區,324,41216,305.43
66998,2022-09-23,新竹市,北區,332,40892,303.29
67387,2022-09-22,新竹市,北區,288,40560,300.14
67774,2022-09-21,新竹市,北區,318,40272,299.29
68163,2022-09-20,新竹市,北區,348,39954,311.43
68553,2022-09-19,新竹市,北區,258,39606,315.00
68944,2022-09-18,新竹市,北區,270,39348,318.14
69326,2022-09-17,新竹市,北區,309,39078,308.00
69714,2022-09-16,新竹市,北區,310,38769,303.86
70099,2022-09-15,新竹市,北區,282,38459,298.00
70486,2022-09-14,新竹市,北區,403,38177,298.71
70871,2022-09-13,新竹市,北區,373,37774,279.57
71260,2022-09-12,新竹市,北區,280,37401,277.00
71650,2022-09-11,新竹市,北區,199,37121,272.71
72032,2022-09-10,新竹市,北區,280,36922,278.14
72414,2022-09-09,新竹市,北區,269,36642,285.57
72796,2022-09-08,新竹市,北區,287,36373,291.57
73183,2022-09-07,新竹市,北區,269,36086,296.71
73567,2022-09-06,新竹市,北區,355,35817,303.00
73953,2022-09-05,新竹市,北區,250,35462,302.71
74340,2022-09-04,新竹市,北區,237,35212,297.14
74722,2022-09-03,新竹市,北區,332,34975,294.14
75109,2022-09-02,新竹市,北區,311,34643,287.43
75495,2022-09-01,新竹市,北區,323,34332,278.29
75884,2022-08-31,新竹市,北區,313,34009,265.00
76271,2022-08-30,新竹市,北區,353,33696,252.29
76659,2022-08-29,新竹市,北區,211,33343,241.43
77049,2022-08-28,新竹市,北區,216,33132,239.71
77430,2022-08-27,新竹市,北區,285,32916,232.86
77817,2022-08-26,新竹市,北區,247,32631,220.29
78202,2022-08-25,新竹市,北區,230,32384,212.71
78588,2022-08-24,新竹市,北區,224,32154,204.71
78975,2022-08-23,新竹市,北區,277,31930,200.14
79358,2022-08-22,新竹市,北區,199,31653,193.14
79748,2022-08-21,新竹市,北區,168,31454,187.57
80123,2022-08-20,新竹市,北區,197,31286,184.29
80508,2022-08-19,新竹市,北區,194,31089,178.14
80892,2022-08-18,新竹市,北區,174,30895,172.43
81281,2022-08-17,新竹市,北區,192,30721,172.71
81666,2022-08-16,新竹市,北區,228,30529,169.86
82053,2022-08-15,新竹市,北區,160,30301,165.57
82440,2022-08-14,新竹市,北區,145,30141,168.43
82817,2022-08-13,新竹市,北區,154,29996,164.71
83196,2022-08-12,新竹市,北區,154,29842,167.00
83582,2022-08-11,新竹市,北區,176,29688,164.86
83968,2022-08-10,新竹市,北區,172,29512,163.14
84354,2022-08-09,新竹市,北區,198,29340,164.57
84736,2022-08-08,新竹市,北區,180,29142,164.57
85121,2022-08-07,新竹市,北區,119,28962,159.14
85494,2022-08-06,新竹市,北區,170,28843,163.71
85873,2022-08-05,新竹市,北區,139,28673,162.57
86260,2022-08-04,新竹市,北區,164,28534,166.71
86645,2022-08-03,新竹市,北區,182,28370,169.43
87028,2022-08-02,新竹市,北區,198,28188,171.43
87413,2022-08-01,新竹市,北區,142,27990,173.43
87801,2022-07-31,新竹市,北區,151,27848,172.86
88177,2022-07-30,新竹市,北區,162,27697,171.43
88556,2022-07-29,新竹市,北區,168,27535,175.29
88940,2022-07-28,新竹市,北區,183,27367,177.57
89326,2022-07-27,新竹市,北區,196,27184,179.86
89717,2022-07-26,新竹市,北區,212,26988,180.29
90104,2022-07-25,新竹市,北區,138,26776,175.86
90488,2022-07-24,新竹市,北區,141,26638,176.86
90865,2022-07-23,新竹市,北區,189,26497,175.43
91250,2022-07-22,新竹市,北區,184,26308,173.71
91636,2022-07-21,新竹市,北區,199,26124,163.29
92020,2022-07-20,新竹市,北區,199,25925,157.00
92407,2022-07-19,新竹市,北區,181,25726,155.71
92795,2022-07-18,新竹市,北區,145,25545,160.43
93184,2022-07-17,新竹市,北區,131,25400,163.29
93562,2022-07-16,新竹市,北區,177,25269,165.00
93949,2022-07-15,新竹市,北區,111,25092,167.29
94336,2022-07-14,新竹市,北區,155,24981,178.43
94724,2022-07-13,新竹市,北區,190,24826,187.29
95113,2022-07-12,新竹市,北區,214,24636,186.43
95501,2022-07-11,新竹市,北區,165,24422,191.00
95889,2022-07-10,新竹市,北區,143,24257,195.57
96272,2022-07-09,新竹市,北區,193,24114,199.86
96659,2022-07-08,新竹市,北區,189,23921,210.57
97050,2022-07-07,新竹市,北區,217,23732,219.86
97441,2022-07-06,新竹市,北區,184,23515,219.14
97830,2022-07-05,新竹市,北區,246,23331,231.29
98219,2022-07-04,新竹市,北區,197,23085,238.29
98608,2022-07-03,新竹市,北區,173,22888,240.71
98993,2022-07-02,新竹市,北區,268,22715,245.14
99381,2022-07-01,新竹市,北區,254,22447,244.71
99773,2022-06-30,新竹市,北區,212,22193,243.57
100164,2022-06-29,新竹市,北區,269,21981,252.00
100554,2022-06-28,新竹市,北區,295,21712,256.86
100945,2022-06-27,新竹市,北區,214,21417,267.00
101334,2022-06-26,新竹市,北區,204,21203,279.86
101719,2022-06-25,新竹市,北區,265,20999,287.71
102109,2022-06-24,新竹市,北區,246,20734,293.14
102500,2022-06-23,新竹市,北區,271,20488,302.57
102892,2022-06-22,新竹市,北區,303,20217,310.57
103282,2022-06-21,新竹市,北區,366,19914,332.00
103673,2022-06-20,新竹市,北區,304,19548,336.14
104064,2022-06-19,新竹市,北區,259,19244,344.00
104454,2022-06-18,新竹市,北區,303,18985,346.86
104845,2022-06-17,新竹市,北區,312,18682,376.57
105236,2022-06-16,新竹市,北區,327,18370,375.86
105626,2022-06-15,新竹市,北區,453,18043,390.57
106016,2022-06-14,新竹市,北區,395,17590,401.43
106407,2022-06-13,新竹市,北區,359,17195,431.57
106798,2022-06-12,新竹市,北區,279,16836,441.71
107185,2022-06-11,新竹市,北區,511,16557,453.00
107576,2022-06-10,新竹市,北區,307,16046,431.71
107965,2022-06-09,新竹市,北區,430,15739,450.71
108356,2022-06-08,新竹市,北區,529,15309,460.14
108744,2022-06-07,新竹市,北區,606,14780,459.71
109136,2022-06-06,新竹市,北區,430,14174,467.14
109527,2022-06-05,新竹市,北區,358,13744,487.57
109916,2022-06-04,新竹市,北區,362,13386,502.14
110305,2022-06-03,新竹市,北區,440,13024,523.86
110697,2022-06-02,新竹市,北區,496,12584,553.00
111087,2022-06-01,新竹市,北區,526,12088,577.14
111478,2022-05-31,新竹市,北區,658,11562,579.00
111870,2022-05-30,新竹市,北區,573,10904,560.71
112260,2022-05-29,新竹市,北區,460,10331,566.86
112651,2022-05-28,新竹市,北區,514,9871,565.86
113041,2022-05-27,新竹市,北區,644,9357,560.43
113432,2022-05-26,新竹市,北區,665,8713,533.57
113823,2022-05-25,新竹市,北區,539,8048,521.14
114213,2022-05-24,新竹市,北區,530,7509,535.57
114604,2022-05-23,新竹市,北區,616,6979,507.86
114995,2022-05-22,新竹市,北區,453,6363,471.57
115386,2022-05-21,新竹市,北區,476,5910,447.29
115773,2022-05-20,新竹市,北區,456,5434,443.71
116159,2022-05-19,新竹市,北區,578,4978,432.14
116548,2022-05-18,新竹市,北區,640,4400,362.86
116938,2022-05-17,新竹市,北區,336,3760,306.00
117328,2022-05-16,新竹市,北區,362,3424,308.00
117716,2022-05-15,新竹市,北區,283,3062,278.71
118102,2022-05-14,新竹市,北區,451,2779,253.00
118485,2022-05-13,新竹市,北區,375,2328,213.00
118872,2022-05-12,新竹市,北區,93,1953,183.57
119256,2022-05-11,新竹市,北區,242,1860,190.00
119641,2022-05-10,新竹市,北區,350,1618,163.86
120026,2022-05-09,新竹市,北區,157,1268,123.00
120405,2022-05-08,新竹市,北區,103,1111,107.29
120790,2022-05-07,新竹市,北區,171,1008,97.00
121168,2022-05-06,新竹市,北區,169,837,79.86
121546,2022-05-05,新竹市,北區,138,668,61.14
121919,2022-05-04,新竹市,北區,59,530,45.00
122279,2022-05-03,新竹市,北區,64,471,42.86
122638,2022-05-02,新竹市,北區,47,407,36.43
122988,2022-05-01,新竹市,北區,31,360,32.29
123325,2022-04-30,新竹市,北區,51,329,30.14
123655,2022-04-29,新竹市,北區,38,278,24.71
123973,2022-04-28,新竹市,北區,25,240,20.71
124288,2022-04-27,新竹市,北區,44,215,18.43
124586,2022-04-26,新竹市,北區,19,171,13.86
124875,2022-04-25,新竹市,北區,18,152,12.29
125151,2022-04-24,新竹市,北區,16,134,11.86
125395,2022-04-23,新竹市,北區,13,118,10.29
125642,2022-04-22,新竹市,北區,10,105,8.71
125889,2022-04-21,新竹市,北區,9,95,8.29
126119,2022-04-20,新竹市,北區,12,86,7.71
126330,2022-04-19,新竹市,北區,8,74,6.29
126528,2022-04-18,新竹市,北區,15,66,5.71
126707,2022-04-17,新竹市,北區,5,51,4.00
126870,2022-04-16,新竹市,北區,2,46,3.86
127030,2022-04-15,新竹市,北區,7,44,4.14
127198,2022-04-14,新竹市,北區,5,37,3.43
127360,2022-04-13,新竹市,北區,2,32,2.86
127511,2022-04-12,新竹市,北區,4,30,2.57
127658,2022-04-11,新竹市,北區,3,26,2.43
127791,2022-04-10,新竹市,北區,4,23,2.14
127919,2022-04-09,新竹市,北區,4,19,1.57
128035,2022-04-08,新竹市,北區,2,15,1.00
128148,2022-04-07,新竹市,北區,1,13,0.71
128370,2022-04-05,新竹市,北區,3,12,0.57
128459,2022-04-04,新竹市,北區,1,9,0.14
129627,2022-01-23,新竹市,北區,1,8,0.14
131187,2021-07-03,新竹市,北區,1,7,0.29
131219,2021-07-02,新竹市,北區,1,6,0.14
132379,2021-06-08,新竹市,北區,1,5,0.29
132433,2021-06-07,新竹市,北區,1,4,0.14
133036,2021-05-30,新竹市,北區,1,3,0.14
133658,2021-05-23,新竹市,北區,1,2,0.29
133968,2021-05-19,新竹市,北區,1,1,0.14
