UID,個案研判日,縣市別,區域,新增確診人數,累計確診人數,七天移動平均新增確診人數
2227,2023-03-16,新竹縣,五峰鄉,1,1187,0.86
2580,2023-03-15,新竹縣,五峰鄉,1,1186,0.86
2936,2023-03-14,新竹縣,五峰鄉,1,1185,0.71
3293,2023-03-13,新竹縣,五峰鄉,2,1184,0.71
4347,2023-03-10,新竹縣,五峰鄉,1,1182,0.43
4703,2023-03-09,新竹縣,五峰鄉,1,1181,0.29
5418,2023-03-07,新竹縣,五峰鄉,1,1180,0.14
8637,2023-02-26,新竹縣,五峰鄉,1,1179,1.00
9007,2023-02-25,新竹縣,五峰鄉,1,1178,1.00
9735,2023-02-23,新竹縣,五峰鄉,1,1177,1.43
10109,2023-02-22,新竹縣,五峰鄉,3,1176,1.57
10855,2023-02-20,新竹縣,五峰鄉,1,1173,1.29
11216,2023-02-19,新竹縣,五峰鄉,1,1172,1.43
11585,2023-02-18,新竹縣,五峰鄉,4,1171,1.29
12331,2023-02-16,新竹縣,五峰鄉,2,1167,1.00
13078,2023-02-14,新竹縣,五峰鄉,1,1165,1.14
13453,2023-02-13,新竹縣,五峰鄉,2,1164,1.29
14189,2023-02-11,新竹縣,五峰鄉,1,1162,1.14
14556,2023-02-10,新竹縣,五峰鄉,1,1161,1.29
14931,2023-02-09,新竹縣,五峰鄉,1,1160,1.29
15310,2023-02-08,新竹縣,五峰鄉,2,1159,1.43
15691,2023-02-07,新竹縣,五峰鄉,2,1157,1.14
16071,2023-02-06,新竹縣,五峰鄉,1,1155,1.00
16819,2023-02-04,新竹縣,五峰鄉,2,1154,1.14
17202,2023-02-03,新竹縣,五峰鄉,1,1152,1.14
17586,2023-02-02,新竹縣,五峰鄉,2,1151,1.29
18348,2023-01-31,新竹縣,五峰鄉,1,1149,1.71
18736,2023-01-30,新竹縣,五峰鄉,1,1148,1.86
19117,2023-01-29,新竹縣,五峰鄉,1,1147,1.71
19496,2023-01-28,新竹縣,五峰鄉,2,1146,2.14
19871,2023-01-27,新竹縣,五峰鄉,2,1144,2.43
20249,2023-01-26,新竹縣,五峰鄉,4,1142,2.14
20621,2023-01-25,新竹縣,五峰鄉,1,1138,2.00
20989,2023-01-24,新竹縣,五峰鄉,2,1137,1.86
21723,2023-01-22,新竹縣,五峰鄉,4,1135,1.71
22096,2023-01-21,新竹縣,五峰鄉,4,1131,1.14
22831,2023-01-19,新竹縣,五峰鄉,3,1127,0.71
23943,2023-01-16,新竹縣,五峰鄉,1,1124,1.00
25046,2023-01-13,新竹縣,五峰鄉,1,1123,1.43
25423,2023-01-12,新竹縣,五峰鄉,2,1122,1.86
25795,2023-01-11,新竹縣,五峰鄉,2,1120,1.71
26169,2023-01-10,新竹縣,五峰鄉,1,1118,2.14
26546,2023-01-09,新竹縣,五峰鄉,1,1117,2.14
26913,2023-01-08,新竹縣,五峰鄉,2,1116,2.14
27278,2023-01-07,新竹縣,五峰鄉,1,1114,1.86
27649,2023-01-06,新竹縣,五峰鄉,4,1113,1.71
28030,2023-01-05,新竹縣,五峰鄉,1,1109,1.14
28411,2023-01-04,新竹縣,五峰鄉,5,1108,1.14
28792,2023-01-03,新竹縣,五峰鄉,1,1103,0.43
29167,2023-01-02,新竹縣,五峰鄉,1,1102,0.43
30639,2022-12-29,新竹縣,五峰鄉,1,1101,0.29
31387,2022-12-27,新竹縣,五峰鄉,1,1100,0.14
34308,2022-12-19,新竹縣,五峰鄉,1,1099,0.57
34660,2022-12-18,新竹縣,五峰鄉,1,1098,0.43
35751,2022-12-15,新竹縣,五峰鄉,1,1097,0.29
36484,2022-12-13,新竹縣,五峰鄉,1,1096,0.14
39056,2022-12-06,新竹縣,五峰鄉,1,1095,0.86
39803,2022-12-04,新竹縣,五峰鄉,1,1094,1.57
40173,2022-12-03,新竹縣,五峰鄉,1,1093,1.43
40543,2022-12-02,新竹縣,五峰鄉,3,1092,1.29
41659,2022-11-29,新竹縣,五峰鄉,2,1089,0.86
42038,2022-11-28,新竹縣,五峰鄉,4,1087,0.57
44991,2022-11-20,新竹縣,五峰鄉,1,1083,1.86
45731,2022-11-18,新竹縣,五峰鄉,2,1082,2.57
46484,2022-11-16,新竹縣,五峰鄉,6,1080,3.43
46865,2022-11-15,新竹縣,五峰鄉,2,1074,2.71
47244,2022-11-14,新竹縣,五峰鄉,2,1072,2.86
47618,2022-11-13,新竹縣,五峰鄉,1,1070,2.57
47991,2022-11-12,新竹縣,五峰鄉,5,1069,2.57
48373,2022-11-11,新竹縣,五峰鄉,4,1064,1.86
48753,2022-11-10,新竹縣,五峰鄉,4,1060,1.57
49137,2022-11-09,新竹縣,五峰鄉,1,1056,1.14
49522,2022-11-08,新竹縣,五峰鄉,3,1055,1.14
50278,2022-11-06,新竹縣,五峰鄉,1,1052,0.71
51036,2022-11-04,新竹縣,五峰鄉,2,1051,0.57
51420,2022-11-03,新竹縣,五峰鄉,1,1049,0.43
51801,2022-11-02,新竹縣,五峰鄉,1,1048,0.43
53716,2022-10-28,新竹縣,五峰鄉,1,1047,1.57
54102,2022-10-27,新竹縣,五峰鄉,1,1046,1.71
54486,2022-10-26,新竹縣,五峰鄉,1,1045,2.00
54874,2022-10-25,新竹縣,五峰鄉,2,1044,2.14
55264,2022-10-24,新竹縣,五峰鄉,3,1042,2.43
56029,2022-10-22,新竹縣,五峰鄉,3,1039,2.43
56417,2022-10-21,新竹縣,五峰鄉,2,1036,2.29
56803,2022-10-20,新竹縣,五峰鄉,3,1034,3.14
57190,2022-10-19,新竹縣,五峰鄉,2,1031,3.57
57578,2022-10-18,新竹縣,五峰鄉,4,1029,3.57
57968,2022-10-17,新竹縣,五峰鄉,2,1025,3.29
58354,2022-10-16,新竹縣,五峰鄉,1,1023,3.00
58741,2022-10-15,新竹縣,五峰鄉,2,1022,3.14
59128,2022-10-14,新竹縣,五峰鄉,8,1020,3.14
59517,2022-10-13,新竹縣,五峰鄉,6,1012,2.29
59907,2022-10-12,新竹縣,五峰鄉,2,1006,2.14
60298,2022-10-11,新竹縣,五峰鄉,2,1004,2.00
61069,2022-10-09,新竹縣,五峰鄉,2,1002,2.43
61458,2022-10-08,新竹縣,五峰鄉,2,1000,2.43
61848,2022-10-07,新竹縣,五峰鄉,2,998,2.43
62236,2022-10-06,新竹縣,五峰鄉,5,996,2.43
62626,2022-10-05,新竹縣,五峰鄉,1,991,2.29
63012,2022-10-04,新竹縣,五峰鄉,4,990,2.14
63402,2022-10-03,新竹縣,五峰鄉,1,986,1.86
63789,2022-10-02,新竹縣,五峰鄉,2,985,2.86
64173,2022-10-01,新竹縣,五峰鄉,2,983,2.71
64559,2022-09-30,新竹縣,五峰鄉,2,981,2.43
64944,2022-09-29,新竹縣,五峰鄉,4,979,2.29
65721,2022-09-27,新竹縣,五峰鄉,2,975,2.71
66107,2022-09-26,新竹縣,五峰鄉,8,973,3.00
66492,2022-09-25,新竹縣,五峰鄉,1,965,3.57
67264,2022-09-23,新竹縣,五峰鄉,1,964,3.86
67651,2022-09-22,新竹縣,五峰鄉,4,963,4.29
68039,2022-09-21,新竹縣,五峰鄉,3,959,4.00
68428,2022-09-20,新竹縣,五峰鄉,4,956,4.43
68819,2022-09-19,新竹縣,五峰鄉,12,952,4.71
69588,2022-09-17,新竹縣,五峰鄉,3,940,5.00
69976,2022-09-16,新竹縣,五峰鄉,4,937,5.00
70362,2022-09-15,新竹縣,五峰鄉,2,933,4.71
70747,2022-09-14,新竹縣,五峰鄉,6,931,4.71
71135,2022-09-13,新竹縣,五峰鄉,6,925,5.14
71525,2022-09-12,新竹縣,五峰鄉,8,919,4.71
71910,2022-09-11,新竹縣,五峰鄉,6,911,4.57
72292,2022-09-10,新竹縣,五峰鄉,3,905,4.14
72674,2022-09-09,新竹縣,五峰鄉,2,902,3.86
73058,2022-09-08,新竹縣,五峰鄉,2,900,4.00
73446,2022-09-07,新竹縣,五峰鄉,9,898,3.86
73829,2022-09-06,新竹縣,五峰鄉,3,889,3.00
74216,2022-09-05,新竹縣,五峰鄉,7,886,2.57
74599,2022-09-04,新竹縣,五峰鄉,3,879,2.29
74986,2022-09-03,新竹縣,五峰鄉,1,876,2.29
75372,2022-09-02,新竹縣,五峰鄉,3,875,2.29
75760,2022-09-01,新竹縣,五峰鄉,1,872,1.86
76147,2022-08-31,新竹縣,五峰鄉,3,871,2.57
76924,2022-08-29,新竹縣,五峰鄉,5,868,3.71
77306,2022-08-28,新竹縣,五峰鄉,3,863,3.57
77694,2022-08-27,新竹縣,五峰鄉,1,860,3.71
78466,2022-08-25,新竹縣,五峰鄉,6,859,5.14
78850,2022-08-24,新竹縣,五峰鄉,4,853,4.57
79236,2022-08-23,新竹縣,五峰鄉,7,849,4.43
79623,2022-08-22,新竹縣,五峰鄉,4,842,3.57
80002,2022-08-21,新竹縣,五峰鄉,4,838,3.29
80384,2022-08-20,新竹縣,五峰鄉,9,834,2.71
80770,2022-08-19,新竹縣,五峰鄉,2,825,1.57
81157,2022-08-18,新竹縣,五峰鄉,2,823,1.71
81544,2022-08-17,新竹縣,五峰鄉,3,821,2.43
81929,2022-08-16,新竹縣,五峰鄉,1,818,2.43
82317,2022-08-15,新竹縣,五峰鄉,2,817,2.86
83073,2022-08-13,新竹縣,五峰鄉,1,815,2.57
83457,2022-08-12,新竹縣,五峰鄉,3,814,2.57
83843,2022-08-11,新竹縣,五峰鄉,7,811,2.14
84231,2022-08-10,新竹縣,五峰鄉,3,804,1.14
84613,2022-08-09,新竹縣,五峰鄉,4,801,1.00
85751,2022-08-06,新竹縣,五峰鄉,1,797,1.57
86907,2022-08-03,新竹縣,五峰鄉,2,796,2.29
87678,2022-08-01,新竹縣,五峰鄉,3,794,2.43
88056,2022-07-31,新竹縣,五峰鄉,5,791,2.29
88434,2022-07-30,新竹縣,五峰鄉,2,786,2.29
88816,2022-07-29,新竹縣,五峰鄉,3,784,2.14
89203,2022-07-28,新竹縣,五峰鄉,1,781,1.86
89591,2022-07-27,新竹縣,五峰鄉,2,780,1.71
89980,2022-07-26,新竹縣,五峰鄉,1,778,1.86
90367,2022-07-25,新竹縣,五峰鄉,2,777,1.86
90745,2022-07-24,新竹縣,五峰鄉,5,775,2.14
91126,2022-07-23,新竹縣,五峰鄉,1,770,1.43
91513,2022-07-22,新竹縣,五峰鄉,1,769,1.57
92283,2022-07-20,新竹縣,五峰鄉,3,768,2.14
92670,2022-07-19,新竹縣,五峰鄉,1,765,2.00
93060,2022-07-18,新竹縣,五峰鄉,4,764,2.00
93825,2022-07-16,新竹縣,五峰鄉,2,760,2.86
94213,2022-07-15,新竹縣,五峰鄉,4,758,2.86
94600,2022-07-14,新竹縣,五峰鄉,1,754,2.86
94988,2022-07-13,新竹縣,五峰鄉,2,753,2.86
95376,2022-07-12,新竹縣,五峰鄉,1,751,2.71
95765,2022-07-11,新竹縣,五峰鄉,5,750,3.14
96149,2022-07-10,新竹縣,五峰鄉,5,745,3.00
96536,2022-07-09,新竹縣,五峰鄉,2,740,2.43
96924,2022-07-08,新竹縣,五峰鄉,4,738,2.71
97315,2022-07-07,新竹縣,五峰鄉,1,734,2.71
97705,2022-07-06,新竹縣,五峰鄉,1,733,3.86
98094,2022-07-05,新竹縣,五峰鄉,4,732,4.29
98482,2022-07-04,新竹縣,五峰鄉,4,728,4.71
98870,2022-07-03,新竹縣,五峰鄉,1,724,4.14
99255,2022-07-02,新竹縣,五峰鄉,4,723,5.71
99647,2022-07-01,新竹縣,五峰鄉,4,719,6.43
100039,2022-06-30,新竹縣,五峰鄉,9,715,7.29
100429,2022-06-29,新竹縣,五峰鄉,4,706,6.71
100819,2022-06-28,新竹縣,五峰鄉,7,702,7.00
101594,2022-06-26,新竹縣,五峰鄉,12,695,7.57
101983,2022-06-25,新竹縣,五峰鄉,9,683,6.43
102373,2022-06-24,新竹縣,五峰鄉,10,674,6.00
102765,2022-06-23,新竹縣,五峰鄉,5,664,5.71
103157,2022-06-22,新竹縣,五峰鄉,6,659,7.86
103547,2022-06-21,新竹縣,五峰鄉,5,653,8.14
103939,2022-06-20,新竹縣,五峰鄉,6,648,10.00
104328,2022-06-19,新竹縣,五峰鄉,4,642,10.57
104720,2022-06-18,新竹縣,五峰鄉,6,638,11.57
105111,2022-06-17,新竹縣,五峰鄉,8,632,12.43
105501,2022-06-16,新竹縣,五峰鄉,20,624,13.14
105891,2022-06-15,新竹縣,五峰鄉,8,604,11.86
106281,2022-06-14,新竹縣,五峰鄉,18,596,11.86
106673,2022-06-13,新竹縣,五峰鄉,10,578,10.57
107062,2022-06-12,新竹縣,五峰鄉,11,568,11.14
107450,2022-06-11,新竹縣,五峰鄉,12,557,11.29
107841,2022-06-10,新竹縣,五峰鄉,13,545,10.86
108230,2022-06-09,新竹縣,五峰鄉,11,532,12.71
108620,2022-06-08,新竹縣,五峰鄉,8,521,13.57
109010,2022-06-07,新竹縣,五峰鄉,9,513,14.57
109402,2022-06-06,新竹縣,五峰鄉,14,504,16.86
109791,2022-06-05,新竹縣,五峰鄉,12,490,16.14
110180,2022-06-04,新竹縣,五峰鄉,9,478,15.43
110571,2022-06-03,新竹縣,五峰鄉,26,469,16.14
110962,2022-06-02,新竹縣,五峰鄉,17,443,15.00
111352,2022-06-01,新竹縣,五峰鄉,15,426,15.29
111744,2022-05-31,新竹縣,五峰鄉,25,411,15.71
112135,2022-05-30,新竹縣,五峰鄉,9,386,14.57
112526,2022-05-29,新竹縣,五峰鄉,7,377,16.43
112915,2022-05-28,新竹縣,五峰鄉,14,370,17.57
113307,2022-05-27,新竹縣,五峰鄉,18,356,20.00
113697,2022-05-26,新竹縣,五峰鄉,19,338,19.71
114088,2022-05-25,新竹縣,五峰鄉,18,319,20.29
114478,2022-05-24,新竹縣,五峰鄉,17,301,20.86
114870,2022-05-23,新竹縣,五峰鄉,22,284,20.71
115260,2022-05-22,新竹縣,五峰鄉,15,262,19.86
115650,2022-05-21,新竹縣,五峰鄉,31,247,20.00
116037,2022-05-20,新竹縣,五峰鄉,16,216,18.43
116425,2022-05-19,新竹縣,五峰鄉,23,200,18.14
116813,2022-05-18,新竹縣,五峰鄉,22,177,17.14
117203,2022-05-17,新竹縣,五峰鄉,16,155,15.43
117590,2022-05-16,新竹縣,五峰鄉,16,139,14.57
117978,2022-05-15,新竹縣,五峰鄉,16,123,13.00
118362,2022-05-14,新竹縣,五峰鄉,20,107,11.86
118748,2022-05-13,新竹縣,五峰鄉,14,87,9.57
119133,2022-05-12,新竹縣,五峰鄉,16,73,8.14
119517,2022-05-11,新竹縣,五峰鄉,10,57,6.71
119904,2022-05-10,新竹縣,五峰鄉,10,47,5.71
120286,2022-05-09,新竹縣,五峰鄉,5,37,4.29
120665,2022-05-08,新竹縣,五峰鄉,8,32,3.86
121049,2022-05-07,新竹縣,五峰鄉,4,24,2.86
121429,2022-05-06,新竹縣,五峰鄉,4,20,2.71
121799,2022-05-05,新竹縣,五峰鄉,6,16,2.14
122164,2022-05-04,新竹縣,五峰鄉,3,10,1.29
122876,2022-05-02,新竹縣,五峰鄉,2,7,1.00
123213,2022-05-01,新竹縣,五峰鄉,1,5,0.71
123549,2022-04-30,新竹縣,五峰鄉,3,4,0.57
124775,2022-04-26,新竹縣,五峰鄉,1,1,0.14
