UID,個案研判日,縣市別,區域,新增確診人數,累計確診人數,七天移動平均新增確診人數
1164,2023-03-19,新竹縣,尖石鄉,1,2810,1.43
2196,2023-03-16,新竹縣,尖石鄉,1,2809,1.86
2548,2023-03-15,新竹縣,尖石鄉,1,2808,1.86
2906,2023-03-14,新竹縣,尖石鄉,1,2807,1.71
3263,2023-03-13,新竹縣,尖石鄉,6,2806,1.71
3966,2023-03-11,新竹縣,尖石鄉,3,2800,1.29
4319,2023-03-10,新竹縣,尖石鄉,1,2797,0.86
4672,2023-03-09,新竹縣,尖石鄉,1,2796,1.14
5386,2023-03-07,新竹縣,尖石鄉,1,2795,1.43
5751,2023-03-06,新竹縣,尖石鄉,3,2794,1.57
6801,2023-03-03,新竹縣,尖石鄉,3,2791,1.71
7165,2023-03-02,新竹縣,尖石鄉,3,2788,1.86
7900,2023-02-28,新竹縣,尖石鄉,2,2785,2.71
8608,2023-02-26,新竹縣,尖石鄉,3,2783,3.86
8972,2023-02-25,新竹縣,尖石鄉,1,2780,3.43
9335,2023-02-24,新竹縣,尖石鄉,4,2779,3.71
9702,2023-02-23,新竹縣,尖石鄉,5,2775,3.43
10076,2023-02-22,新竹縣,尖石鄉,4,2770,2.86
10447,2023-02-21,新竹縣,尖石鄉,6,2766,2.29
10821,2023-02-20,新竹縣,尖石鄉,4,2760,1.71
11551,2023-02-18,新竹縣,尖石鄉,3,2756,1.43
11923,2023-02-17,新竹縣,尖石鄉,2,2753,1.71
12296,2023-02-16,新竹縣,尖石鄉,1,2751,2.00
13044,2023-02-14,新竹縣,尖石鄉,2,2750,2.57
13419,2023-02-13,新竹縣,尖石鄉,1,2748,2.71
13787,2023-02-12,新竹縣,尖石鄉,1,2747,2.57
14154,2023-02-11,新竹縣,尖石鄉,5,2746,2.86
14522,2023-02-10,新竹縣,尖石鄉,4,2741,2.29
14896,2023-02-09,新竹縣,尖石鄉,2,2737,1.86
15275,2023-02-08,新竹縣,尖石鄉,3,2735,2.00
15656,2023-02-07,新竹縣,尖石鄉,3,2732,1.71
16408,2023-02-05,新竹縣,尖石鄉,3,2729,2.43
16785,2023-02-04,新竹縣,尖石鄉,1,2726,2.71
17165,2023-02-03,新竹縣,尖石鄉,1,2725,2.71
17552,2023-02-02,新竹縣,尖石鄉,3,2724,2.71
17931,2023-02-01,新竹縣,尖石鄉,1,2721,2.29
18314,2023-01-31,新竹縣,尖石鄉,2,2720,2.43
18699,2023-01-30,新竹縣,尖石鄉,6,2718,2.29
19083,2023-01-29,新竹縣,尖石鄉,5,2712,1.86
19461,2023-01-28,新竹縣,尖石鄉,1,2707,1.14
19838,2023-01-27,新竹縣,尖石鄉,1,2706,1.57
20587,2023-01-25,新竹縣,尖石鄉,2,2705,1.71
20956,2023-01-24,新竹縣,尖石鄉,1,2703,1.57
21324,2023-01-23,新竹縣,尖石鄉,3,2702,1.57
22062,2023-01-21,新竹縣,尖石鄉,4,2699,1.71
22798,2023-01-19,新竹縣,尖石鄉,2,2695,2.00
23170,2023-01-18,新竹縣,尖石鄉,1,2693,2.29
23535,2023-01-17,新竹縣,尖石鄉,1,2692,2.71
23908,2023-01-16,新竹縣,尖石鄉,3,2691,2.71
24280,2023-01-15,新竹縣,尖石鄉,1,2688,2.43
24646,2023-01-14,新竹縣,尖石鄉,4,2687,2.57
25014,2023-01-13,新竹縣,尖石鄉,2,2683,2.71
25388,2023-01-12,新竹縣,尖石鄉,4,2681,3.57
25761,2023-01-11,新竹縣,尖石鄉,4,2677,3.14
26136,2023-01-10,新竹縣,尖石鄉,1,2673,3.00
26512,2023-01-09,新竹縣,尖石鄉,1,2672,3.29
26878,2023-01-08,新竹縣,尖石鄉,2,2671,3.71
27243,2023-01-07,新竹縣,尖石鄉,5,2669,3.43
27615,2023-01-06,新竹縣,尖石鄉,8,2664,3.14
27996,2023-01-05,新竹縣,尖石鄉,1,2656,2.57
28376,2023-01-04,新竹縣,尖石鄉,3,2655,3.14
28758,2023-01-03,新竹縣,尖石鄉,3,2652,3.14
29133,2023-01-02,新竹縣,尖石鄉,4,2649,2.71
29866,2022-12-31,新竹縣,尖石鄉,3,2645,2.29
30232,2022-12-30,新竹縣,尖石鄉,4,2642,1.86
30605,2022-12-29,新竹縣,尖石鄉,5,2638,1.29
30977,2022-12-28,新竹縣,尖石鄉,3,2633,1.14
31725,2022-12-26,新竹縣,尖石鄉,1,2630,1.57
33172,2022-12-22,新竹縣,尖石鄉,4,2629,2.86
33541,2022-12-21,新竹縣,尖石鄉,2,2625,2.86
33907,2022-12-20,新竹縣,尖石鄉,4,2623,2.86
34274,2022-12-19,新竹縣,尖石鄉,2,2619,3.00
34629,2022-12-18,新竹縣,尖石鄉,3,2617,3.14
34989,2022-12-17,新竹縣,尖石鄉,2,2614,2.86
35352,2022-12-16,新竹縣,尖石鄉,3,2612,3.14
35717,2022-12-15,新竹縣,尖石鄉,4,2609,2.86
36079,2022-12-14,新竹縣,尖石鄉,2,2605,2.43
36448,2022-12-13,新竹縣,尖石鄉,5,2603,2.43
36826,2022-12-12,新竹縣,尖石鄉,3,2598,2.14
37177,2022-12-11,新竹縣,尖石鄉,1,2595,2.43
37544,2022-12-10,新竹縣,尖石鄉,4,2594,3.00
37912,2022-12-09,新竹縣,尖石鄉,1,2590,2.43
38281,2022-12-08,新竹縣,尖石鄉,1,2589,3.00
38655,2022-12-07,新竹縣,尖石鄉,2,2588,3.14
39021,2022-12-06,新竹縣,尖石鄉,3,2586,3.00
39398,2022-12-05,新竹縣,尖石鄉,5,2583,3.00
39771,2022-12-04,新竹縣,尖石鄉,5,2578,2.43
40507,2022-12-02,新竹縣,尖石鄉,5,2573,1.71
40874,2022-12-01,新竹縣,尖石鄉,2,2568,1.14
41248,2022-11-30,新竹縣,尖石鄉,1,2566,1.00
41623,2022-11-29,新竹縣,尖石鄉,3,2565,1.00
42002,2022-11-28,新竹縣,尖石鄉,1,2562,0.86
43094,2022-11-25,新竹縣,尖石鄉,1,2561,2.29
43464,2022-11-24,新竹縣,尖石鄉,1,2560,2.29
43832,2022-11-23,新竹縣,尖石鄉,1,2559,3.00
44207,2022-11-22,新竹縣,尖石鄉,2,2558,3.00
44585,2022-11-21,新竹縣,尖石鄉,7,2556,3.29
44957,2022-11-20,新竹縣,尖石鄉,2,2549,2.71
45326,2022-11-19,新竹縣,尖石鄉,2,2547,2.86
45697,2022-11-18,新竹縣,尖石鄉,1,2545,2.71
46069,2022-11-17,新竹縣,尖石鄉,6,2544,3.14
46447,2022-11-16,新竹縣,尖石鄉,1,2538,3.43
46828,2022-11-15,新竹縣,尖石鄉,4,2537,3.57
47208,2022-11-14,新竹縣,尖石鄉,3,2533,3.57
47583,2022-11-13,新竹縣,尖石鄉,3,2530,3.71
47956,2022-11-12,新竹縣,尖石鄉,1,2527,3.43
48336,2022-11-11,新竹縣,尖石鄉,4,2526,3.43
48717,2022-11-10,新竹縣,尖石鄉,8,2522,2.86
49100,2022-11-09,新竹縣,尖石鄉,2,2514,1.86
49486,2022-11-08,新竹縣,尖石鄉,4,2512,1.71
49870,2022-11-07,新竹縣,尖石鄉,4,2508,2.57
50243,2022-11-06,新竹縣,尖石鄉,1,2504,2.86
50617,2022-11-05,新竹縣,尖石鄉,1,2503,3.29
51384,2022-11-03,新竹縣,尖石鄉,1,2502,4.86
51765,2022-11-02,新竹縣,尖石鄉,1,2501,6.43
52153,2022-11-01,新竹縣,尖石鄉,10,2500,7.14
52534,2022-10-31,新竹縣,尖石鄉,6,2490,7.00
52916,2022-10-30,新竹縣,尖石鄉,4,2484,7.14
53295,2022-10-29,新竹縣,尖石鄉,11,2480,6.57
53679,2022-10-28,新竹縣,尖石鄉,1,2469,5.57
54065,2022-10-27,新竹縣,尖石鄉,12,2468,6.43
54449,2022-10-26,新竹縣,尖石鄉,6,2456,5.00
54837,2022-10-25,新竹縣,尖石鄉,9,2450,4.86
55227,2022-10-24,新竹縣,尖石鄉,7,2441,4.57
55992,2022-10-22,新竹縣,尖石鄉,4,2434,5.43
56380,2022-10-21,新竹縣,尖石鄉,7,2430,5.29
56766,2022-10-20,新竹縣,尖石鄉,2,2423,4.71
57153,2022-10-19,新竹縣,尖石鄉,5,2421,5.00
57541,2022-10-18,新竹縣,尖石鄉,7,2416,5.86
57931,2022-10-17,新竹縣,尖石鄉,8,2409,6.43
58319,2022-10-16,新竹縣,尖石鄉,5,2401,6.29
58705,2022-10-15,新竹縣,尖石鄉,3,2396,6.57
59091,2022-10-14,新竹縣,尖石鄉,3,2393,8.43
59480,2022-10-13,新竹縣,尖石鄉,4,2390,10.14
59871,2022-10-12,新竹縣,尖石鄉,11,2386,12.43
60261,2022-10-11,新竹縣,尖石鄉,11,2375,12.43
60651,2022-10-10,新竹縣,尖石鄉,7,2364,12.71
61033,2022-10-09,新竹縣,尖石鄉,7,2357,14.71
61422,2022-10-08,新竹縣,尖石鄉,16,2350,14.57
61812,2022-10-07,新竹縣,尖石鄉,15,2334,13.57
62199,2022-10-06,新竹縣,尖石鄉,20,2319,12.86
62589,2022-10-05,新竹縣,尖石鄉,11,2299,10.14
62976,2022-10-04,新竹縣,尖石鄉,13,2288,10.43
63365,2022-10-03,新竹縣,尖石鄉,21,2275,10.29
63754,2022-10-02,新竹縣,尖石鄉,6,2254,8.14
64137,2022-10-01,新竹縣,尖石鄉,9,2248,7.57
64522,2022-09-30,新竹縣,尖石鄉,10,2239,7.14
64908,2022-09-29,新竹縣,尖石鄉,1,2229,6.00
65296,2022-09-28,新竹縣,尖石鄉,13,2228,6.57
65684,2022-09-27,新竹縣,尖石鄉,12,2215,5.86
66070,2022-09-26,新竹縣,尖石鄉,6,2203,7.14
66457,2022-09-25,新竹縣,尖石鄉,2,2197,7.86
66840,2022-09-24,新竹縣,尖石鄉,6,2195,8.00
67227,2022-09-23,新竹縣,尖石鄉,2,2189,8.86
67614,2022-09-22,新竹縣,尖石鄉,5,2187,9.71
68003,2022-09-21,新竹縣,尖石鄉,8,2182,9.86
68391,2022-09-20,新竹縣,尖石鄉,21,2174,11.14
68782,2022-09-19,新竹縣,尖石鄉,11,2153,10.14
69169,2022-09-18,新竹縣,尖石鄉,3,2142,11.29
69554,2022-09-17,新竹縣,尖石鄉,12,2139,11.71
69941,2022-09-16,新竹縣,尖石鄉,8,2127,10.86
70326,2022-09-15,新竹縣,尖石鄉,6,2119,11.14
70711,2022-09-14,新竹縣,尖石鄉,17,2113,11.43
71099,2022-09-13,新竹縣,尖石鄉,14,2096,10.29
71489,2022-09-12,新竹縣,尖石鄉,19,2082,9.14
71875,2022-09-11,新竹縣,尖石鄉,6,2063,7.29
72257,2022-09-10,新竹縣,尖石鄉,6,2057,8.00
72638,2022-09-09,新竹縣,尖石鄉,10,2051,8.14
73023,2022-09-08,新竹縣,尖石鄉,8,2041,8.00
73409,2022-09-07,新竹縣,尖石鄉,9,2033,7.57
73793,2022-09-06,新竹縣,尖石鄉,6,2024,7.43
74180,2022-09-05,新竹縣,尖石鄉,6,2018,6.86
74565,2022-09-04,新竹縣,尖石鄉,11,2012,8.71
74949,2022-09-03,新竹縣,尖石鄉,7,2001,7.57
75336,2022-09-02,新竹縣,尖石鄉,9,1994,7.14
75723,2022-09-01,新竹縣,尖石鄉,5,1985,6.14
76110,2022-08-31,新竹縣,尖石鄉,8,1980,6.29
76499,2022-08-30,新竹縣,尖石鄉,2,1972,5.86
76887,2022-08-29,新竹縣,尖石鄉,19,1970,7.14
77272,2022-08-28,新竹縣,尖石鄉,3,1951,5.00
77659,2022-08-27,新竹縣,尖石鄉,4,1948,4.57
78045,2022-08-26,新竹縣,尖石鄉,2,1944,5.00
78429,2022-08-25,新竹縣,尖石鄉,6,1942,5.29
78814,2022-08-24,新竹縣,尖石鄉,5,1936,4.57
79201,2022-08-23,新竹縣,尖石鄉,11,1931,5.14
79586,2022-08-22,新竹縣,尖石鄉,4,1920,3.71
80348,2022-08-20,新竹縣,尖石鄉,7,1916,4.86
80733,2022-08-19,新竹縣,尖石鄉,4,1909,4.43
81120,2022-08-18,新竹縣,尖石鄉,1,1905,4.57
81508,2022-08-17,新竹縣,尖石鄉,9,1904,5.29
81894,2022-08-16,新竹縣,尖石鄉,1,1895,4.71
82281,2022-08-15,新竹縣,尖石鄉,7,1894,5.00
82662,2022-08-14,新竹縣,尖石鄉,5,1887,5.00
83040,2022-08-13,新竹縣,尖石鄉,4,1882,4.57
83422,2022-08-12,新竹縣,尖石鄉,5,1878,5.29
83807,2022-08-11,新竹縣,尖石鄉,6,1873,4.86
84194,2022-08-10,新竹縣,尖石鄉,5,1867,4.43
84577,2022-08-09,新竹縣,尖石鄉,3,1862,4.57
84963,2022-08-08,新竹縣,尖石鄉,7,1859,5.29
85340,2022-08-07,新竹縣,尖石鄉,2,1852,5.29
85716,2022-08-06,新竹縣,尖石鄉,9,1850,5.14
86100,2022-08-05,新竹縣,尖石鄉,2,1841,4.43
86486,2022-08-04,新竹縣,尖石鄉,3,1839,4.71
86870,2022-08-03,新竹縣,尖石鄉,6,1836,4.86
87254,2022-08-02,新竹縣,尖石鄉,8,1830,4.57
87641,2022-08-01,新竹縣,尖石鄉,7,1822,3.86
88021,2022-07-31,新竹縣,尖石鄉,1,1815,3.14
88398,2022-07-30,新竹縣,尖石鄉,4,1814,3.29
88781,2022-07-29,新竹縣,尖石鄉,4,1810,3.86
89166,2022-07-28,新竹縣,尖石鄉,4,1806,3.43
89555,2022-07-27,新竹縣,尖石鄉,4,1802,3.57
89943,2022-07-26,新竹縣,尖石鄉,3,1798,4.86
90331,2022-07-25,新竹縣,尖石鄉,2,1795,4.71
90709,2022-07-24,新竹縣,尖石鄉,2,1793,6.71
91092,2022-07-23,新竹縣,尖石鄉,8,1791,8.29
91476,2022-07-22,新竹縣,尖石鄉,1,1783,8.00
91864,2022-07-21,新竹縣,尖石鄉,5,1782,9.86
92246,2022-07-20,新竹縣,尖石鄉,13,1777,11.00
92635,2022-07-19,新竹縣,尖石鄉,2,1764,10.86
93024,2022-07-18,新竹縣,尖石鄉,16,1762,11.71
93408,2022-07-17,新竹縣,尖石鄉,13,1746,11.14
93789,2022-07-16,新竹縣,尖石鄉,6,1733,10.29
94177,2022-07-15,新竹縣,尖石鄉,14,1727,10.29
94563,2022-07-14,新竹縣,尖石鄉,13,1713,10.29
94952,2022-07-13,新竹縣,尖石鄉,12,1700,8.57
95340,2022-07-12,新竹縣,尖石鄉,8,1688,9.29
95728,2022-07-11,新竹縣,尖石鄉,12,1680,9.71
96113,2022-07-10,新竹縣,尖石鄉,7,1668,10.00
96500,2022-07-09,新竹縣,尖石鄉,6,1661,10.43
96888,2022-07-08,新竹縣,尖石鄉,14,1655,11.00
97279,2022-07-07,新竹縣,尖石鄉,1,1641,10.57
97668,2022-07-06,新竹縣,尖石鄉,17,1640,11.86
98058,2022-07-05,新竹縣,尖石鄉,11,1623,11.29
98447,2022-07-04,新竹縣,尖石鄉,14,1612,10.57
98836,2022-07-03,新竹縣,尖石鄉,10,1598,11.86
99218,2022-07-02,新竹縣,尖石鄉,10,1588,11.00
99610,2022-07-01,新竹縣,尖石鄉,11,1578,10.29
100002,2022-06-30,新竹縣,尖石鄉,10,1567,9.57
100393,2022-06-29,新竹縣,尖石鄉,13,1557,10.14
100783,2022-06-28,新竹縣,尖石鄉,6,1544,9.71
101174,2022-06-27,新竹縣,尖石鄉,23,1538,10.86
101559,2022-06-26,新竹縣,尖石鄉,4,1515,12.86
101946,2022-06-25,新竹縣,尖石鄉,5,1511,13.86
102336,2022-06-24,新竹縣,尖石鄉,6,1506,15.43
102728,2022-06-23,新竹縣,尖石鄉,14,1500,17.86
103121,2022-06-22,新竹縣,尖石鄉,10,1486,18.71
103510,2022-06-21,新竹縣,尖石鄉,14,1476,20.00
103902,2022-06-20,新竹縣,尖石鄉,37,1462,22.57
104292,2022-06-19,新竹縣,尖石鄉,11,1425,22.43
104683,2022-06-18,新竹縣,尖石鄉,16,1414,22.29
105074,2022-06-17,新竹縣,尖石鄉,23,1398,26.43
105464,2022-06-16,新竹縣,尖石鄉,20,1375,24.71
105854,2022-06-15,新竹縣,尖石鄉,19,1355,24.86
106244,2022-06-14,新竹縣,尖石鄉,32,1336,27.57
106636,2022-06-13,新竹縣,尖石鄉,36,1304,27.86
107026,2022-06-12,新竹縣,尖石鄉,10,1268,26.86
107413,2022-06-11,新竹縣,尖石鄉,45,1258,28.71
107805,2022-06-10,新竹縣,尖石鄉,11,1213,23.57
108194,2022-06-09,新竹縣,尖石鄉,21,1202,24.86
108583,2022-06-08,新竹縣,尖石鄉,38,1181,26.86
108973,2022-06-07,新竹縣,尖石鄉,34,1143,27.57
109365,2022-06-06,新竹縣,尖石鄉,29,1109,26.71
109755,2022-06-05,新竹縣,尖石鄉,23,1080,28.57
110144,2022-06-04,新竹縣,尖石鄉,9,1057,29.29
110534,2022-06-03,新竹縣,尖石鄉,20,1048,29.43
110925,2022-06-02,新竹縣,尖石鄉,35,1028,31.57
111315,2022-06-01,新竹縣,尖石鄉,43,993,31.86
111707,2022-05-31,新竹縣,尖石鄉,28,950,30.43
112098,2022-05-30,新竹縣,尖石鄉,42,922,32.57
112489,2022-05-29,新竹縣,尖石鄉,28,880,30.86
112879,2022-05-28,新竹縣,尖石鄉,10,852,30.43
113270,2022-05-27,新竹縣,尖石鄉,35,842,34.29
113660,2022-05-26,新竹縣,尖石鄉,37,807,36.57
114051,2022-05-25,新竹縣,尖石鄉,33,770,36.43
114441,2022-05-24,新竹縣,尖石鄉,43,737,37.29
114833,2022-05-23,新竹縣,尖石鄉,30,694,36.43
115224,2022-05-22,新竹縣,尖石鄉,25,664,35.71
115615,2022-05-21,新竹縣,尖石鄉,37,639,34.71
116000,2022-05-20,新竹縣,尖石鄉,51,602,34.86
116388,2022-05-19,新竹縣,尖石鄉,36,551,31.71
116776,2022-05-18,新竹縣,尖石鄉,39,515,31.00
117167,2022-05-17,新竹縣,尖石鄉,37,476,29.71
117555,2022-05-16,新竹縣,尖石鄉,25,439,28.71
117943,2022-05-15,新竹縣,尖石鄉,18,414,31.29
118327,2022-05-14,新竹縣,尖石鄉,38,396,34.14
118712,2022-05-13,新竹縣,尖石鄉,29,358,31.43
119100,2022-05-12,新竹縣,尖石鄉,31,329,31.57
119482,2022-05-11,新竹縣,尖石鄉,30,298,33.43
119869,2022-05-10,新竹縣,尖石鄉,30,268,32.43
120251,2022-05-09,新竹縣,尖石鄉,43,238,30.14
120631,2022-05-08,新竹縣,尖石鄉,38,195,25.43
121016,2022-05-07,新竹縣,尖石鄉,19,157,20.43
121394,2022-05-06,新竹縣,尖石鄉,30,138,18.14
121767,2022-05-05,新竹縣,尖石鄉,44,108,14.14
122131,2022-05-04,新竹縣,尖石鄉,23,64,8.29
122495,2022-05-03,新竹縣,尖石鄉,14,41,5.00
122849,2022-05-02,新竹縣,尖石鄉,10,27,3.43
123186,2022-05-01,新竹縣,尖石鄉,3,17,2.29
123526,2022-04-30,新竹縣,尖石鄉,3,14,1.86
123846,2022-04-29,新竹縣,尖石鄉,2,11,1.43
124162,2022-04-28,新竹縣,尖石鄉,3,9,1.14
124758,2022-04-26,新竹縣,尖石鄉,3,6,0.71
125036,2022-04-25,新竹縣,尖石鄉,2,3,0.43
126435,2022-04-19,新竹縣,尖石鄉,1,1,0.14
