UID,個案研判日,縣市別,區域,新增確診人數,累計確診人數,七天移動平均新增確診人數
242,2023-06-14,桃園市,復興區,9,3755,1.29
831,2023-03-20,桃園市,復興區,3,3746,2.71
1143,2023-03-19,桃園市,復興區,1,3743,3.14
1474,2023-03-18,桃園市,復興區,7,3742,3.14
1826,2023-03-17,桃園市,復興區,4,3735,2.29
2174,2023-03-16,桃園市,復興區,1,3731,1.86
2528,2023-03-15,桃園市,復興區,1,3730,2.43
2879,2023-03-14,桃園市,復興區,2,3729,2.43
3236,2023-03-13,桃園市,復興區,6,3727,2.29
3588,2023-03-12,桃園市,復興區,1,3721,1.57
3942,2023-03-11,桃園市,復興區,1,3720,1.43
4293,2023-03-10,桃園市,復興區,1,3719,1.43
4650,2023-03-09,桃園市,復興區,5,3718,1.43
5006,2023-03-08,桃園市,復興區,1,3713,1.00
5360,2023-03-07,桃園市,復興區,1,3712,1.29
5725,2023-03-06,桃園市,復興區,1,3711,1.43
6422,2023-03-04,桃園市,復興區,1,3710,2.00
6778,2023-03-03,桃園市,復興區,1,3709,2.00
7140,2023-03-02,桃園市,復興區,2,3708,2.43
7505,2023-03-01,桃園市,復興區,3,3706,2.71
7876,2023-02-28,桃園市,復興區,2,3703,2.43
8238,2023-02-27,桃園市,復興區,2,3701,2.57
8583,2023-02-26,桃園市,復興區,3,3699,2.71
8944,2023-02-25,桃園市,復興區,1,3696,2.57
9310,2023-02-24,桃園市,復興區,4,3695,2.86
9675,2023-02-23,桃園市,復興區,4,3691,3.14
10047,2023-02-22,桃園市,復興區,1,3687,3.29
10420,2023-02-21,桃園市,復興區,3,3686,3.86
10792,2023-02-20,桃園市,復興區,3,3683,4.43
11161,2023-02-19,桃園市,復興區,2,3680,5.57
11526,2023-02-18,桃園市,復興區,3,3678,5.57
11894,2023-02-17,桃園市,復興區,6,3675,7.00
12267,2023-02-16,桃園市,復興區,5,3669,6.86
12643,2023-02-15,桃園市,復興區,5,3664,6.86
13018,2023-02-14,桃園市,復興區,7,3659,6.29
13389,2023-02-13,桃園市,復興區,11,3652,6.43
13762,2023-02-12,桃園市,復興區,2,3641,6.57
14125,2023-02-11,桃園市,復興區,13,3639,6.86
14495,2023-02-10,桃園市,復興區,5,3626,6.00
14867,2023-02-09,桃園市,復興區,5,3621,7.00
15249,2023-02-08,桃園市,復興區,1,3616,7.00
15627,2023-02-07,桃園市,復興區,8,3615,7.71
16007,2023-02-06,桃園市,復興區,12,3607,8.43
16382,2023-02-05,桃園市,復興區,4,3595,9.86
16756,2023-02-04,桃園市,復興區,7,3591,9.86
17135,2023-02-03,桃園市,復興區,12,3584,9.14
17522,2023-02-02,桃園市,復興區,5,3572,8.14
17902,2023-02-01,桃園市,復興區,6,3567,8.57
18284,2023-01-31,桃園市,復興區,13,3561,8.57
18669,2023-01-30,桃園市,復興區,22,3548,7.14
19054,2023-01-29,桃園市,復興區,4,3526,4.86
19432,2023-01-28,桃園市,復興區,2,3522,4.57
19808,2023-01-27,桃園市,復興區,5,3520,4.57
20187,2023-01-26,桃園市,復興區,8,3515,5.29
20558,2023-01-25,桃園市,復興區,6,3507,4.43
20927,2023-01-24,桃園市,復興區,3,3501,3.86
21296,2023-01-23,桃園市,復興區,6,3498,3.86
21667,2023-01-22,桃園市,復興區,2,3492,3.57
22035,2023-01-21,桃園市,復興區,2,3490,3.43
22404,2023-01-20,桃園市,復興區,10,3488,3.57
22772,2023-01-19,桃園市,復興區,2,3478,2.86
23144,2023-01-18,桃園市,復興區,2,3476,2.71
23510,2023-01-17,桃園市,復興區,3,3474,2.86
23879,2023-01-16,桃園市,復興區,4,3471,3.00
24253,2023-01-15,桃園市,復興區,1,3467,3.71
24619,2023-01-14,桃園市,復興區,3,3466,4.43
24988,2023-01-13,桃園市,復興區,5,3463,4.86
25360,2023-01-12,桃園市,復興區,1,3458,5.14
25731,2023-01-11,桃園市,復興區,3,3457,6.00
26109,2023-01-10,桃園市,復興區,4,3454,7.14
26483,2023-01-09,桃園市,復興區,9,3450,8.14
26852,2023-01-08,桃園市,復興區,6,3441,7.00
27214,2023-01-07,桃園市,復興區,6,3435,6.57
27588,2023-01-06,桃園市,復興區,7,3429,6.29
27967,2023-01-05,桃園市,復興區,7,3422,6.00
28347,2023-01-04,桃園市,復興區,11,3415,5.86
28729,2023-01-03,桃園市,復興區,11,3404,5.14
29107,2023-01-02,桃園市,復興區,1,3393,4.00
29478,2023-01-01,桃園市,復興區,3,3392,4.14
29838,2022-12-31,桃園市,復興區,4,3389,4.43
30205,2022-12-30,桃園市,復興區,5,3385,4.00
30578,2022-12-29,桃園市,復興區,6,3380,3.86
30951,2022-12-28,桃園市,復興區,6,3374,3.29
31324,2022-12-27,桃園市,復興區,3,3368,2.71
31698,2022-12-26,桃園市,復興區,2,3365,3.14
32060,2022-12-25,桃園市,復興區,5,3363,3.29
32421,2022-12-24,桃園市,復興區,1,3358,2.57
32780,2022-12-23,桃園市,復興區,4,3357,3.00
33146,2022-12-22,桃園市,復興區,2,3353,2.57
33512,2022-12-21,桃園市,復興區,2,3351,2.86
33880,2022-12-20,桃園市,復興區,6,3349,3.00
34246,2022-12-19,桃園市,復興區,3,3343,2.86
34961,2022-12-17,桃園市,復興區,4,3340,3.43
35328,2022-12-16,桃園市,復興區,1,3336,3.14
35689,2022-12-15,桃園市,復興區,4,3335,3.43
36054,2022-12-14,桃園市,復興區,3,3331,4.00
36420,2022-12-13,桃園市,復興區,5,3328,3.71
36798,2022-12-12,桃園市,復興區,6,3323,3.14
37156,2022-12-11,桃園市,復興區,1,3317,3.00
37518,2022-12-10,桃園市,復興區,2,3316,2.86
37884,2022-12-09,桃園市,復興區,3,3314,3.29
38255,2022-12-08,桃園市,復興區,8,3311,3.43
38629,2022-12-07,桃園市,復興區,1,3303,2.57
38994,2022-12-06,桃園市,復興區,1,3302,3.29
39370,2022-12-05,桃園市,復興區,5,3301,3.86
40111,2022-12-03,桃園市,復興區,5,3296,3.86
40479,2022-12-02,桃園市,復興區,4,3291,3.71
40848,2022-12-01,桃園市,復興區,2,3287,3.43
41221,2022-11-30,桃園市,復興區,6,3285,3.29
41596,2022-11-29,桃園市,復興區,5,3279,2.43
41974,2022-11-28,桃園市,復興區,4,3274,2.14
42347,2022-11-27,桃園市,復興區,1,3270,2.86
42702,2022-11-26,桃園市,復興區,4,3269,2.86
43067,2022-11-25,桃園市,復興區,2,3265,2.57
43437,2022-11-24,桃園市,復興區,1,3263,2.86
44178,2022-11-22,桃園市,復興區,3,3262,5.43
44557,2022-11-21,桃園市,復興區,9,3259,6.29
44932,2022-11-20,桃園市,復興區,1,3250,6.86
45300,2022-11-19,桃園市,復興區,2,3249,7.43
45669,2022-11-18,桃園市,復興區,4,3247,8.57
46043,2022-11-17,桃園市,復興區,8,3243,9.43
46419,2022-11-16,桃園市,復興區,11,3235,9.14
46801,2022-11-15,桃園市,復興區,9,3224,8.14
47179,2022-11-14,桃園市,復興區,13,3215,7.71
47556,2022-11-13,桃園市,復興區,5,3202,7.14
47929,2022-11-12,桃園市,復興區,10,3197,6.43
48307,2022-11-11,桃園市,復興區,10,3187,5.71
48687,2022-11-10,桃園市,復興區,6,3177,6.14
49070,2022-11-09,桃園市,復興區,4,3171,6.86
49457,2022-11-08,桃園市,復興區,6,3167,7.86
49842,2022-11-07,桃園市,復興區,9,3161,7.43
50589,2022-11-05,桃園市,復興區,5,3152,7.71
50973,2022-11-04,桃園市,復興區,13,3147,8.43
51356,2022-11-03,桃園市,復興區,11,3134,8.86
51736,2022-11-02,桃園市,復興區,11,3123,10.14
52123,2022-11-01,桃園市,復興區,3,3112,9.86
52506,2022-10-31,桃園市,復興區,9,3109,10.71
52887,2022-10-30,桃園市,復興區,2,3100,11.57
53266,2022-10-29,桃園市,復興區,10,3098,12.43
53650,2022-10-28,桃園市,復興區,16,3088,11.29
54036,2022-10-27,桃園市,復興區,20,3072,10.71
54421,2022-10-26,桃園市,復興區,9,3052,10.00
54807,2022-10-25,桃園市,復興區,9,3043,9.43
55198,2022-10-24,桃園市,復興區,15,3034,9.86
55582,2022-10-23,桃園市,復興區,8,3019,10.14
55964,2022-10-22,桃園市,復興區,2,3011,9.71
56350,2022-10-21,桃園市,復興區,12,3009,11.00
56736,2022-10-20,桃園市,復興區,15,2997,11.00
57123,2022-10-19,桃園市,復興區,5,2982,10.43
57511,2022-10-18,桃園市,復興區,12,2977,10.71
57901,2022-10-17,桃園市,復興區,17,2965,11.86
58289,2022-10-16,桃園市,復興區,5,2948,10.71
58675,2022-10-15,桃園市,復興區,11,2943,10.71
59061,2022-10-14,桃園市,復興區,12,2932,10.00
59450,2022-10-13,桃園市,復興區,11,2920,8.86
59841,2022-10-12,桃園市,復興區,7,2909,9.29
60231,2022-10-11,桃園市,復興區,20,2902,9.43
60621,2022-10-10,桃園市,復興區,9,2882,7.86
61004,2022-10-09,桃園市,復興區,5,2873,8.71
61393,2022-10-08,桃園市,復興區,6,2868,9.00
61782,2022-10-07,桃園市,復興區,4,2862,9.14
62169,2022-10-06,桃園市,復興區,14,2858,10.14
62560,2022-10-05,桃園市,復興區,8,2844,9.43
62947,2022-10-04,桃園市,復興區,9,2836,9.86
63336,2022-10-03,桃園市,復興區,15,2827,10.86
63725,2022-10-02,桃園市,復興區,7,2812,10.71
64107,2022-10-01,桃園市,復興區,7,2805,9.86
64493,2022-09-30,桃園市,復興區,11,2798,9.43
64878,2022-09-29,桃園市,復興區,9,2787,8.57
65267,2022-09-28,桃園市,復興區,11,2778,7.57
65654,2022-09-27,桃園市,復興區,16,2767,7.00
66040,2022-09-26,桃園市,復興區,14,2751,6.71
66427,2022-09-25,桃園市,復興區,1,2737,5.71
66811,2022-09-24,桃園市,復興區,4,2736,6.57
67197,2022-09-23,桃園市,復興區,5,2732,6.86
67584,2022-09-22,桃園市,復興區,2,2727,6.86
67973,2022-09-21,桃園市,復興區,7,2725,7.00
68362,2022-09-20,桃園市,復興區,14,2718,7.00
68752,2022-09-19,桃園市,復興區,7,2704,6.43
69142,2022-09-18,桃園市,復興區,7,2697,6.57
69525,2022-09-17,桃園市,復興區,6,2690,6.43
69912,2022-09-16,桃園市,復興區,5,2684,6.57
70297,2022-09-15,桃園市,復興區,3,2679,7.71
70684,2022-09-14,桃園市,復興區,7,2676,8.57
71070,2022-09-13,桃園市,復興區,10,2669,10.14
71459,2022-09-12,桃園市,復興區,8,2659,12.00
71846,2022-09-11,桃園市,復興區,6,2651,14.43
72228,2022-09-10,桃園市,復興區,7,2645,15.00
72610,2022-09-09,桃園市,復興區,13,2638,16.43
72994,2022-09-08,桃園市,復興區,9,2625,16.29
73381,2022-09-07,桃園市,復興區,18,2616,16.57
73765,2022-09-06,桃園市,復興區,23,2598,18.29
74151,2022-09-05,桃園市,復興區,25,2575,17.86
74535,2022-09-04,桃園市,復興區,10,2550,16.57
74919,2022-09-03,桃園市,復興區,17,2540,16.86
75307,2022-09-02,桃園市,復興區,12,2523,15.57
75693,2022-09-01,桃園市,復興區,11,2511,14.29
76082,2022-08-31,桃園市,復興區,30,2500,13.43
76469,2022-08-30,桃園市,復興區,20,2470,10.14
76857,2022-08-29,桃園市,復興區,16,2450,8.57
77244,2022-08-28,桃園市,復興區,12,2434,8.00
77629,2022-08-27,桃園市,復興區,8,2422,6.43
78015,2022-08-26,桃園市,復興區,3,2414,6.71
78399,2022-08-25,桃園市,復興區,5,2411,8.43
78784,2022-08-24,桃園市,復興區,7,2406,8.29
79171,2022-08-23,桃園市,復興區,9,2399,9.29
79556,2022-08-22,桃園市,復興區,12,2390,9.71
79940,2022-08-21,桃園市,復興區,1,2378,10.00
80320,2022-08-20,桃園市,復興區,10,2377,10.71
80704,2022-08-19,桃園市,復興區,15,2367,10.00
81090,2022-08-18,桃園市,復興區,4,2352,9.29
81479,2022-08-17,桃園市,復興區,14,2348,9.29
81864,2022-08-16,桃園市,復興區,12,2334,8.29
82251,2022-08-15,桃園市,復興區,14,2322,7.43
82634,2022-08-14,桃園市,復興區,6,2308,6.29
83011,2022-08-13,桃園市,復興區,5,2302,6.14
83393,2022-08-12,桃園市,復興區,10,2297,6.57
83777,2022-08-11,桃園市,復興區,4,2287,6.14
84164,2022-08-10,桃園市,復興區,7,2283,6.86
84547,2022-08-09,桃園市,復興區,6,2276,6.86
84933,2022-08-08,桃園市,復興區,6,2270,7.43
85312,2022-08-07,桃園市,復興區,5,2264,8.00
85687,2022-08-06,桃園市,復興區,8,2259,8.14
86071,2022-08-05,桃園市,復興區,7,2251,8.14
86457,2022-08-04,桃園市,復興區,9,2244,7.29
86842,2022-08-03,桃園市,復興區,7,2235,6.71
87224,2022-08-02,桃園市,復興區,10,2228,7.14
87611,2022-08-01,桃園市,復興區,10,2218,6.43
87994,2022-07-31,桃園市,復興區,6,2208,6.14
88371,2022-07-30,桃園市,復興區,8,2202,5.57
88752,2022-07-29,桃園市,復興區,1,2194,4.86
89138,2022-07-28,桃園市,復興區,5,2193,5.00
89525,2022-07-27,桃園市,復興區,10,2188,5.00
89915,2022-07-26,桃園市,復興區,5,2178,4.00
90302,2022-07-25,桃園市,復興區,8,2173,5.29
90682,2022-07-24,桃園市,復興區,2,2165,5.86
91062,2022-07-23,桃園市,復興區,3,2163,6.71
91448,2022-07-22,桃園市,復興區,2,2160,7.00
91834,2022-07-21,桃園市,復興區,5,2158,8.57
92216,2022-07-20,桃園市,復興區,3,2153,9.43
92605,2022-07-19,桃園市,復興區,14,2150,10.14
92994,2022-07-18,桃園市,復興區,12,2136,10.00
93380,2022-07-17,桃園市,復興區,8,2124,10.57
93759,2022-07-16,桃園市,復興區,5,2116,10.57
94147,2022-07-15,桃園市,復興區,13,2111,10.71
94534,2022-07-14,桃園市,復興區,11,2098,11.00
94923,2022-07-13,桃園市,復興區,8,2087,10.43
95310,2022-07-12,桃園市,復興區,13,2079,10.00
95699,2022-07-11,桃園市,復興區,16,2066,10.00
96085,2022-07-10,桃園市,復興區,8,2050,9.29
96471,2022-07-09,桃園市,復興區,6,2042,9.00
96858,2022-07-08,桃園市,復興區,15,2036,9.00
97249,2022-07-07,桃園市,復興區,7,2021,8.00
97639,2022-07-06,桃園市,復興區,5,2014,7.57
98028,2022-07-05,桃園市,復興區,13,2009,10.71
98417,2022-07-04,桃園市,復興區,11,1996,10.86
98807,2022-07-03,桃園市,復興區,6,1985,12.71
99189,2022-07-02,桃園市,復興區,6,1979,12.43
99580,2022-07-01,桃園市,復興區,8,1973,12.29
99972,2022-06-30,桃園市,復興區,4,1965,13.57
100363,2022-06-29,桃園市,復興區,27,1961,14.86
100753,2022-06-28,桃園市,復興區,14,1934,13.57
101144,2022-06-27,桃園市,復興區,24,1920,16.29
101531,2022-06-26,桃園市,復興區,4,1896,16.43
101918,2022-06-25,桃園市,復興區,5,1892,16.71
102306,2022-06-24,桃園市,復興區,17,1887,20.43
102698,2022-06-23,桃園市,復興區,13,1870,22.57
103091,2022-06-22,桃園市,復興區,18,1857,23.57
103480,2022-06-21,桃園市,復興區,33,1839,23.29
103872,2022-06-20,桃園市,復興區,25,1806,22.29
104262,2022-06-19,桃園市,復興區,6,1781,23.57
104653,2022-06-18,桃園市,復興區,31,1775,24.43
105044,2022-06-17,桃園市,復興區,32,1744,24.43
105434,2022-06-16,桃園市,復興區,20,1712,23.14
105824,2022-06-15,桃園市,復興區,16,1692,23.43
106214,2022-06-14,桃園市,復興區,26,1676,25.57
106606,2022-06-13,桃園市,復興區,34,1650,28.86
106996,2022-06-12,桃園市,復興區,12,1616,29.86
107383,2022-06-11,桃園市,復興區,31,1604,30.14
107775,2022-06-10,桃園市,復興區,23,1573,33.29
108164,2022-06-09,桃園市,復興區,22,1550,39.71
108553,2022-06-08,桃園市,復興區,31,1528,43.57
108943,2022-06-07,桃園市,復興區,49,1497,45.14
109335,2022-06-06,桃園市,復興區,41,1448,51.14
109725,2022-06-05,桃園市,復興區,14,1407,52.43
110114,2022-06-04,桃園市,復興區,53,1393,52.43
110504,2022-06-03,桃園市,復興區,68,1340,55.29
110895,2022-06-02,桃園市,復興區,49,1272,50.29
111285,2022-06-01,桃園市,復興區,42,1223,53.29
111677,2022-05-31,桃園市,復興區,91,1181,53.43
112068,2022-05-30,桃園市,復興區,50,1090,50.29
112459,2022-05-29,桃園市,復興區,14,1040,49.57
112849,2022-05-28,桃園市,復興區,73,1026,52.57
113240,2022-05-27,桃園市,復興區,33,953,49.14
113630,2022-05-26,桃園市,復興區,70,920,52.29
114021,2022-05-25,桃園市,復興區,43,850,46.14
114411,2022-05-24,桃園市,復興區,69,807,47.71
114803,2022-05-23,桃園市,復興區,45,738,50.86
115194,2022-05-22,桃園市,復興區,35,693,44.86
115585,2022-05-21,桃園市,復興區,49,658,41.43
115970,2022-05-20,桃園市,復興區,55,609,39.00
116358,2022-05-19,桃園市,復興區,27,554,35.29
116746,2022-05-18,桃園市,復興區,54,527,37.29
117137,2022-05-17,桃園市,復興區,91,473,31.86
117525,2022-05-16,桃園市,復興區,3,382,23.86
117913,2022-05-15,桃園市,復興區,11,379,26.29
118297,2022-05-14,桃園市,復興區,32,368,27.57
118682,2022-05-13,桃園市,復興區,29,336,23.71
119070,2022-05-12,桃園市,復興區,41,307,21.14
119452,2022-05-11,桃園市,復興區,16,266,17.29
119839,2022-05-10,桃園市,復興區,35,250,16.29
120221,2022-05-09,桃園市,復興區,20,215,14.57
120601,2022-05-08,桃園市,復興區,20,195,14.00
120987,2022-05-07,桃園市,復興區,5,175,11.86
121365,2022-05-06,桃園市,復興區,11,170,11.43
121739,2022-05-05,桃園市,復興區,14,159,13.14
122107,2022-05-04,桃園市,復興區,9,145,14.00
122470,2022-05-03,桃園市,復興區,23,136,13.57
122825,2022-05-02,桃園市,復興區,16,113,11.29
123165,2022-05-01,桃園市,復興區,5,97,9.71
123500,2022-04-30,桃園市,復興區,2,92,9.71
123824,2022-04-29,桃園市,復興區,23,90,11.00
124139,2022-04-28,桃園市,復興區,20,67,8.00
124444,2022-04-27,桃園市,復興區,6,47,5.43
124740,2022-04-26,桃園市,復興區,7,41,4.86
125019,2022-04-25,桃園市,復興區,5,34,4.00
125280,2022-04-24,桃園市,復興區,5,29,3.29
125518,2022-04-23,桃園市,復興區,11,24,2.71
125765,2022-04-22,桃園市,復興區,2,13,1.29
126002,2022-04-21,桃園市,復興區,2,11,1.14
126229,2022-04-20,桃園市,復興區,2,9,1.14
126427,2022-04-19,桃園市,復興區,1,7,1.00
126780,2022-04-17,桃園市,復興區,1,6,0.86
126934,2022-04-16,桃園市,復興區,1,5,0.71
127105,2022-04-15,桃園市,復興區,1,4,0.57
127274,2022-04-14,桃園市,復興區,2,3,0.43
127430,2022-04-13,桃園市,復興區,1,1,0.14
