UID,個案死亡日,縣市別,區域,新增死亡人數,累計死亡人數,七天移動平均新增死亡人數
24,2023-05-14,桃園市,全區,1,1299,0.29
38,2023-05-10,桃園市,全區,1,1298,0.14
50,2023-05-01,桃園市,全區,1,1297,0.29
57,2023-04-25,桃園市,全區,1,1296,0.14
201,2023-04-01,桃園市,全區,1,1295,0.29
213,2023-03-31,桃園市,全區,1,1294,0.29
309,2023-03-25,桃園市,全區,1,1293,1.43
330,2023-03-24,桃園市,全區,1,1292,1.43
357,2023-03-23,桃園市,全區,1,1291,1.29
390,2023-03-22,桃園市,全區,2,1290,1.29
417,2023-03-21,桃園市,全區,1,1288,1.43
450,2023-03-20,桃園市,全區,3,1287,2.14
486,2023-03-19,桃園市,全區,1,1284,2.00
522,2023-03-18,桃園市,全區,1,1283,2.14
608,2023-03-16,桃園市,全區,1,1282,2.71
654,2023-03-15,桃園市,全區,3,1281,3.00
687,2023-03-14,桃園市,全區,6,1278,3.29
730,2023-03-13,桃園市,全區,2,1272,2.86
772,2023-03-12,桃園市,全區,2,1270,2.71
816,2023-03-11,桃園市,全區,4,1268,3.00
859,2023-03-10,桃園市,全區,1,1264,2.86
908,2023-03-09,桃園市,全區,3,1263,3.00
954,2023-03-08,桃園市,全區,5,1260,2.71
1008,2023-03-07,桃園市,全區,3,1255,2.71
1047,2023-03-06,桃園市,全區,1,1252,2.71
1099,2023-03-05,桃園市,全區,4,1251,3.43
1154,2023-03-04,桃園市,全區,3,1247,3.57
1212,2023-03-03,桃園市,全區,2,1244,3.71
1264,2023-03-02,桃園市,全區,1,1242,3.71
1318,2023-03-01,桃園市,全區,5,1241,3.71
1375,2023-02-28,桃園市,全區,3,1236,3.29
1424,2023-02-27,桃園市,全區,6,1233,4.00
1480,2023-02-26,桃園市,全區,5,1227,3.57
1546,2023-02-25,桃園市,全區,4,1222,2.86
1603,2023-02-24,桃園市,全區,2,1218,3.43
1657,2023-02-23,桃園市,全區,1,1216,3.71
1717,2023-02-22,桃園市,全區,2,1215,4.14
1785,2023-02-21,桃園市,全區,8,1213,4.43
1838,2023-02-20,桃園市,全區,3,1205,3.86
1942,2023-02-18,桃園市,全區,8,1202,4.86
2003,2023-02-17,桃園市,全區,4,1194,4.86
2060,2023-02-16,桃園市,全區,4,1190,5.00
2117,2023-02-15,桃園市,全區,4,1186,5.00
2190,2023-02-14,桃園市,全區,4,1182,5.57
2255,2023-02-13,桃園市,全區,6,1178,6.29
2318,2023-02-12,桃園市,全區,4,1172,6.00
2373,2023-02-11,桃園市,全區,8,1168,6.00
2441,2023-02-10,桃園市,全區,5,1160,5.29
2507,2023-02-09,桃園市,全區,4,1155,4.86
2567,2023-02-08,桃園市,全區,8,1151,4.86
2651,2023-02-07,桃園市,全區,9,1143,4.29
2716,2023-02-06,桃園市,全區,4,1134,4.00
2781,2023-02-05,桃園市,全區,4,1130,3.57
2842,2023-02-04,桃園市,全區,3,1126,3.43
2890,2023-02-03,桃園市,全區,2,1123,3.86
2958,2023-02-02,桃園市,全區,4,1121,3.86
3027,2023-02-01,桃園市,全區,4,1117,4.14
3092,2023-01-31,桃園市,全區,7,1113,4.57
3149,2023-01-30,桃園市,全區,1,1106,3.71
3204,2023-01-29,桃園市,全區,3,1105,3.86
3268,2023-01-28,桃園市,全區,6,1102,3.71
3321,2023-01-27,桃園市,全區,2,1096,3.71
3360,2023-01-26,桃園市,全區,6,1094,3.43
3421,2023-01-25,桃園市,全區,7,1088,2.71
3478,2023-01-24,桃園市,全區,1,1081,1.86
3529,2023-01-23,桃園市,全區,2,1080,2.14
3586,2023-01-22,桃園市,全區,2,1078,2.14
3634,2023-01-21,桃園市,全區,6,1076,2.43
3719,2023-01-19,桃園市,全區,1,1070,2.86
3772,2023-01-18,桃園市,全區,1,1069,3.14
3815,2023-01-17,桃園市,全區,3,1068,3.29
3860,2023-01-16,桃園市,全區,2,1065,3.14
3913,2023-01-15,桃園市,全區,4,1063,3.29
3973,2023-01-14,桃園市,全區,6,1059,3.00
4034,2023-01-13,桃園市,全區,3,1053,2.71
4080,2023-01-12,桃園市,全區,3,1050,2.86
4117,2023-01-11,桃園市,全區,2,1047,2.71
4166,2023-01-10,桃園市,全區,2,1045,2.86
4220,2023-01-09,桃園市,全區,3,1043,3.14
4274,2023-01-08,桃園市,全區,2,1040,3.00
4316,2023-01-07,桃園市,全區,4,1038,3.71
4367,2023-01-06,桃園市,全區,4,1034,3.71
4418,2023-01-05,桃園市,全區,2,1030,3.57
4462,2023-01-04,桃園市,全區,3,1028,3.43
4513,2023-01-03,桃園市,全區,4,1025,3.00
4572,2023-01-02,桃園市,全區,2,1021,2.86
4634,2023-01-01,桃園市,全區,7,1019,2.86
4679,2022-12-31,桃園市,全區,4,1012,1.86
4735,2022-12-30,桃園市,全區,3,1008,1.43
4783,2022-12-29,桃園市,全區,1,1005,1.14
4853,2022-12-27,桃園市,全區,3,1004,1.57
4903,2022-12-26,桃園市,全區,2,1001,1.57
4984,2022-12-24,桃園市,全區,1,999,1.86
5016,2022-12-23,桃園市,全區,1,998,2.29
5046,2022-12-22,桃園市,全區,3,997,2.29
5089,2022-12-21,桃園市,全區,1,994,2.14
5120,2022-12-20,桃園市,全區,3,993,2.00
5164,2022-12-19,桃園市,全區,2,990,1.86
5203,2022-12-18,桃園市,全區,2,988,1.71
5241,2022-12-17,桃園市,全區,4,986,1.86
5277,2022-12-16,桃園市,全區,1,982,1.43
5313,2022-12-15,桃園市,全區,2,981,1.86
5397,2022-12-13,桃園市,全區,2,979,1.71
5436,2022-12-12,桃園市,全區,1,977,1.43
5462,2022-12-11,桃園市,全區,3,976,1.43
5490,2022-12-10,桃園市,全區,1,973,1.29
5527,2022-12-09,桃園市,全區,4,972,1.29
5626,2022-12-07,桃園市,全區,1,968,1.14
5694,2022-12-05,桃園市,全區,1,967,1.14
5723,2022-12-04,桃園市,全區,2,966,1.43
5762,2022-12-03,桃園市,全區,1,964,1.14
5798,2022-12-02,桃園市,全區,2,963,1.43
5843,2022-12-01,桃園市,全區,1,961,1.29
5889,2022-11-30,桃園市,全區,1,960,1.29
5953,2022-11-28,桃園市,全區,3,959,1.57
6029,2022-11-26,桃園市,全區,3,956,2.14
6072,2022-11-25,桃園市,全區,1,953,2.00
6115,2022-11-24,桃園市,全區,1,952,2.57
6164,2022-11-23,桃園市,全區,3,951,2.71
6247,2022-11-21,桃園市,全區,4,948,3.29
6301,2022-11-20,桃園市,全區,3,944,3.57
6347,2022-11-19,桃園市,全區,2,941,3.43
6409,2022-11-18,桃園市,全區,5,939,3.57
6451,2022-11-17,桃園市,全區,2,934,3.57
6507,2022-11-16,桃園市,全區,4,932,3.71
6545,2022-11-15,桃園市,全區,3,928,3.29
6589,2022-11-14,桃園市,全區,6,925,3.14
6647,2022-11-13,桃園市,全區,2,919,2.86
6706,2022-11-12,桃園市,全區,3,917,2.86
6768,2022-11-11,桃園市,全區,5,914,2.43
6830,2022-11-10,桃園市,全區,3,909,2.29
6894,2022-11-09,桃園市,全區,1,906,2.14
6949,2022-11-08,桃園市,全區,2,905,2.29
7010,2022-11-07,桃園市,全區,4,903,2.71
7068,2022-11-06,桃園市,全區,2,899,2.57
7182,2022-11-04,桃園市,全區,4,897,3.00
7243,2022-11-03,桃園市,全區,2,893,3.14
7297,2022-11-02,桃園市,全區,2,891,3.57
7353,2022-11-01,桃園市,全區,5,889,4.00
7429,2022-10-31,桃園市,全區,3,884,3.86
7490,2022-10-30,桃園市,全區,1,881,4.00
7545,2022-10-29,桃園市,全區,4,880,4.71
7611,2022-10-28,桃園市,全區,5,876,4.43
7677,2022-10-27,桃園市,全區,5,871,4.29
7751,2022-10-26,桃園市,全區,5,866,4.43
7828,2022-10-25,桃園市,全區,4,861,4.14
7894,2022-10-24,桃園市,全區,4,857,4.14
7962,2022-10-23,桃園市,全區,6,853,4.29
8038,2022-10-22,桃園市,全區,2,847,4.14
8106,2022-10-21,桃園市,全區,4,845,4.43
8178,2022-10-20,桃園市,全區,6,841,4.29
8260,2022-10-19,桃園市,全區,3,835,3.86
8318,2022-10-18,桃園市,全區,4,832,4.00
8388,2022-10-17,桃園市,全區,5,828,4.14
8466,2022-10-16,桃園市,全區,5,823,3.86
8536,2022-10-15,桃園市,全區,4,818,3.57
8601,2022-10-14,桃園市,全區,3,814,3.14
8676,2022-10-13,桃園市,全區,3,811,3.43
8747,2022-10-12,桃園市,全區,4,808,3.29
8816,2022-10-11,桃園市,全區,5,804,2.86
8881,2022-10-10,桃園市,全區,3,799,2.86
8955,2022-10-09,桃園市,全區,3,796,3.43
9022,2022-10-08,桃園市,全區,1,793,3.71
9070,2022-10-07,桃園市,全區,5,792,3.57
9143,2022-10-06,桃園市,全區,2,787,3.43
9205,2022-10-05,桃園市,全區,1,785,4.00
9278,2022-10-04,桃園市,全區,5,784,4.57
9353,2022-10-03,桃園市,全區,7,779,4.29
9426,2022-10-02,桃園市,全區,5,772,3.86
9555,2022-09-30,桃園市,全區,4,767,4.43
9614,2022-09-29,桃園市,全區,6,763,4.57
9675,2022-09-28,桃園市,全區,5,757,4.14
9729,2022-09-27,桃園市,全區,3,752,3.86
9793,2022-09-26,桃園市,全區,4,749,3.71
9848,2022-09-25,桃園市,全區,6,745,3.14
9905,2022-09-24,桃園市,全區,3,739,2.86
9959,2022-09-23,桃園市,全區,5,736,3.00
10019,2022-09-22,桃園市,全區,3,731,2.57
10090,2022-09-21,桃園市,全區,3,728,2.57
10143,2022-09-20,桃園市,全區,2,725,2.43
10239,2022-09-18,桃園市,全區,4,723,3.14
10287,2022-09-17,桃園市,全區,4,719,3.29
10343,2022-09-16,桃園市,全區,2,715,3.14
10410,2022-09-15,桃園市,全區,3,713,3.43
10465,2022-09-14,桃園市,全區,2,710,4.14
10516,2022-09-13,桃園市,全區,3,708,4.57
10567,2022-09-12,桃園市,全區,4,705,4.29
10628,2022-09-11,桃園市,全區,5,701,4.29
10669,2022-09-10,桃園市,全區,3,696,3.71
10724,2022-09-09,桃園市,全區,4,693,3.57
10768,2022-09-08,桃園市,全區,8,689,3.43
10823,2022-09-07,桃園市,全區,5,681,2.29
10858,2022-09-06,桃園市,全區,1,676,1.57
10898,2022-09-05,桃園市,全區,4,675,1.57
10941,2022-09-04,桃園市,全區,1,671,1.57
10989,2022-09-03,桃園市,全區,2,670,1.71
11036,2022-09-02,桃園市,全區,3,668,1.86
11147,2022-08-30,桃園市,全區,1,665,2.57
11193,2022-08-29,桃園市,全區,4,664,3.00
11241,2022-08-28,桃園市,全區,2,660,2.43
11276,2022-08-27,桃園市,全區,3,658,2.43
11313,2022-08-26,桃園市,全區,2,655,2.14
11353,2022-08-25,桃園市,全區,1,653,2.00
11395,2022-08-24,桃園市,全區,5,652,2.14
11424,2022-08-23,桃園市,全區,4,647,1.71
11510,2022-08-21,桃園市,全區,2,643,1.43
11545,2022-08-20,桃園市,全區,1,641,1.43
11578,2022-08-19,桃園市,全區,1,640,1.57
11614,2022-08-18,桃園市,全區,2,639,1.71
11644,2022-08-17,桃園市,全區,2,637,1.43
11678,2022-08-16,桃園市,全區,1,635,1.43
11712,2022-08-15,桃園市,全區,1,634,1.86
11756,2022-08-14,桃園市,全區,2,633,2.14
11791,2022-08-13,桃園市,全區,2,631,2.29
11831,2022-08-12,桃園市,全區,2,629,2.14
11905,2022-08-10,桃園市,全區,2,627,2.43
11943,2022-08-09,桃園市,全區,4,625,2.57
11981,2022-08-08,桃園市,全區,3,621,2.14
12031,2022-08-07,桃園市,全區,3,618,2.14
12066,2022-08-06,桃園市,全區,1,615,2.14
12112,2022-08-05,桃園市,全區,2,614,2.43
12148,2022-08-04,桃園市,全區,2,612,3.00
12194,2022-08-03,桃園市,全區,3,610,3.00
12241,2022-08-02,桃園市,全區,1,607,3.14
12287,2022-08-01,桃園市,全區,3,606,3.29
12344,2022-07-31,桃園市,全區,3,603,3.29
12395,2022-07-30,桃園市,全區,3,600,2.86
12438,2022-07-29,桃園市,全區,6,597,2.57
12497,2022-07-28,桃園市,全區,2,591,2.29
12547,2022-07-27,桃園市,全區,4,589,2.29
12608,2022-07-26,桃園市,全區,2,585,2.14
12669,2022-07-25,桃園市,全區,3,583,2.00
12779,2022-07-23,桃園市,全區,1,580,1.86
12833,2022-07-22,桃園市,全區,4,579,2.14
12892,2022-07-21,桃園市,全區,2,575,2.14
12946,2022-07-20,桃園市,全區,3,573,2.43
13007,2022-07-19,桃園市,全區,1,570,2.29
13078,2022-07-18,桃園市,全區,1,569,3.00
13136,2022-07-17,桃園市,全區,1,568,3.14
13198,2022-07-16,桃園市,全區,3,567,3.71
13276,2022-07-15,桃園市,全區,4,564,3.86
13341,2022-07-14,桃園市,全區,4,560,4.14
13406,2022-07-13,桃園市,全區,2,556,4.57
13478,2022-07-12,桃園市,全區,6,554,5.00
13552,2022-07-11,桃園市,全區,2,548,4.57
13628,2022-07-10,桃園市,全區,5,546,4.86
13689,2022-07-09,桃園市,全區,4,541,4.71
13757,2022-07-08,桃園市,全區,6,537,4.71
13830,2022-07-07,桃園市,全區,7,531,4.86
13907,2022-07-06,桃園市,全區,5,524,4.29
13998,2022-07-05,桃園市,全區,3,519,4.29
14079,2022-07-04,桃園市,全區,4,516,4.29
14183,2022-07-03,桃園市,全區,4,512,4.71
14264,2022-07-02,桃園市,全區,4,508,4.43
14355,2022-07-01,桃園市,全區,7,504,4.71
14447,2022-06-30,桃園市,全區,3,497,4.43
14545,2022-06-29,桃園市,全區,5,494,4.57
14643,2022-06-28,桃園市,全區,3,489,4.57
14738,2022-06-27,桃園市,全區,7,486,5.43
14847,2022-06-26,桃園市,全區,2,479,5.57
14942,2022-06-25,桃園市,全區,6,477,7.14
15034,2022-06-24,桃園市,全區,5,471,7.86
15131,2022-06-23,桃園市,全區,4,466,9.00
15242,2022-06-22,桃園市,全區,5,462,9.57
15353,2022-06-21,桃園市,全區,9,457,10.29
15467,2022-06-20,桃園市,全區,8,448,10.14
15577,2022-06-19,桃園市,全區,13,440,10.00
15689,2022-06-18,桃園市,全區,11,427,9.43
15811,2022-06-17,桃園市,全區,13,416,8.71
15948,2022-06-16,桃園市,全區,8,403,8.71
16063,2022-06-15,桃園市,全區,10,395,9.00
16196,2022-06-14,桃園市,全區,8,385,9.14
16326,2022-06-13,桃園市,全區,7,377,9.43
16449,2022-06-12,桃園市,全區,9,370,10.86
16568,2022-06-11,桃園市,全區,6,361,10.86
16696,2022-06-10,桃園市,全區,13,355,11.86
16815,2022-06-09,桃園市,全區,10,342,11.57
16931,2022-06-08,桃園市,全區,11,332,12.14
17061,2022-06-07,桃園市,全區,10,321,12.86
17183,2022-06-06,桃園市,全區,17,311,13.43
17310,2022-06-05,桃園市,全區,9,294,13.43
17418,2022-06-04,桃園市,全區,13,285,14.57
17546,2022-06-03,桃園市,全區,11,272,14.14
17676,2022-06-02,桃園市,全區,14,261,13.86
17780,2022-06-01,桃園市,全區,16,247,14.00
17907,2022-05-31,桃園市,全區,14,231,13.14
18033,2022-05-30,桃園市,全區,17,217,12.43
18162,2022-05-29,桃園市,全區,17,200,11.29
18270,2022-05-28,桃園市,全區,10,183,10.00
18376,2022-05-27,桃園市,全區,9,173,10.14
18472,2022-05-26,桃園市,全區,15,164,10.14
18571,2022-05-25,桃園市,全區,10,149,9.00
18670,2022-05-24,桃園市,全區,9,139,8.57
18754,2022-05-23,桃園市,全區,9,130,8.14
18848,2022-05-22,桃園市,全區,8,121,7.43
18935,2022-05-21,桃園市,全區,11,113,7.71
19020,2022-05-20,桃園市,全區,9,102,7.00
19094,2022-05-19,桃園市,全區,7,93,6.43
19163,2022-05-18,桃園市,全區,7,86,5.86
19232,2022-05-17,桃園市,全區,6,79,5.57
19299,2022-05-16,桃園市,全區,4,73,5.14
19355,2022-05-15,桃園市,全區,10,69,4.57
19416,2022-05-14,桃園市,全區,6,59,3.29
19467,2022-05-13,桃園市,全區,5,53,2.43
19513,2022-05-12,桃園市,全區,3,48,1.86
19550,2022-05-11,桃園市,全區,5,45,1.57
19592,2022-05-10,桃園市,全區,3,40,1.00
19662,2022-05-08,桃園市,全區,1,37,0.86
19711,2022-05-06,桃園市,全區,1,36,0.86
19730,2022-05-05,桃園市,全區,1,35,0.71
19751,2022-05-04,桃園市,全區,1,34,0.86
19780,2022-05-02,桃園市,全區,2,33,0.71
19803,2022-04-30,桃園市,全區,1,31,0.43
19828,2022-04-28,桃園市,全區,2,30,0.29
19886,2022-02-04,桃園市,全區,1,28,0.14
19904,2021-10-04,桃園市,全區,1,27,0.14
20059,2021-07-16,桃園市,全區,1,26,0.29
20083,2021-07-12,桃園市,全區,1,25,0.43
20111,2021-07-09,桃園市,全區,1,24,0.43
20140,2021-07-06,桃園市,全區,1,23,0.29
20151,2021-07-05,桃園市,全區,1,22,0.14
20219,2021-06-28,桃園市,全區,1,21,0.43
20243,2021-06-26,桃園市,全區,1,20,0.71
20268,2021-06-24,桃園市,全區,1,19,0.57
20300,2021-06-21,桃園市,全區,3,18,0.43
20417,2021-06-13,桃園市,全區,2,15,0.71
20506,2021-06-08,桃園市,全區,2,13,1.00
20526,2021-06-07,桃園市,全區,1,11,0.71
20548,2021-06-06,桃園市,全區,1,10,0.57
20571,2021-06-05,桃園市,全區,1,9,0.57
20612,2021-06-03,桃園市,全區,1,8,0.71
20633,2021-06-02,桃園市,全區,1,7,0.57
20695,2021-05-30,桃園市,全區,1,6,0.43
20731,2021-05-28,桃園市,全區,2,5,0.29
20848,2021-04-09,桃園市,全區,1,3,0.14
20857,2021-01-29,桃園市,全區,1,2,0.14
20866,2020-03-29,桃園市,全區,1,1,0.14
