UID,個案研判日,縣市別,區域,新增確診人數,累計確診人數,七天移動平均新增確診人數
260,2023-06-14,澎湖縣,西嶼鄉,4,1496,0.57
3302,2023-03-13,澎湖縣,西嶼鄉,1,1492,0.71
4713,2023-03-09,澎湖縣,西嶼鄉,1,1491,0.71
5067,2023-03-08,澎湖縣,西嶼鄉,1,1490,0.86
5427,2023-03-07,澎湖縣,西嶼鄉,2,1489,0.71
6131,2023-03-05,澎湖縣,西嶼鄉,1,1487,0.57
7204,2023-03-02,澎湖縣,西嶼鄉,2,1486,0.71
8300,2023-02-27,澎湖縣,西嶼鄉,1,1484,0.86
9375,2023-02-24,澎湖縣,西嶼鄉,2,1483,2.57
10491,2023-02-21,澎湖縣,西嶼鄉,3,1481,2.86
10866,2023-02-20,澎湖縣,西嶼鄉,5,1478,2.43
11225,2023-02-19,澎湖縣,西嶼鄉,8,1473,2.43
12340,2023-02-16,澎湖縣,西嶼鄉,2,1465,3.29
12711,2023-02-15,澎湖縣,西嶼鄉,2,1463,3.14
13463,2023-02-13,澎湖縣,西嶼鄉,5,1461,3.29
13823,2023-02-12,澎湖縣,西嶼鄉,8,1456,2.86
14196,2023-02-11,澎湖縣,西嶼鄉,1,1448,1.86
14566,2023-02-10,澎湖縣,西嶼鄉,5,1447,2.29
14941,2023-02-09,澎湖縣,西嶼鄉,1,1442,2.29
15319,2023-02-08,澎湖縣,西嶼鄉,3,1441,2.29
16082,2023-02-06,澎湖縣,西嶼鄉,2,1438,3.14
16450,2023-02-05,澎湖縣,西嶼鄉,1,1436,3.29
16829,2023-02-04,澎湖縣,西嶼鄉,4,1435,4.43
17214,2023-02-03,澎湖縣,西嶼鄉,5,1431,3.86
17596,2023-02-02,澎湖縣,西嶼鄉,1,1426,4.00
17974,2023-02-01,澎湖縣,西嶼鄉,2,1425,4.71
18359,2023-01-31,澎湖縣,西嶼鄉,7,1423,4.71
18747,2023-01-30,澎湖縣,西嶼鄉,3,1416,4.57
19124,2023-01-29,澎湖縣,西嶼鄉,9,1413,4.71
19883,2023-01-27,澎湖縣,西嶼鄉,6,1404,4.00
20260,2023-01-26,澎湖縣,西嶼鄉,6,1398,3.29
20628,2023-01-25,澎湖縣,西嶼鄉,2,1392,2.57
20999,2023-01-24,澎湖縣,西嶼鄉,6,1390,2.29
21365,2023-01-23,澎湖縣,西嶼鄉,4,1384,1.86
21733,2023-01-22,澎湖縣,西嶼鄉,3,1380,1.29
22106,2023-01-21,澎湖縣,西嶼鄉,1,1377,1.29
22470,2023-01-20,澎湖縣,西嶼鄉,1,1376,1.14
22842,2023-01-19,澎湖縣,西嶼鄉,1,1375,1.14
23578,2023-01-17,澎湖縣,西嶼鄉,3,1374,1.14
24321,2023-01-15,澎湖縣,西嶼鄉,3,1371,0.86
25055,2023-01-13,澎湖縣,西嶼鄉,1,1368,0.71
25430,2023-01-12,澎湖縣,西嶼鄉,1,1367,0.86
26179,2023-01-10,澎湖縣,西嶼鄉,1,1366,1.00
27288,2023-01-07,澎湖縣,西嶼鄉,2,1365,1.29
27660,2023-01-06,澎湖縣,西嶼鄉,2,1363,1.29
28041,2023-01-05,澎湖縣,西嶼鄉,1,1361,1.57
28421,2023-01-04,澎湖縣,西嶼鄉,1,1360,1.71
28803,2023-01-03,澎湖縣,西嶼鄉,2,1359,1.57
29540,2023-01-01,澎湖縣,西嶼鄉,1,1357,1.29
29906,2022-12-31,澎湖縣,西嶼鄉,2,1356,1.29
30278,2022-12-30,澎湖縣,西嶼鄉,4,1354,1.00
30648,2022-12-29,澎湖縣,西嶼鄉,2,1350,0.57
32123,2022-12-25,澎湖縣,西嶼鄉,1,1348,0.71
32845,2022-12-23,澎湖縣,西嶼鄉,1,1347,0.86
33584,2022-12-21,澎湖縣,西嶼鄉,1,1346,1.00
34319,2022-12-19,澎湖縣,西嶼鄉,2,1345,0.86
35027,2022-12-17,澎湖縣,西嶼鄉,2,1343,0.71
35763,2022-12-15,澎湖縣,西嶼鄉,2,1341,0.57
36868,2022-12-12,澎湖縣,西嶼鄉,1,1339,0.43
37951,2022-12-09,澎湖縣,西嶼鄉,1,1338,0.43
38325,2022-12-08,澎湖縣,西嶼鄉,1,1337,0.29
39444,2022-12-05,澎湖縣,西嶼鄉,1,1336,0.57
41670,2022-11-29,澎湖縣,西嶼鄉,3,1335,0.71
43138,2022-11-25,澎湖縣,西嶼鄉,1,1332,1.00
43877,2022-11-23,澎湖縣,西嶼鄉,1,1331,1.29
44250,2022-11-22,澎湖縣,西嶼鄉,2,1330,1.71
44632,2022-11-21,澎湖縣,西嶼鄉,2,1328,1.57
45371,2022-11-19,澎湖縣,西嶼鄉,1,1326,1.71
46115,2022-11-17,澎湖縣,西嶼鄉,3,1325,1.86
46495,2022-11-16,澎湖縣,西嶼鄉,4,1322,1.57
46875,2022-11-15,澎湖縣,西嶼鄉,1,1318,1.00
47255,2022-11-14,澎湖縣,西嶼鄉,3,1317,0.86
48002,2022-11-12,澎湖縣,西嶼鄉,2,1314,1.43
48765,2022-11-10,澎湖縣,西嶼鄉,1,1312,2.43
49918,2022-11-07,澎湖縣,西嶼鄉,4,1311,3.00
50289,2022-11-06,澎湖縣,西嶼鄉,3,1307,3.14
50662,2022-11-05,澎湖縣,西嶼鄉,1,1304,3.00
51048,2022-11-04,澎湖縣,西嶼鄉,8,1303,2.86
51431,2022-11-03,澎湖縣,西嶼鄉,1,1295,2.14
51813,2022-11-02,澎湖縣,西嶼鄉,1,1294,2.57
52200,2022-11-01,澎湖縣,西嶼鄉,3,1293,3.29
52582,2022-10-31,澎湖縣,西嶼鄉,5,1290,3.43
52961,2022-10-30,澎湖縣,西嶼鄉,2,1285,4.00
53728,2022-10-28,澎湖縣,西嶼鄉,3,1283,5.86
54113,2022-10-27,澎湖縣,西嶼鄉,4,1280,6.14
54497,2022-10-26,澎湖縣,西嶼鄉,6,1276,6.14
54886,2022-10-25,澎湖縣,西嶼鄉,4,1270,6.14
55276,2022-10-24,澎湖縣,西嶼鄉,9,1266,6.00
55654,2022-10-23,澎湖縣,西嶼鄉,5,1257,5.57
56041,2022-10-22,澎湖縣,西嶼鄉,10,1252,5.71
56429,2022-10-21,澎湖縣,西嶼鄉,5,1242,4.71
56815,2022-10-20,澎湖縣,西嶼鄉,4,1237,5.00
57201,2022-10-19,澎湖縣,西嶼鄉,6,1233,4.71
57590,2022-10-18,澎湖縣,西嶼鄉,3,1227,4.57
57980,2022-10-17,澎湖縣,西嶼鄉,6,1224,5.14
58365,2022-10-16,澎湖縣,西嶼鄉,6,1218,5.00
58752,2022-10-15,澎湖縣,西嶼鄉,3,1212,4.86
59139,2022-10-14,澎湖縣,西嶼鄉,7,1209,5.14
59529,2022-10-13,澎湖縣,西嶼鄉,2,1202,5.57
59919,2022-10-12,澎湖縣,西嶼鄉,5,1200,6.71
60309,2022-10-11,澎湖縣,西嶼鄉,7,1195,7.43
60696,2022-10-10,澎湖縣,西嶼鄉,5,1188,7.14
61081,2022-10-09,澎湖縣,西嶼鄉,5,1183,8.71
61470,2022-10-08,澎湖縣,西嶼鄉,5,1178,8.29
61859,2022-10-07,澎湖縣,西嶼鄉,10,1173,7.86
62248,2022-10-06,澎湖縣,西嶼鄉,10,1163,6.57
62637,2022-10-05,澎湖縣,西嶼鄉,10,1153,5.71
63023,2022-10-04,澎湖縣,西嶼鄉,5,1143,4.57
63413,2022-10-03,澎湖縣,西嶼鄉,16,1138,4.14
63797,2022-10-02,澎湖縣,西嶼鄉,2,1122,2.57
64184,2022-10-01,澎湖縣,西嶼鄉,2,1120,2.57
64570,2022-09-30,澎湖縣,西嶼鄉,1,1118,2.57
64956,2022-09-29,澎湖縣,西嶼鄉,4,1117,3.71
65343,2022-09-28,澎湖縣,西嶼鄉,2,1113,3.57
65732,2022-09-27,澎湖縣,西嶼鄉,2,1111,3.86
66119,2022-09-26,澎湖縣,西嶼鄉,5,1109,4.29
66503,2022-09-25,澎湖縣,西嶼鄉,2,1104,4.14
66888,2022-09-24,澎湖縣,西嶼鄉,2,1102,4.43
67275,2022-09-23,澎湖縣,西嶼鄉,9,1100,4.86
67663,2022-09-22,澎湖縣,西嶼鄉,3,1091,4.86
68050,2022-09-21,澎湖縣,西嶼鄉,4,1088,5.00
68440,2022-09-20,澎湖縣,西嶼鄉,5,1084,5.29
68831,2022-09-19,澎湖縣,西嶼鄉,4,1079,5.14
69214,2022-09-18,澎湖縣,西嶼鄉,4,1075,5.43
69600,2022-09-17,澎湖縣,西嶼鄉,5,1071,6.00
69987,2022-09-16,澎湖縣,西嶼鄉,9,1066,5.57
70374,2022-09-15,澎湖縣,西嶼鄉,4,1057,4.86
70759,2022-09-14,澎湖縣,西嶼鄉,6,1053,5.00
71147,2022-09-13,澎湖縣,西嶼鄉,4,1047,6.29
71537,2022-09-12,澎湖縣,西嶼鄉,6,1043,7.00
71921,2022-09-11,澎湖縣,西嶼鄉,8,1037,8.71
72302,2022-09-10,澎湖縣,西嶼鄉,2,1029,8.86
72685,2022-09-09,澎湖縣,西嶼鄉,4,1027,8.86
73070,2022-09-08,澎湖縣,西嶼鄉,5,1023,9.00
73457,2022-09-07,澎湖縣,西嶼鄉,15,1018,9.71
73841,2022-09-06,澎湖縣,西嶼鄉,9,1003,8.71
74228,2022-09-05,澎湖縣,西嶼鄉,18,994,9.14
74611,2022-09-04,澎湖縣,西嶼鄉,9,976,9.00
74997,2022-09-03,澎湖縣,西嶼鄉,2,967,9.00
75383,2022-09-02,澎湖縣,西嶼鄉,5,965,9.86
75771,2022-09-01,澎湖縣,西嶼鄉,10,960,11.86
76159,2022-08-31,澎湖縣,西嶼鄉,8,950,12.57
76546,2022-08-30,澎湖縣,西嶼鄉,12,942,12.57
76936,2022-08-29,澎湖縣,西嶼鄉,17,930,11.57
77317,2022-08-28,澎湖縣,西嶼鄉,9,913,10.71
77705,2022-08-27,澎湖縣,西嶼鄉,8,904,9.43
78091,2022-08-26,澎湖縣,西嶼鄉,19,896,8.57
78478,2022-08-25,澎湖縣,西嶼鄉,15,877,5.86
78862,2022-08-24,澎湖縣,西嶼鄉,8,862,4.29
79246,2022-08-23,澎湖縣,西嶼鄉,5,854,4.29
79634,2022-08-22,澎湖縣,西嶼鄉,11,849,3.71
80395,2022-08-20,澎湖縣,西嶼鄉,2,838,2.71
81169,2022-08-18,澎湖縣,西嶼鄉,4,836,4.00
81555,2022-08-17,澎湖縣,西嶼鄉,8,832,4.86
81940,2022-08-16,澎湖縣,西嶼鄉,1,824,4.71
82328,2022-08-15,澎湖縣,西嶼鄉,3,823,7.00
82705,2022-08-14,澎湖縣,西嶼鄉,1,820,7.43
83084,2022-08-13,澎湖縣,西嶼鄉,5,819,7.43
83469,2022-08-12,澎湖縣,西嶼鄉,6,814,7.00
83855,2022-08-11,澎湖縣,西嶼鄉,10,808,6.57
84242,2022-08-10,澎湖縣,西嶼鄉,7,798,5.71
84625,2022-08-09,澎湖縣,西嶼鄉,17,791,5.14
85008,2022-08-08,澎湖縣,西嶼鄉,6,774,3.86
85383,2022-08-07,澎湖縣,西嶼鄉,1,768,4.00
85761,2022-08-06,澎湖縣,西嶼鄉,2,767,5.00
86146,2022-08-05,澎湖縣,西嶼鄉,3,765,6.00
86531,2022-08-04,澎湖縣,西嶼鄉,4,762,6.00
86918,2022-08-03,澎湖縣,西嶼鄉,3,758,6.29
87300,2022-08-02,澎湖縣,西嶼鄉,8,755,7.14
87689,2022-08-01,澎湖縣,西嶼鄉,7,747,7.43
88066,2022-07-31,澎湖縣,西嶼鄉,8,740,7.86
88444,2022-07-30,澎湖縣,西嶼鄉,9,732,7.14
88827,2022-07-29,澎湖縣,西嶼鄉,3,723,7.00
89214,2022-07-28,澎湖縣,西嶼鄉,6,720,7.29
89603,2022-07-27,澎湖縣,西嶼鄉,9,714,7.86
89991,2022-07-26,澎湖縣,西嶼鄉,10,705,7.57
90378,2022-07-25,澎湖縣,西嶼鄉,10,695,7.86
90755,2022-07-24,澎湖縣,西嶼鄉,3,685,7.00
91136,2022-07-23,澎湖縣,西嶼鄉,8,682,7.43
91524,2022-07-22,澎湖縣,西嶼鄉,5,674,7.29
91909,2022-07-21,澎湖縣,西嶼鄉,10,669,7.29
92294,2022-07-20,澎湖縣,西嶼鄉,7,659,9.00
92681,2022-07-19,澎湖縣,西嶼鄉,12,652,10.00
93072,2022-07-18,澎湖縣,西嶼鄉,4,640,10.29
93449,2022-07-17,澎湖縣,西嶼鄉,6,636,11.43
93836,2022-07-16,澎湖縣,西嶼鄉,7,630,11.00
94224,2022-07-15,澎湖縣,西嶼鄉,5,623,10.57
94611,2022-07-14,澎湖縣,西嶼鄉,22,618,11.14
95000,2022-07-13,澎湖縣,西嶼鄉,14,596,9.43
95387,2022-07-12,澎湖縣,西嶼鄉,14,582,8.29
95777,2022-07-11,澎湖縣,西嶼鄉,12,568,7.14
96160,2022-07-10,澎湖縣,西嶼鄉,3,556,6.57
96548,2022-07-09,澎湖縣,西嶼鄉,4,553,7.00
96936,2022-07-08,澎湖縣,西嶼鄉,9,549,7.14
97327,2022-07-07,澎湖縣,西嶼鄉,10,540,7.14
97717,2022-07-06,澎湖縣,西嶼鄉,6,530,8.00
98106,2022-07-05,澎湖縣,西嶼鄉,6,524,8.43
98494,2022-07-04,澎湖縣,西嶼鄉,8,518,10.00
98881,2022-07-03,澎湖縣,西嶼鄉,6,510,12.29
99267,2022-07-02,澎湖縣,西嶼鄉,5,504,13.57
99659,2022-07-01,澎湖縣,西嶼鄉,9,499,14.14
100051,2022-06-30,澎湖縣,西嶼鄉,16,490,15.29
100440,2022-06-29,澎湖縣,西嶼鄉,9,474,14.71
100831,2022-06-28,澎湖縣,西嶼鄉,17,465,15.57
101221,2022-06-27,澎湖縣,西嶼鄉,24,448,15.14
101606,2022-06-26,澎湖縣,西嶼鄉,15,424,13.71
101995,2022-06-25,澎湖縣,西嶼鄉,9,409,12.86
102385,2022-06-24,澎湖縣,西嶼鄉,17,400,13.43
102777,2022-06-23,澎湖縣,西嶼鄉,12,383,12.71
103168,2022-06-22,澎湖縣,西嶼鄉,15,371,12.57
103559,2022-06-21,澎湖縣,西嶼鄉,14,356,11.57
103951,2022-06-20,澎湖縣,西嶼鄉,14,342,11.14
104340,2022-06-19,澎湖縣,西嶼鄉,9,328,10.00
104732,2022-06-18,澎湖縣,西嶼鄉,13,319,9.71
105123,2022-06-17,澎湖縣,西嶼鄉,12,306,9.57
105513,2022-06-16,澎湖縣,西嶼鄉,11,294,9.14
105903,2022-06-15,澎湖縣,西嶼鄉,8,283,8.43
106293,2022-06-14,澎湖縣,西嶼鄉,11,275,8.00
106685,2022-06-13,澎湖縣,西嶼鄉,6,264,8.29
107073,2022-06-12,澎湖縣,西嶼鄉,7,258,10.29
107462,2022-06-11,澎湖縣,西嶼鄉,12,251,10.43
107853,2022-06-10,澎湖縣,西嶼鄉,9,239,9.43
108242,2022-06-09,澎湖縣,西嶼鄉,6,230,9.29
108631,2022-06-08,澎湖縣,西嶼鄉,5,224,10.00
109022,2022-06-07,澎湖縣,西嶼鄉,13,219,10.43
109413,2022-06-06,澎湖縣,西嶼鄉,20,206,9.86
109803,2022-06-05,澎湖縣,西嶼鄉,8,186,8.57
110191,2022-06-04,澎湖縣,西嶼鄉,5,178,9.00
110583,2022-06-03,澎湖縣,西嶼鄉,8,173,8.86
110974,2022-06-02,澎湖縣,西嶼鄉,11,165,8.00
111364,2022-06-01,澎湖縣,西嶼鄉,8,154,7.00
111756,2022-05-31,澎湖縣,西嶼鄉,9,146,6.00
112146,2022-05-30,澎湖縣,西嶼鄉,11,137,4.86
112538,2022-05-29,澎湖縣,西嶼鄉,11,126,4.00
112927,2022-05-28,澎湖縣,西嶼鄉,4,115,3.29
113319,2022-05-27,澎湖縣,西嶼鄉,2,111,2.71
113709,2022-05-26,澎湖縣,西嶼鄉,4,109,3.00
114099,2022-05-25,澎湖縣,西嶼鄉,1,105,3.00
114490,2022-05-24,澎湖縣,西嶼鄉,1,104,4.00
114882,2022-05-23,澎湖縣,西嶼鄉,5,103,4.57
115272,2022-05-22,澎湖縣,西嶼鄉,6,98,4.57
116047,2022-05-20,澎湖縣,西嶼鄉,4,92,4.43
116435,2022-05-19,澎湖縣,西嶼鄉,4,88,4.14
116825,2022-05-18,澎湖縣,西嶼鄉,8,84,4.71
117215,2022-05-17,澎湖縣,西嶼鄉,5,76,3.71
117602,2022-05-16,澎湖縣,西嶼鄉,5,71,4.14
117989,2022-05-15,澎湖縣,西嶼鄉,4,66,4.14
118373,2022-05-14,澎湖縣,西嶼鄉,1,62,4.43
118760,2022-05-13,澎湖縣,西嶼鄉,2,61,4.57
119144,2022-05-12,澎湖縣,西嶼鄉,8,59,5.43
119528,2022-05-11,澎湖縣,西嶼鄉,1,51,4.57
119915,2022-05-10,澎湖縣,西嶼鄉,8,50,5.00
120296,2022-05-09,澎湖縣,西嶼鄉,5,42,4.86
120676,2022-05-08,澎湖縣,西嶼鄉,6,37,4.71
121059,2022-05-07,澎湖縣,西嶼鄉,2,31,4.29
121439,2022-05-06,澎湖縣,西嶼鄉,8,29,4.14
121810,2022-05-05,澎湖縣,西嶼鄉,2,21,3.00
122172,2022-05-04,澎湖縣,西嶼鄉,4,19,2.71
122533,2022-05-03,澎湖縣,西嶼鄉,7,15,2.14
122884,2022-05-02,澎湖縣,西嶼鄉,4,8,1.14
123220,2022-05-01,澎湖縣,西嶼鄉,3,4,0.57
123555,2022-04-30,澎湖縣,西嶼鄉,1,1,0.14
