UID,個案研判日,縣市別,區域,新增確診人數,累計確診人數,七天移動平均新增確診人數
868,2023-03-20,澎湖縣,白沙鄉,4,1714,1.57
1196,2023-03-19,澎湖縣,白沙鄉,2,1710,1.14
2238,2023-03-16,澎湖縣,白沙鄉,1,1708,1.57
2590,2023-03-15,澎湖縣,白沙鄉,3,1707,1.43
2947,2023-03-14,澎湖縣,白沙鄉,1,1704,1.71
3306,2023-03-13,澎湖縣,白沙鄉,1,1703,2.00
3650,2023-03-12,澎湖縣,白沙鄉,1,1702,2.14
4006,2023-03-11,澎湖縣,白沙鄉,1,1701,2.29
4358,2023-03-10,澎湖縣,白沙鄉,3,1700,2.14
5071,2023-03-08,澎湖縣,白沙鄉,5,1697,2.29
5430,2023-03-07,澎湖縣,白沙鄉,3,1692,2.29
5795,2023-03-06,澎湖縣,白沙鄉,2,1689,2.14
6135,2023-03-05,澎湖縣,白沙鄉,2,1687,2.29
6846,2023-03-03,澎湖縣,白沙鄉,1,1685,2.43
7209,2023-03-02,澎湖縣,白沙鄉,3,1684,2.43
7580,2023-03-01,澎湖縣,白沙鄉,5,1681,2.00
7944,2023-02-28,澎湖縣,白沙鄉,2,1676,1.29
8305,2023-02-27,澎湖縣,白沙鄉,3,1674,1.00
8648,2023-02-26,澎湖縣,白沙鄉,1,1671,1.43
9018,2023-02-25,澎湖縣,白沙鄉,2,1670,1.86
9379,2023-02-24,澎湖縣,白沙鄉,1,1668,2.00
10871,2023-02-20,澎湖縣,白沙鄉,6,1667,2.43
11230,2023-02-19,澎湖縣,白沙鄉,4,1661,2.00
11597,2023-02-18,澎湖縣,白沙鄉,3,1657,1.57
11970,2023-02-17,澎湖縣,白沙鄉,1,1654,1.29
12345,2023-02-16,澎湖縣,白沙鄉,1,1653,1.14
12716,2023-02-15,澎湖縣,白沙鄉,2,1652,1.86
13468,2023-02-13,澎湖縣,白沙鄉,3,1650,2.14
13826,2023-02-12,澎湖縣,白沙鄉,1,1647,2.00
14200,2023-02-11,澎湖縣,白沙鄉,1,1646,2.00
14947,2023-02-09,澎湖縣,白沙鄉,6,1645,3.29
15325,2023-02-08,澎湖縣,白沙鄉,2,1639,3.29
15705,2023-02-07,澎湖縣,白沙鄉,2,1637,3.86
16088,2023-02-06,澎湖縣,白沙鄉,2,1635,4.43
16456,2023-02-05,澎湖縣,白沙鄉,1,1633,5.57
16834,2023-02-04,澎湖縣,白沙鄉,4,1632,8.14
17219,2023-02-03,澎湖縣,白沙鄉,6,1628,9.57
17602,2023-02-02,澎湖縣,白沙鄉,6,1622,10.86
17979,2023-02-01,澎湖縣,白沙鄉,6,1616,10.86
18365,2023-01-31,澎湖縣,白沙鄉,6,1610,10.43
18753,2023-01-30,澎湖縣,白沙鄉,10,1604,10.00
19129,2023-01-29,澎湖縣,白沙鄉,19,1594,9.43
19509,2023-01-28,澎湖縣,白沙鄉,14,1575,7.00
19888,2023-01-27,澎湖縣,白沙鄉,15,1561,5.71
20265,2023-01-26,澎湖縣,白沙鄉,6,1546,4.57
20631,2023-01-25,澎湖縣,白沙鄉,3,1540,4.43
21004,2023-01-24,澎湖縣,白沙鄉,3,1537,4.71
21370,2023-01-23,澎湖縣,白沙鄉,6,1534,5.00
21736,2023-01-22,澎湖縣,白沙鄉,2,1528,4.71
22109,2023-01-21,澎湖縣,白沙鄉,5,1526,5.00
22475,2023-01-20,澎湖縣,白沙鄉,7,1521,4.86
22846,2023-01-19,澎湖縣,白沙鄉,5,1514,4.00
23218,2023-01-18,澎湖縣,白沙鄉,5,1509,3.57
23582,2023-01-17,澎湖縣,白沙鄉,5,1504,3.57
23958,2023-01-16,澎湖縣,白沙鄉,4,1499,3.86
24325,2023-01-15,澎湖縣,白沙鄉,4,1495,3.57
24691,2023-01-14,澎湖縣,白沙鄉,4,1491,3.00
25060,2023-01-13,澎湖縣,白沙鄉,1,1487,2.43
25434,2023-01-12,澎湖縣,白沙鄉,2,1486,2.57
25811,2023-01-11,澎湖縣,白沙鄉,5,1484,2.86
26183,2023-01-10,澎湖縣,白沙鄉,7,1479,2.71
26561,2023-01-09,澎湖縣,白沙鄉,2,1472,3.00
27665,2023-01-06,澎湖縣,白沙鄉,2,1470,3.71
28045,2023-01-05,澎湖縣,白沙鄉,4,1468,3.57
28426,2023-01-04,澎湖縣,白沙鄉,4,1464,3.29
28808,2023-01-03,澎湖縣,白沙鄉,9,1460,3.00
29180,2023-01-02,澎湖縣,白沙鄉,2,1451,2.29
29544,2023-01-01,澎湖縣,白沙鄉,3,1449,2.86
29910,2022-12-31,澎湖縣,白沙鄉,2,1446,3.00
30283,2022-12-30,澎湖縣,白沙鄉,1,1444,3.43
30653,2022-12-29,澎湖縣,白沙鄉,2,1443,3.86
31025,2022-12-28,澎湖縣,白沙鄉,2,1441,4.00
31401,2022-12-27,澎湖縣,白沙鄉,4,1439,4.29
31773,2022-12-26,澎湖縣,白沙鄉,6,1435,4.57
32128,2022-12-25,澎湖縣,白沙鄉,4,1429,4.14
32488,2022-12-24,澎湖縣,白沙鄉,5,1425,3.71
32851,2022-12-23,澎湖縣,白沙鄉,4,1420,3.14
33217,2022-12-22,澎湖縣,白沙鄉,3,1416,2.57
33589,2022-12-21,澎湖縣,白沙鄉,4,1413,2.86
33951,2022-12-20,澎湖縣,白沙鄉,6,1409,3.00
34324,2022-12-19,澎湖縣,白沙鄉,3,1403,2.57
34671,2022-12-18,澎湖縣,白沙鄉,1,1400,2.57
35031,2022-12-17,澎湖縣,白沙鄉,1,1399,2.57
35767,2022-12-15,澎湖縣,白沙鄉,5,1398,2.86
36125,2022-12-14,澎湖縣,白沙鄉,5,1393,2.29
36497,2022-12-13,澎湖縣,白沙鄉,3,1388,1.57
36872,2022-12-12,澎湖縣,白沙鄉,3,1385,1.43
37221,2022-12-11,澎湖縣,白沙鄉,1,1382,1.14
37591,2022-12-10,澎湖縣,白沙鄉,1,1381,1.00
37956,2022-12-09,澎湖縣,白沙鄉,2,1380,0.86
38329,2022-12-08,澎湖縣,白沙鄉,1,1378,0.71
39071,2022-12-06,澎湖縣,白沙鄉,2,1377,1.14
39449,2022-12-05,澎湖縣,白沙鄉,1,1375,2.14
40555,2022-12-02,澎湖縣,白沙鄉,1,1374,3.29
40923,2022-12-01,澎湖縣,白沙鄉,2,1373,3.57
41296,2022-11-30,澎湖縣,白沙鄉,2,1371,3.43
41674,2022-11-29,澎湖縣,白沙鄉,9,1369,3.43
42052,2022-11-28,澎湖縣,白沙鄉,6,1360,2.43
42415,2022-11-27,澎湖縣,白沙鄉,2,1354,1.86
42769,2022-11-26,澎湖縣,白沙鄉,1,1352,1.86
43141,2022-11-25,澎湖縣,白沙鄉,3,1351,2.43
43512,2022-11-24,澎湖縣,白沙鄉,1,1348,2.29
43882,2022-11-23,澎湖縣,白沙鄉,2,1347,2.29
44255,2022-11-22,澎湖縣,白沙鄉,2,1345,2.00
44637,2022-11-21,澎湖縣,白沙鄉,2,1343,1.86
45003,2022-11-20,澎湖縣,白沙鄉,2,1341,2.57
45377,2022-11-19,澎湖縣,白沙鄉,5,1339,2.43
45746,2022-11-18,澎湖縣,白沙鄉,2,1334,2.29
46120,2022-11-17,澎湖縣,白沙鄉,1,1332,2.14
46881,2022-11-15,澎湖縣,白沙鄉,1,1331,2.43
47261,2022-11-14,澎湖縣,白沙鄉,7,1330,2.43
47631,2022-11-13,澎湖縣,白沙鄉,1,1323,1.71
48008,2022-11-12,澎湖縣,白沙鄉,4,1322,1.57
48387,2022-11-11,澎湖縣,白沙鄉,1,1318,1.14
48770,2022-11-10,澎湖縣,白沙鄉,2,1317,1.14
49153,2022-11-09,澎湖縣,白沙鄉,1,1315,0.86
49538,2022-11-08,澎湖縣,白沙鄉,1,1314,0.86
49923,2022-11-07,澎湖縣,白沙鄉,2,1313,1.00
50667,2022-11-05,澎湖縣,白沙鄉,1,1311,2.14
51053,2022-11-04,澎湖縣,白沙鄉,1,1310,2.86
51819,2022-11-02,澎湖縣,白沙鄉,1,1309,3.43
52205,2022-11-01,澎湖縣,白沙鄉,2,1308,4.14
52588,2022-10-31,澎湖縣,白沙鄉,4,1306,4.29
52967,2022-10-30,澎湖縣,白沙鄉,6,1302,5.71
53345,2022-10-29,澎湖縣,白沙鄉,6,1296,5.43
53733,2022-10-28,澎湖縣,白沙鄉,4,1290,5.57
54118,2022-10-27,澎湖縣,白沙鄉,1,1286,6.43
54503,2022-10-26,澎湖縣,白沙鄉,6,1285,7.14
54891,2022-10-25,澎湖縣,白沙鄉,3,1279,8.43
55282,2022-10-24,澎湖縣,白沙鄉,14,1276,8.71
55660,2022-10-23,澎湖縣,白沙鄉,4,1262,8.29
56046,2022-10-22,澎湖縣,白沙鄉,7,1258,8.29
56434,2022-10-21,澎湖縣,白沙鄉,10,1251,8.71
56820,2022-10-20,澎湖縣,白沙鄉,6,1241,8.00
57207,2022-10-19,澎湖縣,白沙鄉,15,1235,8.00
57596,2022-10-18,澎湖縣,白沙鄉,5,1220,6.57
57986,2022-10-17,澎湖縣,白沙鄉,11,1215,7.57
58371,2022-10-16,澎湖縣,白沙鄉,4,1204,7.29
58756,2022-10-15,澎湖縣,白沙鄉,10,1200,7.57
59145,2022-10-14,澎湖縣,白沙鄉,5,1190,6.57
59535,2022-10-13,澎湖縣,白沙鄉,6,1185,6.86
59925,2022-10-12,澎湖縣,白沙鄉,5,1179,6.57
60315,2022-10-11,澎湖縣,白沙鄉,12,1174,6.29
60702,2022-10-10,澎湖縣,白沙鄉,9,1162,5.14
61087,2022-10-09,澎湖縣,白沙鄉,6,1153,4.14
61476,2022-10-08,澎湖縣,白沙鄉,3,1147,4.43
61865,2022-10-07,澎湖縣,白沙鄉,7,1144,4.71
62254,2022-10-06,澎湖縣,白沙鄉,4,1137,4.57
62643,2022-10-05,澎湖縣,白沙鄉,3,1133,4.71
63029,2022-10-04,澎湖縣,白沙鄉,4,1130,5.00
63419,2022-10-03,澎湖縣,白沙鄉,2,1126,5.86
63803,2022-10-02,澎湖縣,白沙鄉,8,1124,6.00
64190,2022-10-01,澎湖縣,白沙鄉,5,1116,5.43
64575,2022-09-30,澎湖縣,白沙鄉,6,1111,4.86
64962,2022-09-29,澎湖縣,白沙鄉,5,1105,4.43
65349,2022-09-28,澎湖縣,白沙鄉,5,1100,4.29
65737,2022-09-27,澎湖縣,白沙鄉,10,1095,4.43
66125,2022-09-26,澎湖縣,白沙鄉,3,1085,3.71
66509,2022-09-25,澎湖縣,白沙鄉,4,1082,3.57
66893,2022-09-24,澎湖縣,白沙鄉,1,1078,4.00
67280,2022-09-23,澎湖縣,白沙鄉,3,1077,4.29
67668,2022-09-22,澎湖縣,白沙鄉,4,1074,4.86
68055,2022-09-21,澎湖縣,白沙鄉,6,1070,5.57
68446,2022-09-20,澎湖縣,白沙鄉,5,1064,5.29
68837,2022-09-19,澎湖縣,白沙鄉,2,1059,5.43
69219,2022-09-18,澎湖縣,白沙鄉,7,1057,6.29
69606,2022-09-17,澎湖縣,白沙鄉,3,1050,6.14
69993,2022-09-16,澎湖縣,白沙鄉,7,1047,5.86
70380,2022-09-15,澎湖縣,白沙鄉,9,1040,5.00
70764,2022-09-14,澎湖縣,白沙鄉,4,1031,4.71
71153,2022-09-13,澎湖縣,白沙鄉,6,1027,4.43
71543,2022-09-12,澎湖縣,白沙鄉,8,1021,4.14
71926,2022-09-11,澎湖縣,白沙鄉,6,1013,4.29
72308,2022-09-10,澎湖縣,白沙鄉,1,1007,4.00
72690,2022-09-09,澎湖縣,白沙鄉,1,1006,4.29
73076,2022-09-08,澎湖縣,白沙鄉,7,1005,4.86
73462,2022-09-07,澎湖縣,白沙鄉,2,998,4.57
73846,2022-09-06,澎湖縣,白沙鄉,4,996,5.71
74233,2022-09-05,澎湖縣,白沙鄉,9,992,5.86
74616,2022-09-04,澎湖縣,白沙鄉,4,983,5.00
75003,2022-09-03,澎湖縣,白沙鄉,3,979,5.14
75389,2022-09-02,澎湖縣,白沙鄉,5,976,5.57
75777,2022-09-01,澎湖縣,白沙鄉,5,971,5.71
76164,2022-08-31,澎湖縣,白沙鄉,10,966,6.86
76552,2022-08-30,澎湖縣,白沙鄉,5,956,6.14
76942,2022-08-29,澎湖縣,白沙鄉,3,951,6.29
77323,2022-08-28,澎湖縣,白沙鄉,5,948,7.29
77711,2022-08-27,澎湖縣,白沙鄉,6,943,7.00
78096,2022-08-26,澎湖縣,白沙鄉,6,937,6.43
78483,2022-08-25,澎湖縣,白沙鄉,13,931,5.86
78868,2022-08-24,澎湖縣,白沙鄉,5,918,4.14
79252,2022-08-23,澎湖縣,白沙鄉,6,913,3.86
79640,2022-08-22,澎湖縣,白沙鄉,10,907,3.29
80017,2022-08-21,澎湖縣,白沙鄉,3,897,2.43
80401,2022-08-20,澎湖縣,白沙鄉,2,894,2.86
80786,2022-08-19,澎湖縣,白沙鄉,2,892,4.43
81175,2022-08-18,澎湖縣,白沙鄉,1,890,4.71
81561,2022-08-17,澎湖縣,白沙鄉,3,889,4.86
81946,2022-08-16,澎湖縣,白沙鄉,2,886,5.29
82333,2022-08-15,澎湖縣,白沙鄉,4,884,6.29
82709,2022-08-14,澎湖縣,白沙鄉,6,880,7.29
83089,2022-08-13,澎湖縣,白沙鄉,13,874,8.71
83474,2022-08-12,澎湖縣,白沙鄉,4,861,7.86
83861,2022-08-11,澎湖縣,白沙鄉,2,857,8.00
84247,2022-08-10,澎湖縣,白沙鄉,6,855,8.57
84629,2022-08-09,澎湖縣,白沙鄉,9,849,8.71
85013,2022-08-08,澎湖縣,白沙鄉,11,840,8.00
85388,2022-08-07,澎湖縣,白沙鄉,16,829,8.57
85766,2022-08-06,澎湖縣,白沙鄉,7,813,7.43
86152,2022-08-05,澎湖縣,白沙鄉,5,806,7.43
86536,2022-08-04,澎湖縣,白沙鄉,6,801,8.43
86923,2022-08-03,澎湖縣,白沙鄉,7,795,8.43
87305,2022-08-02,澎湖縣,白沙鄉,4,788,9.43
87694,2022-08-01,澎湖縣,白沙鄉,15,784,10.71
88071,2022-07-31,澎湖縣,白沙鄉,8,769,10.43
88450,2022-07-30,澎湖縣,白沙鄉,7,761,10.00
88832,2022-07-29,澎湖縣,白沙鄉,12,754,9.57
89219,2022-07-28,澎湖縣,白沙鄉,6,742,8.29
89609,2022-07-27,澎湖縣,白沙鄉,14,736,9.00
89996,2022-07-26,澎湖縣,白沙鄉,13,722,8.57
90382,2022-07-25,澎湖縣,白沙鄉,13,709,8.14
90761,2022-07-24,澎湖縣,白沙鄉,5,696,7.14
91142,2022-07-23,澎湖縣,白沙鄉,4,691,7.14
91530,2022-07-22,澎湖縣,白沙鄉,3,687,8.71
91914,2022-07-21,澎湖縣,白沙鄉,11,684,9.29
92300,2022-07-20,澎湖縣,白沙鄉,11,673,10.14
92687,2022-07-19,澎湖縣,白沙鄉,10,662,9.86
93076,2022-07-18,澎湖縣,白沙鄉,6,652,8.86
93454,2022-07-17,澎湖縣,白沙鄉,5,646,9.00
93842,2022-07-16,澎湖縣,白沙鄉,15,641,8.86
94229,2022-07-15,澎湖縣,白沙鄉,7,626,7.57
94616,2022-07-14,澎湖縣,白沙鄉,17,619,7.71
95006,2022-07-13,澎湖縣,白沙鄉,9,602,6.43
95393,2022-07-12,澎湖縣,白沙鄉,3,593,6.29
95783,2022-07-11,澎湖縣,白沙鄉,7,590,6.86
96166,2022-07-10,澎湖縣,白沙鄉,4,583,6.86
96554,2022-07-09,澎湖縣,白沙鄉,6,579,7.00
96942,2022-07-08,澎湖縣,白沙鄉,8,573,6.57
97333,2022-07-07,澎湖縣,白沙鄉,8,565,6.43
97723,2022-07-06,澎湖縣,白沙鄉,8,557,6.00
98111,2022-07-05,澎湖縣,白沙鄉,7,549,5.14
98500,2022-07-04,澎湖縣,白沙鄉,7,542,5.14
98887,2022-07-03,澎湖縣,白沙鄉,5,535,5.43
99273,2022-07-02,澎湖縣,白沙鄉,3,530,5.86
99665,2022-07-01,澎湖縣,白沙鄉,7,527,7.14
100057,2022-06-30,澎湖縣,白沙鄉,5,520,6.71
100446,2022-06-29,澎湖縣,白沙鄉,2,515,7.43
100837,2022-06-28,澎湖縣,白沙鄉,7,513,8.57
101227,2022-06-27,澎湖縣,白沙鄉,9,506,8.43
101612,2022-06-26,澎湖縣,白沙鄉,8,497,8.86
102001,2022-06-25,澎湖縣,白沙鄉,12,489,8.86
102391,2022-06-24,澎湖縣,白沙鄉,4,477,8.57
102783,2022-06-23,澎湖縣,白沙鄉,10,473,10.00
103174,2022-06-22,澎湖縣,白沙鄉,10,463,10.57
103565,2022-06-21,澎湖縣,白沙鄉,6,453,11.57
103957,2022-06-20,澎湖縣,白沙鄉,12,447,12.57
104346,2022-06-19,澎湖縣,白沙鄉,8,435,12.00
104738,2022-06-18,澎湖縣,白沙鄉,10,427,12.14
105129,2022-06-17,澎湖縣,白沙鄉,14,417,11.86
105519,2022-06-16,澎湖縣,白沙鄉,14,403,12.57
105909,2022-06-15,澎湖縣,白沙鄉,17,389,12.43
106299,2022-06-14,澎湖縣,白沙鄉,13,372,13.43
106691,2022-06-13,澎湖縣,白沙鄉,8,359,14.57
107079,2022-06-12,澎湖縣,白沙鄉,9,351,16.57
107468,2022-06-11,澎湖縣,白沙鄉,8,342,16.86
107859,2022-06-10,澎湖縣,白沙鄉,19,334,17.14
108248,2022-06-09,澎湖縣,白沙鄉,13,315,15.14
108637,2022-06-08,澎湖縣,白沙鄉,24,302,15.57
109028,2022-06-07,澎湖縣,白沙鄉,21,278,13.29
109419,2022-06-06,澎湖縣,白沙鄉,22,257,11.57
109809,2022-06-05,澎湖縣,白沙鄉,11,235,9.43
110197,2022-06-04,澎湖縣,白沙鄉,10,224,8.29
110589,2022-06-03,澎湖縣,白沙鄉,5,214,7.71
110980,2022-06-02,澎湖縣,白沙鄉,16,209,7.86
111370,2022-06-01,澎湖縣,白沙鄉,8,193,6.43
111762,2022-05-31,澎湖縣,白沙鄉,9,185,5.43
112152,2022-05-30,澎湖縣,白沙鄉,7,176,5.00
112544,2022-05-29,澎湖縣,白沙鄉,3,169,5.86
112933,2022-05-28,澎湖縣,白沙鄉,6,166,6.71
113325,2022-05-27,澎湖縣,白沙鄉,6,160,7.57
113715,2022-05-26,澎湖縣,白沙鄉,6,154,8.29
114105,2022-05-25,澎湖縣,白沙鄉,1,148,8.71
114496,2022-05-24,澎湖縣,白沙鄉,6,147,10.00
114888,2022-05-23,澎湖縣,白沙鄉,13,141,11.29
115278,2022-05-22,澎湖縣,白沙鄉,9,128,11.29
115666,2022-05-21,澎湖縣,白沙鄉,12,119,10.14
116053,2022-05-20,澎湖縣,白沙鄉,11,107,9.86
116441,2022-05-19,澎湖縣,白沙鄉,9,96,8.86
116831,2022-05-18,澎湖縣,白沙鄉,10,87,8.43
117221,2022-05-17,澎湖縣,白沙鄉,15,77,7.43
117608,2022-05-16,澎湖縣,白沙鄉,13,62,5.71
117995,2022-05-15,澎湖縣,白沙鄉,1,49,4.43
118379,2022-05-14,澎湖縣,白沙鄉,10,48,4.43
118765,2022-05-13,澎湖縣,白沙鄉,4,38,3.29
119150,2022-05-12,澎湖縣,白沙鄉,6,34,3.29
119534,2022-05-11,澎湖縣,白沙鄉,3,28,3.29
119920,2022-05-10,澎湖縣,白沙鄉,3,25,3.57
120301,2022-05-09,澎湖縣,白沙鄉,4,22,3.14
120682,2022-05-08,澎湖縣,白沙鄉,1,18,2.57
121064,2022-05-07,澎湖縣,白沙鄉,2,17,2.43
121442,2022-05-06,澎湖縣,白沙鄉,4,15,2.14
121814,2022-05-05,澎湖縣,白沙鄉,6,11,1.57
122175,2022-05-04,澎湖縣,白沙鄉,5,5,0.71
