UID,個案研判日,縣市別,區域,新增確診人數,累計確診人數,七天移動平均新增確診人數
235,2023-06-14,花蓮縣,萬榮鄉,1,2335,0.14
3223,2023-03-13,花蓮縣,萬榮鄉,2,2334,0.86
3578,2023-03-12,花蓮縣,萬榮鄉,2,2332,0.57
4281,2023-03-10,花蓮縣,萬榮鄉,2,2330,0.43
6067,2023-03-05,花蓮縣,萬榮鄉,1,2328,1.86
6764,2023-03-03,花蓮縣,萬榮鄉,7,2327,2.00
7127,2023-03-02,花蓮縣,萬榮鄉,1,2320,1.00
7491,2023-03-01,花蓮縣,萬榮鄉,1,2319,1.43
7863,2023-02-28,花蓮縣,萬榮鄉,1,2318,1.57
8226,2023-02-27,花蓮縣,萬榮鄉,2,2317,1.86
8930,2023-02-25,花蓮縣,萬榮鄉,2,2315,2.14
9663,2023-02-23,花蓮縣,萬榮鄉,4,2313,2.14
10034,2023-02-22,花蓮縣,萬榮鄉,2,2309,1.86
10406,2023-02-21,花蓮縣,萬榮鄉,3,2307,1.86
10778,2023-02-20,花蓮縣,萬榮鄉,3,2304,1.71
11148,2023-02-19,花蓮縣,萬榮鄉,1,2301,2.71
11513,2023-02-18,花蓮縣,萬榮鄉,1,2300,3.14
11880,2023-02-17,花蓮縣,萬榮鄉,1,2299,4.14
12254,2023-02-16,花蓮縣,萬榮鄉,2,2298,4.29
12629,2023-02-15,花蓮縣,萬榮鄉,2,2296,4.71
13004,2023-02-14,花蓮縣,萬榮鄉,2,2294,4.57
13375,2023-02-13,花蓮縣,萬榮鄉,10,2292,5.00
13749,2023-02-12,花蓮縣,萬榮鄉,4,2282,4.29
14112,2023-02-11,花蓮縣,萬榮鄉,8,2278,4.00
14482,2023-02-10,花蓮縣,萬榮鄉,2,2270,2.86
14854,2023-02-09,花蓮縣,萬榮鄉,5,2268,2.57
15236,2023-02-08,花蓮縣,萬榮鄉,1,2263,2.29
15614,2023-02-07,花蓮縣,萬榮鄉,5,2262,2.71
15993,2023-02-06,花蓮縣,萬榮鄉,5,2257,2.57
16369,2023-02-05,花蓮縣,萬榮鄉,2,2252,2.71
17508,2023-02-02,花蓮縣,萬榮鄉,3,2250,4.29
17889,2023-02-01,花蓮縣,萬榮鄉,4,2247,3.86
18270,2023-01-31,花蓮縣,萬榮鄉,4,2243,3.43
18655,2023-01-30,花蓮縣,萬榮鄉,6,2239,3.00
19418,2023-01-28,花蓮縣,萬榮鄉,8,2233,2.14
19795,2023-01-27,花蓮縣,萬榮鄉,5,2225,1.00
20545,2023-01-25,花蓮縣,萬榮鄉,1,2220,0.29
20914,2023-01-24,花蓮縣,萬榮鄉,1,2219,0.29
23131,2023-01-18,花蓮縣,萬榮鄉,1,2218,1.14
23499,2023-01-17,花蓮縣,萬榮鄉,1,2217,1.57
23866,2023-01-16,花蓮縣,萬榮鄉,2,2216,1.57
24975,2023-01-13,花蓮縣,萬榮鄉,2,2214,1.43
25347,2023-01-12,花蓮縣,萬榮鄉,2,2212,1.43
25718,2023-01-11,花蓮縣,萬榮鄉,4,2210,1.14
26095,2023-01-10,花蓮縣,萬榮鄉,1,2206,1.29
26469,2023-01-09,花蓮縣,萬榮鄉,1,2205,1.29
27574,2023-01-06,花蓮縣,萬榮鄉,2,2204,1.71
28333,2023-01-04,花蓮縣,萬榮鄉,5,2202,1.57
28715,2023-01-03,花蓮縣,萬榮鄉,1,2197,1.00
29095,2023-01-02,花蓮縣,萬榮鄉,1,2196,1.43
29825,2022-12-31,花蓮縣,萬榮鄉,3,2195,1.57
30193,2022-12-30,花蓮縣,萬榮鄉,1,2192,1.14
30938,2022-12-28,花蓮縣,萬榮鄉,1,2191,1.29
31310,2022-12-27,花蓮縣,萬榮鄉,4,2190,1.29
31684,2022-12-26,花蓮縣,萬榮鄉,2,2186,0.71
32766,2022-12-23,花蓮縣,萬榮鄉,2,2184,0.43
33500,2022-12-21,花蓮縣,萬榮鄉,1,2182,1.14
35315,2022-12-16,花蓮縣,萬榮鄉,4,2181,2.29
35677,2022-12-15,花蓮縣,萬榮鄉,3,2177,1.86
36042,2022-12-14,花蓮縣,萬榮鄉,4,2174,2.00
36407,2022-12-13,花蓮縣,萬榮鄉,2,2170,1.57
36784,2022-12-12,花蓮縣,萬榮鄉,2,2168,1.71
37505,2022-12-10,花蓮縣,萬榮鄉,1,2166,2.14
37871,2022-12-09,花蓮縣,萬榮鄉,1,2165,2.00
38241,2022-12-08,花蓮縣,萬榮鄉,4,2164,1.86
38615,2022-12-07,花蓮縣,萬榮鄉,1,2160,1.71
38981,2022-12-06,花蓮縣,萬榮鄉,3,2159,1.71
39357,2022-12-05,花蓮縣,萬榮鄉,4,2156,1.43
39732,2022-12-04,花蓮縣,萬榮鄉,1,2152,1.00
40835,2022-12-01,花蓮縣,萬榮鄉,3,2151,1.00
41207,2022-11-30,花蓮縣,萬榮鄉,1,2148,0.71
41582,2022-11-29,花蓮縣,萬榮鄉,1,2147,1.00
41960,2022-11-28,花蓮縣,萬榮鄉,1,2146,1.29
42690,2022-11-26,花蓮縣,萬榮鄉,1,2145,1.43
43423,2022-11-24,花蓮縣,萬榮鄉,1,2144,1.43
43792,2022-11-23,花蓮縣,萬榮鄉,3,2143,1.43
44165,2022-11-22,花蓮縣,萬榮鄉,3,2140,1.14
44543,2022-11-21,花蓮縣,萬榮鄉,1,2137,0.71
44920,2022-11-20,花蓮縣,萬榮鄉,1,2136,0.57
45658,2022-11-18,花蓮縣,萬榮鄉,1,2135,0.57
46031,2022-11-17,花蓮縣,萬榮鄉,1,2134,0.71
46405,2022-11-16,花蓮縣,萬榮鄉,1,2133,0.86
47916,2022-11-12,花蓮縣,萬榮鄉,1,2132,2.14
48294,2022-11-11,花蓮縣,萬榮鄉,2,2131,2.14
48673,2022-11-10,花蓮縣,萬榮鄉,2,2129,2.29
49057,2022-11-09,花蓮縣,萬榮鄉,5,2127,2.14
49443,2022-11-08,花蓮縣,萬榮鄉,1,2122,2.14
49828,2022-11-07,花蓮縣,萬榮鄉,3,2121,2.43
50206,2022-11-06,花蓮縣,萬榮鄉,1,2118,2.14
50576,2022-11-05,花蓮縣,萬榮鄉,1,2117,2.14
50959,2022-11-04,花蓮縣,萬榮鄉,3,2116,2.71
51342,2022-11-03,花蓮縣,萬榮鄉,1,2113,2.57
51722,2022-11-02,花蓮縣,萬榮鄉,5,2112,2.86
52109,2022-11-01,花蓮縣,萬榮鄉,3,2107,2.57
52492,2022-10-31,花蓮縣,萬榮鄉,1,2104,2.71
52875,2022-10-30,花蓮縣,萬榮鄉,1,2103,2.86
53252,2022-10-29,花蓮縣,萬榮鄉,5,2102,2.86
53636,2022-10-28,花蓮縣,萬榮鄉,2,2097,2.29
54022,2022-10-27,花蓮縣,萬榮鄉,3,2095,2.71
54407,2022-10-26,花蓮縣,萬榮鄉,3,2092,2.29
54793,2022-10-25,花蓮縣,萬榮鄉,4,2089,2.14
55184,2022-10-24,花蓮縣,萬榮鄉,2,2085,2.71
55569,2022-10-23,花蓮縣,萬榮鄉,1,2083,3.00
55950,2022-10-22,花蓮縣,萬榮鄉,1,2082,3.14
56336,2022-10-21,花蓮縣,萬榮鄉,5,2081,4.14
57110,2022-10-19,花蓮縣,萬榮鄉,2,2076,5.43
57497,2022-10-18,花蓮縣,萬榮鄉,8,2074,5.43
57887,2022-10-17,花蓮縣,萬榮鄉,4,2066,5.14
58276,2022-10-16,花蓮縣,萬榮鄉,2,2062,5.00
58661,2022-10-15,花蓮縣,萬榮鄉,8,2060,4.86
59047,2022-10-14,花蓮縣,萬榮鄉,6,2052,4.14
59436,2022-10-13,花蓮縣,萬榮鄉,8,2046,3.57
59827,2022-10-12,花蓮縣,萬榮鄉,2,2038,3.71
60217,2022-10-11,花蓮縣,萬榮鄉,6,2036,3.57
60607,2022-10-10,花蓮縣,萬榮鄉,3,2030,3.57
60991,2022-10-09,花蓮縣,萬榮鄉,1,2027,4.00
61379,2022-10-08,花蓮縣,萬榮鄉,3,2026,4.29
61768,2022-10-07,花蓮縣,萬榮鄉,2,2023,4.14
62155,2022-10-06,花蓮縣,萬榮鄉,9,2021,4.57
62546,2022-10-05,花蓮縣,萬榮鄉,1,2012,3.57
62933,2022-10-04,花蓮縣,萬榮鄉,6,2011,4.86
63322,2022-10-03,花蓮縣,萬榮鄉,6,2005,4.57
63712,2022-10-02,花蓮縣,萬榮鄉,3,1999,5.29
64093,2022-10-01,花蓮縣,萬榮鄉,2,1996,5.00
64479,2022-09-30,花蓮縣,萬榮鄉,5,1994,4.71
64864,2022-09-29,花蓮縣,萬榮鄉,2,1989,4.14
65253,2022-09-28,花蓮縣,萬榮鄉,10,1987,5.29
65640,2022-09-27,花蓮縣,萬榮鄉,4,1977,4.29
66026,2022-09-26,花蓮縣,萬榮鄉,11,1973,5.14
66413,2022-09-25,花蓮縣,萬榮鄉,1,1962,5.00
67183,2022-09-23,花蓮縣,萬榮鄉,1,1961,5.86
67570,2022-09-22,花蓮縣,萬榮鄉,10,1960,6.57
67959,2022-09-21,花蓮縣,萬榮鄉,3,1950,5.71
68348,2022-09-20,花蓮縣,萬榮鄉,10,1947,6.29
68738,2022-09-19,花蓮縣,萬榮鄉,10,1937,6.14
69128,2022-09-18,花蓮縣,萬榮鄉,3,1927,6.29
69511,2022-09-17,花蓮縣,萬榮鄉,4,1924,6.14
69898,2022-09-16,花蓮縣,萬榮鄉,6,1920,6.57
70283,2022-09-15,花蓮縣,萬榮鄉,4,1914,6.14
70670,2022-09-14,花蓮縣,萬榮鄉,7,1910,6.86
71056,2022-09-13,花蓮縣,萬榮鄉,9,1903,6.86
71445,2022-09-12,花蓮縣,萬榮鄉,11,1894,7.29
71832,2022-09-11,花蓮縣,萬榮鄉,2,1883,8.00
72215,2022-09-10,花蓮縣,萬榮鄉,7,1881,8.29
72596,2022-09-09,花蓮縣,萬榮鄉,3,1874,8.86
72980,2022-09-08,花蓮縣,萬榮鄉,9,1871,9.00
73367,2022-09-07,花蓮縣,萬榮鄉,7,1862,9.00
73751,2022-09-06,花蓮縣,萬榮鄉,12,1855,8.43
74137,2022-09-05,花蓮縣,萬榮鄉,16,1843,8.29
74521,2022-09-04,花蓮縣,萬榮鄉,4,1827,7.71
74905,2022-09-03,花蓮縣,萬榮鄉,11,1823,7.57
75293,2022-09-02,花蓮縣,萬榮鄉,4,1812,6.86
75679,2022-09-01,花蓮縣,萬榮鄉,9,1808,7.29
76068,2022-08-31,花蓮縣,萬榮鄉,3,1799,7.43
76455,2022-08-30,花蓮縣,萬榮鄉,11,1796,8.14
76843,2022-08-29,花蓮縣,萬榮鄉,12,1785,8.14
77230,2022-08-28,花蓮縣,萬榮鄉,3,1773,8.14
77615,2022-08-27,花蓮縣,萬榮鄉,6,1770,8.14
78001,2022-08-26,花蓮縣,萬榮鄉,7,1764,7.86
78385,2022-08-25,花蓮縣,萬榮鄉,10,1757,7.71
78770,2022-08-24,花蓮縣,萬榮鄉,8,1747,6.43
79157,2022-08-23,花蓮縣,萬榮鄉,11,1739,5.86
79542,2022-08-22,花蓮縣,萬榮鄉,12,1728,5.00
79926,2022-08-21,花蓮縣,萬榮鄉,3,1716,3.57
80306,2022-08-20,花蓮縣,萬榮鄉,4,1713,3.29
80690,2022-08-19,花蓮縣,萬榮鄉,6,1709,3.00
81076,2022-08-18,花蓮縣,萬榮鄉,1,1703,2.43
81465,2022-08-17,花蓮縣,萬榮鄉,4,1702,2.43
81850,2022-08-16,花蓮縣,萬榮鄉,5,1698,2.14
82237,2022-08-15,花蓮縣,萬榮鄉,2,1693,1.86
82620,2022-08-14,花蓮縣,萬榮鄉,1,1691,2.29
82997,2022-08-13,花蓮縣,萬榮鄉,2,1690,2.14
83379,2022-08-12,花蓮縣,萬榮鄉,2,1688,2.43
83763,2022-08-11,花蓮縣,萬榮鄉,1,1686,2.43
84150,2022-08-10,花蓮縣,萬榮鄉,2,1685,3.00
84533,2022-08-09,花蓮縣,萬榮鄉,3,1683,3.14
84919,2022-08-08,花蓮縣,萬榮鄉,5,1680,4.00
85673,2022-08-06,花蓮縣,萬榮鄉,4,1675,4.71
86057,2022-08-05,花蓮縣,萬榮鄉,2,1671,4.71
86443,2022-08-04,花蓮縣,萬榮鄉,5,1669,5.43
86828,2022-08-03,花蓮縣,萬榮鄉,3,1664,5.29
87210,2022-08-02,花蓮縣,萬榮鄉,9,1661,5.71
87597,2022-08-01,花蓮縣,萬榮鄉,6,1652,5.57
87980,2022-07-31,花蓮縣,萬榮鄉,4,1646,6.57
88358,2022-07-30,花蓮縣,萬榮鄉,4,1642,6.86
88738,2022-07-29,花蓮縣,萬榮鄉,7,1638,6.86
89124,2022-07-28,花蓮縣,萬榮鄉,4,1631,6.71
89511,2022-07-27,花蓮縣,萬榮鄉,6,1627,7.29
89901,2022-07-26,花蓮縣,萬榮鄉,8,1621,8.43
90288,2022-07-25,花蓮縣,萬榮鄉,13,1613,8.14
90668,2022-07-24,花蓮縣,萬榮鄉,6,1600,7.86
91048,2022-07-23,花蓮縣,萬榮鄉,4,1594,7.14
91434,2022-07-22,花蓮縣,萬榮鄉,6,1590,7.29
91820,2022-07-21,花蓮縣,萬榮鄉,8,1584,7.14
92202,2022-07-20,花蓮縣,萬榮鄉,14,1576,7.14
92591,2022-07-19,花蓮縣,萬榮鄉,6,1562,6.71
92980,2022-07-18,花蓮縣,萬榮鄉,11,1556,8.14
93366,2022-07-17,花蓮縣,萬榮鄉,1,1545,8.86
93745,2022-07-16,花蓮縣,萬榮鄉,5,1544,9.43
94133,2022-07-15,花蓮縣,萬榮鄉,5,1539,11.14
94520,2022-07-14,花蓮縣,萬榮鄉,8,1534,11.43
94909,2022-07-13,花蓮縣,萬榮鄉,11,1526,12.00
95296,2022-07-12,花蓮縣,萬榮鄉,16,1515,12.00
95685,2022-07-11,花蓮縣,萬榮鄉,16,1499,11.71
96072,2022-07-10,花蓮縣,萬榮鄉,5,1483,11.43
96457,2022-07-09,花蓮縣,萬榮鄉,17,1478,11.86
96844,2022-07-08,花蓮縣,萬榮鄉,7,1461,10.43
97235,2022-07-07,花蓮縣,萬榮鄉,12,1454,12.29
97625,2022-07-06,花蓮縣,萬榮鄉,11,1442,12.43
98014,2022-07-05,花蓮縣,萬榮鄉,14,1431,13.71
98403,2022-07-04,花蓮縣,萬榮鄉,14,1417,12.71
98793,2022-07-03,花蓮縣,萬榮鄉,8,1403,14.71
99175,2022-07-02,花蓮縣,萬榮鄉,7,1395,14.57
99566,2022-07-01,花蓮縣,萬榮鄉,20,1388,14.71
99958,2022-06-30,花蓮縣,萬榮鄉,13,1368,13.00
100349,2022-06-29,花蓮縣,萬榮鄉,20,1355,12.57
100739,2022-06-28,花蓮縣,萬榮鄉,7,1335,11.00
101130,2022-06-27,花蓮縣,萬榮鄉,28,1328,12.43
101517,2022-06-26,花蓮縣,萬榮鄉,7,1300,11.14
101904,2022-06-25,花蓮縣,萬榮鄉,8,1293,11.43
102292,2022-06-24,花蓮縣,萬榮鄉,8,1285,13.00
102684,2022-06-23,花蓮縣,萬榮鄉,10,1277,13.86
103077,2022-06-22,花蓮縣,萬榮鄉,9,1267,13.29
103466,2022-06-21,花蓮縣,萬榮鄉,17,1258,13.43
103858,2022-06-20,花蓮縣,萬榮鄉,19,1241,13.14
104248,2022-06-19,花蓮縣,萬榮鄉,9,1222,13.43
104639,2022-06-18,花蓮縣,萬榮鄉,19,1213,14.00
105030,2022-06-17,花蓮縣,萬榮鄉,14,1194,13.29
105420,2022-06-16,花蓮縣,萬榮鄉,6,1180,12.86
105810,2022-06-15,花蓮縣,萬榮鄉,10,1174,13.29
106200,2022-06-14,花蓮縣,萬榮鄉,15,1164,14.43
106592,2022-06-13,花蓮縣,萬榮鄉,21,1149,14.86
106982,2022-06-12,花蓮縣,萬榮鄉,13,1128,16.71
107369,2022-06-11,花蓮縣,萬榮鄉,14,1115,16.86
107761,2022-06-10,花蓮縣,萬榮鄉,11,1101,18.00
108150,2022-06-09,花蓮縣,萬榮鄉,9,1090,19.29
108539,2022-06-08,花蓮縣,萬榮鄉,18,1081,21.57
108929,2022-06-07,花蓮縣,萬榮鄉,18,1063,23.57
109321,2022-06-06,花蓮縣,萬榮鄉,34,1045,24.29
109711,2022-06-05,花蓮縣,萬榮鄉,14,1011,22.43
110100,2022-06-04,花蓮縣,萬榮鄉,22,997,23.00
110490,2022-06-03,花蓮縣,萬榮鄉,20,975,22.43
110881,2022-06-02,花蓮縣,萬榮鄉,25,955,23.14
111271,2022-06-01,花蓮縣,萬榮鄉,32,930,22.71
111663,2022-05-31,花蓮縣,萬榮鄉,23,898,21.29
112054,2022-05-30,花蓮縣,萬榮鄉,21,875,22.57
112445,2022-05-29,花蓮縣,萬榮鄉,18,854,24.86
112836,2022-05-28,花蓮縣,萬榮鄉,18,836,26.00
113226,2022-05-27,花蓮縣,萬榮鄉,25,818,27.57
113616,2022-05-26,花蓮縣,萬榮鄉,22,793,29.14
114007,2022-05-25,花蓮縣,萬榮鄉,22,771,33.57
114397,2022-05-24,花蓮縣,萬榮鄉,32,749,35.71
114789,2022-05-23,花蓮縣,萬榮鄉,37,717,37.71
115180,2022-05-22,花蓮縣,萬榮鄉,26,680,34.14
115571,2022-05-21,花蓮縣,萬榮鄉,29,654,37.00
115956,2022-05-20,花蓮縣,萬榮鄉,36,625,37.43
116344,2022-05-19,花蓮縣,萬榮鄉,53,589,34.00
116732,2022-05-18,花蓮縣,萬榮鄉,37,536,35.86
117123,2022-05-17,花蓮縣,萬榮鄉,46,499,34.71
117512,2022-05-16,花蓮縣,萬榮鄉,12,453,33.29
117900,2022-05-15,花蓮縣,萬榮鄉,46,441,33.29
118284,2022-05-14,花蓮縣,萬榮鄉,32,395,29.29
118669,2022-05-13,花蓮縣,萬榮鄉,12,363,27.29
119056,2022-05-12,花蓮縣,萬榮鄉,66,351,28.43
119439,2022-05-11,花蓮縣,萬榮鄉,29,285,21.14
119825,2022-05-10,花蓮縣,萬榮鄉,36,256,19.00
120207,2022-05-09,花蓮縣,萬榮鄉,12,220,15.71
120587,2022-05-08,花蓮縣,萬榮鄉,18,208,16.43
120973,2022-05-07,花蓮縣,萬榮鄉,18,190,15.43
121351,2022-05-06,花蓮縣,萬榮鄉,20,172,14.14
121726,2022-05-05,花蓮縣,萬榮鄉,15,152,12.29
122094,2022-05-04,花蓮縣,萬榮鄉,14,137,11.29
122458,2022-05-03,花蓮縣,萬榮鄉,13,123,9.71
122812,2022-05-02,花蓮縣,萬榮鄉,17,110,9.86
123153,2022-05-01,花蓮縣,萬榮鄉,11,93,8.29
123489,2022-04-30,花蓮縣,萬榮鄉,9,82,6.86
123812,2022-04-29,花蓮縣,萬榮鄉,7,73,5.86
124129,2022-04-28,花蓮縣,萬榮鄉,8,66,4.86
124432,2022-04-27,花蓮縣,萬榮鄉,3,58,4.14
124732,2022-04-26,花蓮縣,萬榮鄉,14,55,4.29
125013,2022-04-25,花蓮縣,萬榮鄉,6,41,2.57
125271,2022-04-24,花蓮縣,萬榮鄉,1,35,2.14
125509,2022-04-23,花蓮縣,萬榮鄉,2,34,2.29
125995,2022-04-21,花蓮縣,萬榮鄉,3,32,3.57
126225,2022-04-20,花蓮縣,萬榮鄉,4,29,3.14
126423,2022-04-19,花蓮縣,萬榮鄉,2,25,2.71
126612,2022-04-18,花蓮縣,萬榮鄉,3,23,2.86
126778,2022-04-17,花蓮縣,萬榮鄉,2,20,2.57
126930,2022-04-16,花蓮縣,萬榮鄉,9,18,2.57
127102,2022-04-15,花蓮縣,萬榮鄉,2,9,1.29
127422,2022-04-13,花蓮縣,萬榮鄉,1,7,1.00
127577,2022-04-12,花蓮縣,萬榮鄉,3,6,0.86
127716,2022-04-11,花蓮縣,萬榮鄉,1,3,0.43
127851,2022-04-10,花蓮縣,萬榮鄉,2,2,0.29
