UID,個案死亡日,縣市別,區域,新增死亡人數,累計死亡人數,七天移動平均新增死亡人數
28,2023-05-14,花蓮縣,全區,1,303,0.14
248,2023-03-29,花蓮縣,全區,1,302,0.14
459,2023-03-20,花蓮縣,全區,1,301,0.57
500,2023-03-19,花蓮縣,全區,1,300,0.43
624,2023-03-16,花蓮縣,全區,1,299,0.71
702,2023-03-14,花蓮縣,全區,1,298,0.71
786,2023-03-12,花蓮縣,全區,2,297,0.57
878,2023-03-10,花蓮縣,全區,1,295,0.43
926,2023-03-09,花蓮縣,全區,1,294,0.57
1124,2023-03-05,花蓮縣,全區,1,293,0.86
1233,2023-03-03,花蓮縣,全區,2,292,0.71
1286,2023-03-02,花蓮縣,全區,1,290,0.71
1339,2023-03-01,花蓮縣,全區,1,289,0.57
1443,2023-02-27,花蓮縣,全區,1,288,0.71
1620,2023-02-24,花蓮縣,全區,2,287,0.71
1745,2023-02-22,花蓮縣,全區,1,285,1.00
1803,2023-02-21,花蓮縣,全區,1,284,0.86
1968,2023-02-18,花蓮縣,全區,1,283,0.86
2082,2023-02-16,花蓮縣,全區,4,282,1.14
2282,2023-02-13,花蓮縣,全區,1,278,1.29
2402,2023-02-11,花蓮縣,全區,2,277,1.29
2466,2023-02-10,花蓮縣,全區,1,275,1.14
2598,2023-02-08,花蓮縣,全區,3,274,1.14
2681,2023-02-07,花蓮縣,全區,2,271,0.86
2806,2023-02-05,花蓮縣,全區,1,269,0.71
2861,2023-02-04,花蓮縣,全區,1,268,0.71
2915,2023-02-03,花蓮縣,全區,1,267,0.57
3053,2023-02-01,花蓮縣,全區,1,266,0.43
3119,2023-01-31,花蓮縣,全區,1,265,0.43
3231,2023-01-29,花蓮縣,全區,1,264,0.43
3443,2023-01-25,花蓮縣,全區,1,263,0.43
3548,2023-01-23,花蓮縣,全區,1,262,0.29
3655,2023-01-21,花蓮縣,全區,1,261,0.14
4052,2023-01-13,花蓮縣,全區,1,260,0.43
4186,2023-01-10,花蓮縣,全區,1,259,0.29
4244,2023-01-09,花蓮縣,全區,1,258,0.14
4652,2023-01-01,花蓮縣,全區,1,257,0.29
4795,2022-12-29,花蓮縣,全區,1,256,0.29
5028,2022-12-23,花蓮縣,全區,1,255,0.57
5064,2022-12-22,花蓮縣,全區,1,254,0.43
5138,2022-12-20,花蓮縣,全區,1,253,0.57
5180,2022-12-19,花蓮縣,全區,1,252,0.43
5328,2022-12-15,花蓮縣,全區,1,251,0.71
5370,2022-12-14,花蓮縣,全區,1,250,0.71
5448,2022-12-12,花蓮縣,全區,1,249,0.86
5544,2022-12-09,花蓮縣,全區,2,248,0.71
5585,2022-12-08,花蓮縣,全區,1,246,0.57
5632,2022-12-07,花蓮縣,全區,1,245,0.43
5674,2022-12-06,花蓮縣,全區,1,244,0.29
5817,2022-12-02,花蓮縣,全區,1,243,0.71
5972,2022-11-28,花蓮縣,全區,1,242,0.86
6008,2022-11-27,花蓮縣,全區,2,241,0.71
6041,2022-11-26,花蓮縣,全區,1,239,0.71
6176,2022-11-23,花蓮縣,全區,1,238,1.00
6222,2022-11-22,花蓮縣,全區,1,237,0.86
6320,2022-11-20,花蓮縣,全區,2,236,0.71
6373,2022-11-19,花蓮縣,全區,2,234,0.43
6469,2022-11-17,花蓮縣,全區,1,232,0.14
6918,2022-11-09,花蓮縣,全區,1,231,1.29
6972,2022-11-08,花蓮縣,全區,1,230,1.57
7087,2022-11-06,花蓮縣,全區,2,229,1.86
7143,2022-11-05,花蓮縣,全區,1,227,1.57
7203,2022-11-04,花蓮縣,全區,3,226,1.71
7263,2022-11-03,花蓮縣,全區,1,223,1.43
7314,2022-11-02,花蓮縣,全區,3,222,1.29
7380,2022-11-01,花蓮縣,全區,1,219,0.86
7452,2022-10-31,花蓮縣,全區,2,218,0.71
7569,2022-10-29,花蓮縣,全區,2,216,0.71
7639,2022-10-28,花蓮縣,全區,1,214,0.86
7918,2022-10-24,花蓮縣,全區,1,213,1.29
7991,2022-10-23,花蓮縣,全區,1,212,1.43
8062,2022-10-22,花蓮縣,全區,3,211,1.43
8282,2022-10-19,花蓮縣,全區,2,208,1.14
8344,2022-10-18,花蓮縣,全區,2,206,1.29
8424,2022-10-17,花蓮縣,全區,2,204,1.29
8496,2022-10-16,花蓮縣,全區,1,202,1.00
8626,2022-10-14,花蓮縣,全區,1,201,1.00
8773,2022-10-12,花蓮縣,全區,3,200,1.00
8843,2022-10-11,花蓮縣,全區,2,197,0.57
8981,2022-10-09,花蓮縣,全區,1,195,0.43
9098,2022-10-07,花蓮縣,全區,1,194,0.43
9309,2022-10-04,花蓮縣,全區,1,193,0.57
9514,2022-10-01,花蓮縣,全區,1,192,0.43
9572,2022-09-30,花蓮縣,全區,1,191,0.43
9700,2022-09-28,花蓮縣,全區,1,190,0.86
9930,2022-09-24,花蓮縣,全區,1,189,1.29
10047,2022-09-22,花蓮縣,全區,4,188,1.57
10112,2022-09-21,花蓮縣,全區,2,184,1.29
10163,2022-09-20,花蓮縣,全區,2,182,1.00
10307,2022-09-17,花蓮縣,全區,1,180,1.57
10368,2022-09-16,花蓮縣,全區,2,179,1.57
10429,2022-09-15,花蓮縣,全區,2,177,1.57
10538,2022-09-13,花蓮縣,全區,2,175,1.43
10593,2022-09-12,花蓮縣,全區,4,173,1.14
10689,2022-09-10,花蓮縣,全區,1,169,1.43
10744,2022-09-09,花蓮縣,全區,2,168,1.29
10789,2022-09-08,花蓮縣,全區,1,166,1.29
10914,2022-09-05,花蓮縣,全區,3,165,1.14
10960,2022-09-04,花蓮縣,全區,3,162,0.71
11053,2022-09-02,花蓮縣,全區,2,159,0.43
11256,2022-08-28,花蓮縣,全區,1,157,0.57
11330,2022-08-26,花蓮縣,全區,1,156,0.71
11441,2022-08-23,花蓮縣,全區,1,155,0.86
11480,2022-08-22,花蓮縣,全區,1,154,0.71
11522,2022-08-21,花蓮縣,全區,1,153,0.57
11556,2022-08-20,花蓮縣,全區,1,152,0.71
11624,2022-08-18,花蓮縣,全區,1,151,0.71
11657,2022-08-17,花蓮縣,全區,1,150,0.57
11769,2022-08-14,花蓮縣,全區,2,149,0.57
11806,2022-08-13,花蓮縣,全區,1,147,0.29
11954,2022-08-09,花蓮縣,全區,1,146,0.57
12081,2022-08-06,花蓮縣,全區,1,145,0.57
12125,2022-08-05,花蓮縣,全區,1,144,0.43
12162,2022-08-04,花蓮縣,全區,1,143,0.43
12309,2022-08-01,花蓮縣,全區,1,142,0.43
12457,2022-07-29,花蓮縣,全區,1,141,0.43
12567,2022-07-27,花蓮縣,全區,1,140,0.29
12741,2022-07-24,花蓮縣,全區,1,139,0.29
13025,2022-07-19,花蓮縣,全區,1,138,1.00
13220,2022-07-16,花蓮縣,全區,2,137,1.14
13291,2022-07-15,花蓮縣,全區,2,135,0.86
13361,2022-07-14,花蓮縣,全區,1,133,0.86
13425,2022-07-13,花蓮縣,全區,1,132,0.71
13500,2022-07-12,花蓮縣,全區,1,131,0.86
13576,2022-07-11,花蓮縣,全區,1,130,0.86
13780,2022-07-08,花蓮縣,全區,2,129,1.00
13934,2022-07-06,花蓮縣,全區,2,127,1.43
14020,2022-07-05,花蓮縣,全區,1,125,1.14
14108,2022-07-04,花蓮縣,全區,1,124,1.57
14291,2022-07-02,花蓮縣,全區,1,123,1.57
14379,2022-07-01,花蓮縣,全區,2,122,1.57
14471,2022-06-30,花蓮縣,全區,3,120,2.00
14670,2022-06-28,花蓮縣,全區,4,117,2.29
14875,2022-06-26,花蓮縣,全區,1,113,2.57
14973,2022-06-25,花蓮縣,全區,1,112,2.43
15062,2022-06-24,花蓮縣,全區,5,111,2.29
15156,2022-06-23,花蓮縣,全區,4,106,2.00
15279,2022-06-22,花蓮縣,全區,1,102,1.71
15386,2022-06-21,花蓮縣,全區,4,101,1.86
15503,2022-06-20,花蓮縣,全區,2,97,1.86
15853,2022-06-17,花蓮縣,全區,3,95,2.86
15986,2022-06-16,花蓮縣,全區,2,92,2.43
16105,2022-06-15,花蓮縣,全區,2,90,2.57
16238,2022-06-14,花蓮縣,全區,4,88,3.00
16368,2022-06-13,花蓮縣,全區,4,84,2.71
16489,2022-06-12,花蓮縣,全區,2,80,2.43
16609,2022-06-11,花蓮縣,全區,3,78,2.14
16849,2022-06-09,花蓮縣,全區,3,75,2.00
16972,2022-06-08,花蓮縣,全區,5,72,1.71
17104,2022-06-07,花蓮縣,全區,2,67,1.86
17234,2022-06-06,花蓮縣,全區,2,65,1.86
17465,2022-06-04,花蓮縣,全區,1,63,2.57
17592,2022-06-03,花蓮縣,全區,1,62,2.57
17711,2022-06-02,花蓮縣,全區,1,61,3.00
17824,2022-06-01,花蓮縣,全區,6,60,3.00
17954,2022-05-31,花蓮縣,全區,2,54,2.71
18081,2022-05-30,花蓮縣,全區,4,52,2.86
18206,2022-05-29,花蓮縣,全區,3,48,2.71
18311,2022-05-28,花蓮縣,全區,1,45,2.71
18415,2022-05-27,花蓮縣,全區,4,44,2.86
18513,2022-05-26,花蓮縣,全區,1,40,2.57
18612,2022-05-25,花蓮縣,全區,4,39,2.71
18705,2022-05-24,花蓮縣,全區,3,35,2.43
18798,2022-05-23,花蓮縣,全區,3,32,2.29
18888,2022-05-22,花蓮縣,全區,3,29,2.00
18976,2022-05-21,花蓮縣,全區,2,26,1.86
19058,2022-05-20,花蓮縣,全區,2,24,1.71
19131,2022-05-19,花蓮縣,全區,2,22,1.43
19200,2022-05-18,花蓮縣,全區,2,20,1.29
19269,2022-05-17,花蓮縣,全區,2,18,1.14
19329,2022-05-16,花蓮縣,全區,1,16,1.00
19386,2022-05-15,花蓮縣,全區,2,15,0.86
19445,2022-05-14,花蓮縣,全區,1,13,0.57
19537,2022-05-12,花蓮縣,全區,1,12,0.71
19580,2022-05-11,花蓮縣,全區,1,11,0.71
19622,2022-05-10,花蓮縣,全區,1,10,0.71
19723,2022-05-06,花蓮縣,全區,2,9,0.86
19743,2022-05-05,花蓮縣,全區,1,7,0.57
19759,2022-05-04,花蓮縣,全區,1,6,0.43
19772,2022-05-03,花蓮縣,全區,1,5,0.29
19811,2022-04-30,花蓮縣,全區,1,4,0.14
19868,2022-04-20,花蓮縣,全區,1,3,0.14
20286,2021-06-23,花蓮縣,全區,1,2,0.29
20311,2021-06-21,花蓮縣,全區,1,1,0.14
