UID,個案研判日,縣市別,區域,新增確診人數,累計確診人數,七天移動平均新增確診人數
1793,2023-03-17,花蓮縣,豐濱鄉,1,993,0.14
12983,2023-02-14,花蓮縣,豐濱鄉,1,992,0.43
14091,2023-02-11,花蓮縣,豐濱鄉,1,991,0.57
15213,2023-02-08,花蓮縣,豐濱鄉,1,990,0.86
15591,2023-02-07,花蓮縣,豐濱鄉,2,989,0.71
16721,2023-02-04,花蓮縣,豐濱鄉,1,987,1.14
17486,2023-02-02,花蓮縣,豐濱鄉,2,986,2.57
18247,2023-01-31,花蓮縣,豐濱鄉,1,984,2.86
18632,2023-01-30,花蓮縣,豐濱鄉,3,983,2.71
19018,2023-01-29,花蓮縣,豐濱鄉,1,980,2.29
19396,2023-01-28,花蓮縣,豐濱鄉,3,979,2.57
19772,2023-01-27,花蓮縣,豐濱鄉,8,976,2.29
20153,2023-01-26,花蓮縣,豐濱鄉,3,968,1.14
20524,2023-01-25,花蓮縣,豐濱鄉,1,965,0.86
21633,2023-01-22,花蓮縣,豐濱鄉,3,964,1.57
22001,2023-01-21,花蓮縣,豐濱鄉,1,961,1.29
22739,2023-01-19,花蓮縣,豐濱鄉,1,960,1.71
23112,2023-01-18,花蓮縣,豐濱鄉,2,959,1.71
23477,2023-01-17,花蓮縣,豐濱鄉,1,957,1.57
23844,2023-01-16,花蓮縣,豐濱鄉,3,956,1.57
24222,2023-01-15,花蓮縣,豐濱鄉,1,953,1.29
24586,2023-01-14,花蓮縣,豐濱鄉,2,952,1.57
24953,2023-01-13,花蓮縣,豐濱鄉,2,950,1.29
25324,2023-01-12,花蓮縣,豐濱鄉,1,948,1.00
25697,2023-01-11,花蓮縣,豐濱鄉,1,947,1.00
26073,2023-01-10,花蓮縣,豐濱鄉,1,946,1.43
26447,2023-01-09,花蓮縣,豐濱鄉,1,945,1.71
26821,2023-01-08,花蓮縣,豐濱鄉,3,944,1.86
27931,2023-01-05,花蓮縣,豐濱鄉,1,941,1.86
28310,2023-01-04,花蓮縣,豐濱鄉,4,940,1.71
28692,2023-01-03,花蓮縣,豐濱鄉,3,936,1.14
29072,2023-01-02,花蓮縣,豐濱鄉,2,933,0.86
29444,2023-01-01,花蓮縣,豐濱鄉,2,931,0.71
29804,2022-12-31,花蓮縣,豐濱鄉,1,929,0.43
31287,2022-12-27,花蓮縣,豐濱鄉,1,928,0.57
31662,2022-12-26,花蓮縣,豐濱鄉,1,927,0.43
33114,2022-12-22,花蓮縣,豐濱鄉,2,926,0.43
35292,2022-12-16,花蓮縣,豐濱鄉,1,924,1.14
35655,2022-12-15,花蓮縣,豐濱鄉,2,923,1.00
36384,2022-12-13,花蓮縣,豐濱鄉,4,921,1.00
37485,2022-12-10,花蓮縣,豐濱鄉,1,917,0.71
38219,2022-12-08,花蓮縣,豐濱鄉,1,916,1.29
38593,2022-12-07,花蓮縣,豐濱鄉,1,915,1.14
39336,2022-12-05,花蓮縣,豐濱鄉,1,914,1.71
39711,2022-12-04,花蓮縣,豐濱鄉,1,913,1.71
40447,2022-12-02,花蓮縣,豐濱鄉,5,912,1.57
41186,2022-11-30,花蓮縣,豐濱鄉,3,907,1.00
41560,2022-11-29,花蓮縣,豐濱鄉,2,904,0.86
41938,2022-11-28,花蓮縣,豐濱鄉,1,902,0.57
43033,2022-11-25,花蓮縣,豐濱鄉,1,901,1.57
43771,2022-11-23,花蓮縣,豐濱鄉,2,900,1.71
44522,2022-11-21,花蓮縣,豐濱鄉,5,898,1.43
44900,2022-11-20,花蓮縣,豐濱鄉,1,893,0.71
45267,2022-11-19,花蓮縣,豐濱鄉,2,892,0.57
46012,2022-11-17,花蓮縣,豐濱鄉,2,890,0.29
48651,2022-11-10,花蓮縣,豐濱鄉,1,888,0.43
49422,2022-11-08,花蓮縣,豐濱鄉,1,887,0.29
50936,2022-11-04,花蓮縣,豐濱鄉,1,886,0.14
53614,2022-10-28,花蓮縣,豐濱鄉,1,885,1.43
54384,2022-10-26,花蓮縣,豐濱鄉,1,884,1.43
54770,2022-10-25,花蓮縣,豐濱鄉,1,883,1.86
55161,2022-10-24,花蓮縣,豐濱鄉,5,882,2.14
55927,2022-10-22,花蓮縣,豐濱鄉,2,877,3.14
56313,2022-10-21,花蓮縣,豐濱鄉,1,875,3.29
57087,2022-10-19,花蓮縣,豐濱鄉,4,874,4.00
57474,2022-10-18,花蓮縣,豐濱鄉,3,870,3.71
57864,2022-10-17,花蓮縣,豐濱鄉,8,867,3.57
58253,2022-10-16,花蓮縣,豐濱鄉,4,859,3.00
58638,2022-10-15,花蓮縣,豐濱鄉,3,855,2.86
59024,2022-10-14,花蓮縣,豐濱鄉,2,852,2.71
59413,2022-10-13,花蓮縣,豐濱鄉,4,850,2.71
59804,2022-10-12,花蓮縣,豐濱鄉,2,846,2.57
60194,2022-10-11,花蓮縣,豐濱鄉,2,844,2.86
60584,2022-10-10,花蓮縣,豐濱鄉,4,842,2.86
60968,2022-10-09,花蓮縣,豐濱鄉,3,838,2.43
61356,2022-10-08,花蓮縣,豐濱鄉,2,835,2.14
61745,2022-10-07,花蓮縣,豐濱鄉,2,833,2.00
62132,2022-10-06,花蓮縣,豐濱鄉,3,831,2.00
62523,2022-10-05,花蓮縣,豐濱鄉,4,828,1.71
62910,2022-10-04,花蓮縣,豐濱鄉,2,824,1.43
63299,2022-10-03,花蓮縣,豐濱鄉,1,822,1.43
63690,2022-10-02,花蓮縣,豐濱鄉,1,821,1.29
64070,2022-10-01,花蓮縣,豐濱鄉,1,820,1.14
64456,2022-09-30,花蓮縣,豐濱鄉,2,819,1.14
64842,2022-09-29,花蓮縣,豐濱鄉,1,817,1.29
65230,2022-09-28,花蓮縣,豐濱鄉,2,816,1.14
65617,2022-09-27,花蓮縣,豐濱鄉,2,814,1.43
66775,2022-09-24,花蓮縣,豐濱鄉,1,812,2.86
67160,2022-09-23,花蓮縣,豐濱鄉,3,811,3.29
67936,2022-09-21,花蓮縣,豐濱鄉,4,808,4.14
68325,2022-09-20,花蓮縣,豐濱鄉,1,804,4.29
68715,2022-09-19,花蓮縣,豐濱鄉,5,803,4.57
69105,2022-09-18,花蓮縣,豐濱鄉,6,798,4.00
69488,2022-09-17,花蓮縣,豐濱鄉,4,792,3.57
69875,2022-09-16,花蓮縣,豐濱鄉,1,788,3.14
70260,2022-09-15,花蓮縣,豐濱鄉,8,787,3.00
70647,2022-09-14,花蓮縣,豐濱鄉,5,779,2.14
71033,2022-09-13,花蓮縣,豐濱鄉,3,774,1.86
71422,2022-09-12,花蓮縣,豐濱鄉,1,771,1.71
71810,2022-09-11,花蓮縣,豐濱鄉,3,770,2.14
72192,2022-09-10,花蓮縣,豐濱鄉,1,767,1.86
72957,2022-09-08,花蓮縣,豐濱鄉,2,766,2.57
73344,2022-09-07,花蓮縣,豐濱鄉,3,764,2.71
73728,2022-09-06,花蓮縣,豐濱鄉,2,761,3.00
74114,2022-09-05,花蓮縣,豐濱鄉,4,759,3.57
74499,2022-09-04,花蓮縣,豐濱鄉,1,755,4.29
74882,2022-09-03,花蓮縣,豐濱鄉,3,754,4.71
75270,2022-09-02,花蓮縣,豐濱鄉,3,751,5.14
75656,2022-09-01,花蓮縣,豐濱鄉,3,748,5.00
76045,2022-08-31,花蓮縣,豐濱鄉,5,745,5.29
76432,2022-08-30,花蓮縣,豐濱鄉,6,740,4.86
76820,2022-08-29,花蓮縣,豐濱鄉,9,734,5.29
77207,2022-08-28,花蓮縣,豐濱鄉,4,725,5.00
77592,2022-08-27,花蓮縣,豐濱鄉,6,721,6.14
77978,2022-08-26,花蓮縣,豐濱鄉,2,715,5.57
78362,2022-08-25,花蓮縣,豐濱鄉,5,713,5.71
78747,2022-08-24,花蓮縣,豐濱鄉,2,708,6.14
79135,2022-08-23,花蓮縣,豐濱鄉,9,706,7.29
79519,2022-08-22,花蓮縣,豐濱鄉,7,697,7.14
79905,2022-08-21,花蓮縣,豐濱鄉,12,690,7.71
80284,2022-08-20,花蓮縣,豐濱鄉,2,678,6.57
80667,2022-08-19,花蓮縣,豐濱鄉,3,676,6.86
81053,2022-08-18,花蓮縣,豐濱鄉,8,673,6.86
81442,2022-08-17,花蓮縣,豐濱鄉,10,665,6.00
81827,2022-08-16,花蓮縣,豐濱鄉,8,655,5.29
82214,2022-08-15,花蓮縣,豐濱鄉,11,647,4.43
82598,2022-08-14,花蓮縣,豐濱鄉,4,636,3.43
82975,2022-08-13,花蓮縣,豐濱鄉,4,632,3.43
83356,2022-08-12,花蓮縣,豐濱鄉,3,628,3.00
83741,2022-08-11,花蓮縣,豐濱鄉,2,625,2.86
84127,2022-08-10,花蓮縣,豐濱鄉,5,623,3.00
84512,2022-08-09,花蓮縣,豐濱鄉,2,618,2.71
84896,2022-08-08,花蓮縣,豐濱鄉,4,616,2.86
85277,2022-08-07,花蓮縣,豐濱鄉,4,612,3.14
85651,2022-08-06,花蓮縣,豐濱鄉,1,608,3.00
86034,2022-08-05,花蓮縣,豐濱鄉,2,607,3.57
86420,2022-08-04,花蓮縣,豐濱鄉,3,605,4.43
86805,2022-08-03,花蓮縣,豐濱鄉,3,602,4.71
87187,2022-08-02,花蓮縣,豐濱鄉,3,599,5.29
87574,2022-08-01,花蓮縣,豐濱鄉,6,596,5.57
87959,2022-07-31,花蓮縣,豐濱鄉,3,590,5.29
88336,2022-07-30,花蓮縣,豐濱鄉,5,587,5.00
88715,2022-07-29,花蓮縣,豐濱鄉,8,582,4.29
89101,2022-07-28,花蓮縣,豐濱鄉,5,574,3.29
89488,2022-07-27,花蓮縣,豐濱鄉,7,569,2.71
89878,2022-07-26,花蓮縣,豐濱鄉,5,562,1.71
90265,2022-07-25,花蓮縣,豐濱鄉,4,557,1.29
90646,2022-07-24,花蓮縣,豐濱鄉,1,553,1.14
91411,2022-07-22,花蓮縣,豐濱鄉,1,552,1.71
91797,2022-07-21,花蓮縣,豐濱鄉,1,551,1.86
92568,2022-07-19,花蓮縣,豐濱鄉,2,550,2.00
92957,2022-07-18,花蓮縣,豐濱鄉,3,548,1.71
93343,2022-07-17,花蓮縣,豐濱鄉,2,545,1.86
93722,2022-07-16,花蓮縣,豐濱鄉,3,543,1.71
94110,2022-07-15,花蓮縣,豐濱鄉,2,540,1.71
94497,2022-07-14,花蓮縣,豐濱鄉,1,538,1.57
94886,2022-07-13,花蓮縣,豐濱鄉,1,537,1.57
95662,2022-07-11,花蓮縣,豐濱鄉,4,536,1.86
96049,2022-07-10,花蓮縣,豐濱鄉,1,532,1.29
96434,2022-07-09,花蓮縣,豐濱鄉,3,531,1.43
96821,2022-07-08,花蓮縣,豐濱鄉,1,528,1.00
97212,2022-07-07,花蓮縣,豐濱鄉,1,527,1.14
97991,2022-07-05,花蓮縣,豐濱鄉,3,526,1.86
98770,2022-07-03,花蓮縣,豐濱鄉,2,523,3.43
99543,2022-07-01,花蓮縣,豐濱鄉,2,521,3.86
99935,2022-06-30,花蓮縣,豐濱鄉,1,519,3.57
100326,2022-06-29,花蓮縣,豐濱鄉,5,518,4.00
100716,2022-06-28,花蓮縣,豐濱鄉,5,513,4.00
101107,2022-06-27,花蓮縣,豐濱鄉,9,508,4.14
101494,2022-06-26,花蓮縣,豐濱鄉,1,499,3.43
101881,2022-06-25,花蓮縣,豐濱鄉,4,498,4.14
102661,2022-06-23,花蓮縣,豐濱鄉,4,494,6.14
103054,2022-06-22,花蓮縣,豐濱鄉,5,490,6.29
103443,2022-06-21,花蓮縣,豐濱鄉,6,485,6.71
103835,2022-06-20,花蓮縣,豐濱鄉,4,479,6.14
104225,2022-06-19,花蓮縣,豐濱鄉,6,475,6.86
104616,2022-06-18,花蓮縣,豐濱鄉,5,469,6.86
105007,2022-06-17,花蓮縣,豐濱鄉,13,464,6.57
105397,2022-06-16,花蓮縣,豐濱鄉,5,451,6.00
105787,2022-06-15,花蓮縣,豐濱鄉,8,446,7.43
106177,2022-06-14,花蓮縣,豐濱鄉,2,438,8.00
106569,2022-06-13,花蓮縣,豐濱鄉,9,436,9.71
106959,2022-06-12,花蓮縣,豐濱鄉,6,427,11.00
107346,2022-06-11,花蓮縣,豐濱鄉,3,421,12.14
107738,2022-06-10,花蓮縣,豐濱鄉,9,418,12.71
108127,2022-06-09,花蓮縣,豐濱鄉,15,409,13.43
108516,2022-06-08,花蓮縣,豐濱鄉,12,394,13.57
108906,2022-06-07,花蓮縣,豐濱鄉,14,382,13.71
109298,2022-06-06,花蓮縣,豐濱鄉,18,368,13.00
109688,2022-06-05,花蓮縣,豐濱鄉,14,350,11.86
110077,2022-06-04,花蓮縣,豐濱鄉,7,336,10.29
110467,2022-06-03,花蓮縣,豐濱鄉,14,329,10.29
110858,2022-06-02,花蓮縣,豐濱鄉,16,315,9.14
111248,2022-06-01,花蓮縣,豐濱鄉,13,299,8.00
111640,2022-05-31,花蓮縣,豐濱鄉,9,286,7.71
112031,2022-05-30,花蓮縣,豐濱鄉,10,277,7.57
112422,2022-05-29,花蓮縣,豐濱鄉,3,267,7.71
112813,2022-05-28,花蓮縣,豐濱鄉,7,264,7.57
113203,2022-05-27,花蓮縣,豐濱鄉,6,257,7.71
113593,2022-05-26,花蓮縣,豐濱鄉,8,251,8.29
113984,2022-05-25,花蓮縣,豐濱鄉,11,243,9.29
114374,2022-05-24,花蓮縣,豐濱鄉,8,232,10.29
114766,2022-05-23,花蓮縣,豐濱鄉,11,224,10.14
115157,2022-05-22,花蓮縣,豐濱鄉,2,213,9.86
115548,2022-05-21,花蓮縣,豐濱鄉,8,211,10.43
115933,2022-05-20,花蓮縣,豐濱鄉,10,203,11.29
116321,2022-05-19,花蓮縣,豐濱鄉,15,193,12.29
116709,2022-05-18,花蓮縣,豐濱鄉,18,178,15.00
117100,2022-05-17,花蓮縣,豐濱鄉,7,160,14.14
117489,2022-05-16,花蓮縣,豐濱鄉,9,153,15.43
117877,2022-05-15,花蓮縣,豐濱鄉,6,144,14.71
118261,2022-05-14,花蓮縣,豐濱鄉,14,138,15.14
118646,2022-05-13,花蓮縣,豐濱鄉,17,124,13.43
119033,2022-05-12,花蓮縣,豐濱鄉,34,107,11.86
119417,2022-05-11,花蓮縣,豐濱鄉,12,73,8.00
119802,2022-05-10,花蓮縣,豐濱鄉,16,61,6.29
120184,2022-05-09,花蓮縣,豐濱鄉,4,45,4.29
120565,2022-05-08,花蓮縣,豐濱鄉,9,41,4.00
120950,2022-05-07,花蓮縣,豐濱鄉,2,32,2.71
121328,2022-05-06,花蓮縣,豐濱鄉,6,30,2.57
121705,2022-05-05,花蓮縣,豐濱鄉,7,24,2.00
122437,2022-05-03,花蓮縣,豐濱鄉,2,17,1.43
122792,2022-05-02,花蓮縣,豐濱鄉,2,15,1.29
123470,2022-04-30,花蓮縣,豐濱鄉,1,13,1.14
123795,2022-04-29,花蓮縣,豐濱鄉,2,12,1.00
124110,2022-04-28,花蓮縣,豐濱鄉,2,10,0.71
124417,2022-04-27,花蓮縣,豐濱鄉,1,8,0.43
124714,2022-04-26,花蓮縣,豐濱鄉,1,7,0.29
125261,2022-04-24,花蓮縣,豐濱鄉,1,6,0.14
126772,2022-04-17,花蓮縣,豐濱鄉,1,5,0.57
127265,2022-04-14,花蓮縣,豐濱鄉,3,4,0.43
128397,2022-04-05,花蓮縣,豐濱鄉,1,1,0.14
