UID,個案研判日,縣市別,區域,新增確診人數,累計確診人數,七天移動平均新增確診人數
258,2023-06-14,花蓮縣,富里鄉,2,2668,0.29
1190,2023-03-19,花蓮縣,富里鄉,5,2666,3.00
1529,2023-03-18,花蓮縣,富里鄉,4,2661,2.86
1879,2023-03-17,花蓮縣,富里鄉,2,2657,2.43
2231,2023-03-16,花蓮縣,富里鄉,5,2655,2.43
2583,2023-03-15,花蓮縣,富里鄉,3,2650,2.00
2940,2023-03-14,花蓮縣,富里鄉,1,2647,2.00
3297,2023-03-13,花蓮縣,富里鄉,1,2646,2.14
3641,2023-03-12,花蓮縣,富里鄉,4,2645,3.14
3998,2023-03-11,花蓮縣,富里鄉,1,2641,2.71
4350,2023-03-10,花蓮縣,富里鄉,2,2640,2.57
4706,2023-03-09,花蓮縣,富里鄉,2,2638,2.43
5062,2023-03-08,花蓮縣,富里鄉,3,2636,2.29
5420,2023-03-07,花蓮縣,富里鄉,2,2633,2.71
5786,2023-03-06,花蓮縣,富里鄉,8,2631,3.00
6126,2023-03-05,花蓮縣,富里鄉,1,2623,2.14
6837,2023-03-03,花蓮縣,富里鄉,1,2622,2.43
7199,2023-03-02,花蓮縣,富里鄉,1,2621,2.71
7569,2023-03-01,花蓮縣,富里鄉,6,2620,2.71
7934,2023-02-28,花蓮縣,富里鄉,4,2614,2.00
8295,2023-02-27,花蓮縣,富里鄉,2,2610,1.86
9010,2023-02-25,花蓮縣,富里鄉,3,2608,2.29
9370,2023-02-24,花蓮縣,富里鄉,3,2605,2.14
9738,2023-02-23,花蓮縣,富里鄉,1,2602,2.00
10113,2023-02-22,花蓮縣,富里鄉,1,2601,2.00
10485,2023-02-21,花蓮縣,富里鄉,3,2600,2.43
10859,2023-02-20,花蓮縣,富里鄉,2,2597,2.43
11219,2023-02-19,花蓮縣,富里鄉,3,2595,2.57
11588,2023-02-18,花蓮縣,富里鄉,2,2592,2.29
11959,2023-02-17,花蓮縣,富里鄉,2,2590,2.29
12334,2023-02-16,花蓮縣,富里鄉,1,2588,2.29
12706,2023-02-15,花蓮縣,富里鄉,4,2587,3.00
13082,2023-02-14,花蓮縣,富里鄉,3,2583,2.86
13458,2023-02-13,花蓮縣,富里鄉,3,2580,2.86
13819,2023-02-12,花蓮縣,富里鄉,1,2577,3.57
14191,2023-02-11,花蓮縣,富里鄉,2,2576,4.00
14560,2023-02-10,花蓮縣,富里鄉,2,2574,4.14
14935,2023-02-09,花蓮縣,富里鄉,6,2572,4.43
15313,2023-02-08,花蓮縣,富里鄉,3,2566,4.29
15694,2023-02-07,花蓮縣,富里鄉,3,2563,4.71
16075,2023-02-06,花蓮縣,富里鄉,8,2560,5.14
16444,2023-02-05,花蓮縣,富里鄉,4,2552,5.43
16823,2023-02-04,花蓮縣,富里鄉,3,2548,5.14
17207,2023-02-03,花蓮縣,富里鄉,4,2545,5.14
17590,2023-02-02,花蓮縣,富里鄉,5,2541,4.86
17968,2023-02-01,花蓮縣,富里鄉,6,2536,4.71
18352,2023-01-31,花蓮縣,富里鄉,6,2530,4.14
18740,2023-01-30,花蓮縣,富里鄉,10,2524,3.57
19119,2023-01-29,花蓮縣,富里鄉,2,2514,3.00
19499,2023-01-28,花蓮縣,富里鄉,3,2512,2.71
19876,2023-01-27,花蓮縣,富里鄉,2,2509,2.71
20253,2023-01-26,花蓮縣,富里鄉,4,2507,3.00
20623,2023-01-25,花蓮縣,富里鄉,2,2503,3.00
20993,2023-01-24,花蓮縣,富里鄉,2,2501,3.00
21360,2023-01-23,花蓮縣,富里鄉,6,2499,3.71
22099,2023-01-21,花蓮縣,富里鄉,3,2493,3.14
22465,2023-01-20,花蓮縣,富里鄉,4,2490,3.14
22835,2023-01-19,花蓮縣,富里鄉,4,2486,3.43
23208,2023-01-18,花蓮縣,富里鄉,2,2482,3.57
23572,2023-01-17,花蓮縣,富里鄉,7,2480,3.43
23947,2023-01-16,花蓮縣,富里鄉,2,2473,2.71
24682,2023-01-14,花蓮縣,富里鄉,3,2471,3.57
25049,2023-01-13,花蓮縣,富里鄉,6,2468,3.57
25425,2023-01-12,花蓮縣,富里鄉,5,2462,5.00
25800,2023-01-11,花蓮縣,富里鄉,1,2457,4.86
26173,2023-01-10,花蓮縣,富里鄉,2,2456,5.57
26551,2023-01-09,花蓮縣,富里鄉,8,2454,5.43
27282,2023-01-07,花蓮縣,富里鄉,3,2446,4.57
27653,2023-01-06,花蓮縣,富里鄉,16,2443,4.57
28034,2023-01-05,花蓮縣,富里鄉,4,2427,2.29
28415,2023-01-04,花蓮縣,富里鄉,6,2423,2.43
28796,2023-01-03,花蓮縣,富里鄉,1,2417,2.29
29533,2023-01-01,花蓮縣,富里鄉,2,2416,3.00
29900,2022-12-31,花蓮縣,富里鄉,3,2414,2.71
30642,2022-12-29,花蓮縣,富里鄉,5,2411,3.00
31014,2022-12-28,花蓮縣,富里鄉,5,2406,2.29
31391,2022-12-27,花蓮縣,富里鄉,6,2401,2.00
32479,2022-12-24,花蓮縣,富里鄉,2,2395,1.57
32840,2022-12-23,花蓮縣,富里鄉,3,2393,1.29
33579,2022-12-21,花蓮縣,富里鄉,3,2390,1.43
34312,2022-12-19,花蓮縣,富里鄉,2,2387,1.29
34663,2022-12-18,花蓮縣,富里鄉,1,2385,1.00
35388,2022-12-16,花蓮縣,富里鄉,1,2384,1.71
35756,2022-12-15,花蓮縣,富里鄉,3,2383,1.86
36115,2022-12-14,花蓮縣,富里鄉,1,2380,1.57
36488,2022-12-13,花蓮縣,富里鄉,1,2379,1.71
37212,2022-12-11,花蓮縣,富里鄉,3,2378,2.29
37582,2022-12-10,花蓮縣,富里鄉,3,2375,1.86
37945,2022-12-09,花蓮縣,富里鄉,2,2372,1.57
38318,2022-12-08,花蓮縣,富里鄉,1,2370,1.29
38692,2022-12-07,花蓮縣,富里鄉,2,2369,1.14
39060,2022-12-06,花蓮縣,富里鄉,2,2367,0.86
39438,2022-12-05,花蓮縣,富里鄉,3,2365,0.71
40176,2022-12-03,花蓮縣,富里鄉,1,2362,1.29
41663,2022-11-29,花蓮縣,富里鄉,1,2361,1.43
42041,2022-11-28,花蓮縣,富里鄉,5,2360,1.43
42406,2022-11-27,花蓮縣,富里鄉,2,2355,1.71
42760,2022-11-26,花蓮縣,富里鄉,1,2353,1.71
43501,2022-11-24,花蓮縣,富里鄉,1,2352,3.43
44244,2022-11-22,花蓮縣,富里鄉,1,2351,3.86
44625,2022-11-21,花蓮縣,富里鄉,7,2350,3.86
44994,2022-11-20,花蓮縣,富里鄉,2,2343,3.57
45364,2022-11-19,花蓮縣,富里鄉,5,2341,3.71
45735,2022-11-18,花蓮縣,富里鄉,8,2336,3.29
46108,2022-11-17,花蓮縣,富里鄉,2,2328,3.00
46488,2022-11-16,花蓮縣,富里鄉,2,2326,3.14
46868,2022-11-15,花蓮縣,富里鄉,1,2324,3.57
47248,2022-11-14,花蓮縣,富里鄉,5,2323,4.00
47621,2022-11-13,花蓮縣,富里鄉,3,2318,3.43
47995,2022-11-12,花蓮縣,富里鄉,2,2315,3.29
48377,2022-11-11,花蓮縣,富里鄉,6,2313,3.43
48758,2022-11-10,花蓮縣,富里鄉,3,2307,3.43
49142,2022-11-09,花蓮縣,富里鄉,5,2304,3.86
49527,2022-11-08,花蓮縣,富里鄉,4,2299,3.71
49911,2022-11-07,花蓮縣,富里鄉,1,2295,3.86
50282,2022-11-06,花蓮縣,富里鄉,2,2294,5.29
50655,2022-11-05,花蓮縣,富里鄉,3,2292,5.43
51041,2022-11-04,花蓮縣,富里鄉,6,2289,5.57
51424,2022-11-03,花蓮縣,富里鄉,6,2283,5.43
51806,2022-11-02,花蓮縣,富里鄉,4,2277,5.29
52193,2022-11-01,花蓮縣,富里鄉,5,2273,5.71
52575,2022-10-31,花蓮縣,富里鄉,11,2268,6.29
52954,2022-10-30,花蓮縣,富里鄉,3,2257,6.00
53334,2022-10-29,花蓮縣,富里鄉,4,2254,6.71
53721,2022-10-28,花蓮縣,富里鄉,5,2250,7.57
54106,2022-10-27,花蓮縣,富里鄉,5,2245,8.43
54490,2022-10-26,花蓮縣,富里鄉,7,2240,9.14
54879,2022-10-25,花蓮縣,富里鄉,9,2233,9.71
55269,2022-10-24,花蓮縣,富里鄉,9,2224,9.00
55647,2022-10-23,花蓮縣,富里鄉,8,2215,9.71
56034,2022-10-22,花蓮縣,富里鄉,10,2207,9.43
56422,2022-10-21,花蓮縣,富里鄉,11,2197,9.29
56808,2022-10-20,花蓮縣,富里鄉,10,2186,9.29
57194,2022-10-19,花蓮縣,富里鄉,11,2176,10.86
57583,2022-10-18,花蓮縣,富里鄉,4,2165,10.86
57973,2022-10-17,花蓮縣,富里鄉,14,2161,11.29
58358,2022-10-16,花蓮縣,富里鄉,6,2147,11.14
58745,2022-10-15,花蓮縣,富里鄉,9,2141,11.29
59132,2022-10-14,花蓮縣,富里鄉,11,2132,11.00
59522,2022-10-13,花蓮縣,富里鄉,21,2121,10.71
59912,2022-10-12,花蓮縣,富里鄉,11,2100,8.71
60303,2022-10-11,花蓮縣,富里鄉,7,2089,8.43
60689,2022-10-10,花蓮縣,富里鄉,13,2082,9.29
61074,2022-10-09,花蓮縣,富里鄉,7,2069,9.57
61463,2022-10-08,花蓮縣,富里鄉,7,2062,9.00
61852,2022-10-07,花蓮縣,富里鄉,9,2055,8.57
62241,2022-10-06,花蓮縣,富里鄉,7,2046,9.14
62630,2022-10-05,花蓮縣,富里鄉,9,2039,9.57
63016,2022-10-04,花蓮縣,富里鄉,13,2030,9.29
63406,2022-10-03,花蓮縣,富里鄉,15,2017,8.43
63791,2022-10-02,花蓮縣,富里鄉,3,2002,8.14
64177,2022-10-01,花蓮縣,富里鄉,4,1999,8.29
64563,2022-09-30,花蓮縣,富里鄉,13,1995,8.57
64949,2022-09-29,花蓮縣,富里鄉,10,1982,8.00
65336,2022-09-28,花蓮縣,富里鄉,7,1972,8.29
65725,2022-09-27,花蓮縣,富里鄉,7,1965,9.00
66112,2022-09-26,花蓮縣,富里鄉,13,1958,10.57
66496,2022-09-25,花蓮縣,富里鄉,4,1945,10.57
66881,2022-09-24,花蓮縣,富里鄉,6,1941,10.57
67268,2022-09-23,花蓮縣,富里鄉,9,1935,11.14
67656,2022-09-22,花蓮縣,富里鄉,12,1926,12.00
68043,2022-09-21,花蓮縣,富里鄉,12,1914,11.71
68433,2022-09-20,花蓮縣,富里鄉,18,1902,11.14
68824,2022-09-19,花蓮縣,富里鄉,13,1884,10.14
69207,2022-09-18,花蓮縣,富里鄉,4,1871,10.14
69593,2022-09-17,花蓮縣,富里鄉,10,1867,10.57
69980,2022-09-16,花蓮縣,富里鄉,15,1857,9.86
70367,2022-09-15,花蓮縣,富里鄉,10,1842,9.14
70752,2022-09-14,花蓮縣,富里鄉,8,1832,8.57
71140,2022-09-13,花蓮縣,富里鄉,11,1824,9.00
71530,2022-09-12,花蓮縣,富里鄉,13,1813,8.71
71914,2022-09-11,花蓮縣,富里鄉,7,1800,8.71
72295,2022-09-10,花蓮縣,富里鄉,5,1793,8.57
72678,2022-09-09,花蓮縣,富里鄉,10,1788,8.14
73063,2022-09-08,花蓮縣,富里鄉,6,1778,8.57
73450,2022-09-07,花蓮縣,富里鄉,11,1772,8.43
73834,2022-09-06,花蓮縣,富里鄉,9,1761,7.57
74221,2022-09-05,花蓮縣,富里鄉,13,1752,7.00
74604,2022-09-04,花蓮縣,富里鄉,6,1739,5.86
74990,2022-09-03,花蓮縣,富里鄉,2,1733,5.86
75376,2022-09-02,花蓮縣,富里鄉,13,1731,7.00
75764,2022-09-01,花蓮縣,富里鄉,5,1718,6.43
76152,2022-08-31,花蓮縣,富里鄉,5,1713,6.43
76539,2022-08-30,花蓮縣,富里鄉,5,1708,6.71
76929,2022-08-29,花蓮縣,富里鄉,5,1703,7.00
77310,2022-08-28,花蓮縣,富里鄉,6,1698,9.14
77698,2022-08-27,花蓮縣,富里鄉,10,1692,8.57
78084,2022-08-26,花蓮縣,富里鄉,9,1682,7.43
78471,2022-08-25,花蓮縣,富里鄉,5,1673,7.00
78855,2022-08-24,花蓮縣,富里鄉,7,1668,7.29
79239,2022-08-23,花蓮縣,富里鄉,7,1661,7.86
79627,2022-08-22,花蓮縣,富里鄉,20,1654,8.14
80005,2022-08-21,花蓮縣,富里鄉,2,1634,6.29
80388,2022-08-20,花蓮縣,富里鄉,2,1632,7.29
80774,2022-08-19,花蓮縣,富里鄉,6,1630,8.00
81162,2022-08-18,花蓮縣,富里鄉,7,1624,7.71
81548,2022-08-17,花蓮縣,富里鄉,11,1617,7.43
81933,2022-08-16,花蓮縣,富里鄉,9,1606,6.29
82321,2022-08-15,花蓮縣,富里鄉,7,1597,5.14
82699,2022-08-14,花蓮縣,富里鄉,9,1590,5.29
83077,2022-08-13,花蓮縣,富里鄉,7,1581,4.43
83462,2022-08-12,花蓮縣,富里鄉,4,1574,4.29
83848,2022-08-11,花蓮縣,富里鄉,5,1570,4.71
84235,2022-08-10,花蓮縣,富里鄉,3,1565,4.86
84618,2022-08-09,花蓮縣,富里鄉,1,1562,5.14
85001,2022-08-08,花蓮縣,富里鄉,8,1561,5.14
85376,2022-08-07,花蓮縣,富里鄉,3,1553,4.71
85754,2022-08-06,花蓮縣,富里鄉,6,1550,4.86
86139,2022-08-05,花蓮縣,富里鄉,7,1544,4.86
86524,2022-08-04,花蓮縣,富里鄉,6,1537,4.29
86911,2022-08-03,花蓮縣,富里鄉,5,1531,4.43
87293,2022-08-02,花蓮縣,富里鄉,1,1526,4.43
87682,2022-08-01,花蓮縣,富里鄉,5,1525,4.43
88059,2022-07-31,花蓮縣,富里鄉,4,1520,4.57
88437,2022-07-30,花蓮縣,富里鄉,6,1516,4.14
88820,2022-07-29,花蓮縣,富里鄉,3,1510,3.57
89207,2022-07-28,花蓮縣,富里鄉,7,1507,3.71
89596,2022-07-27,花蓮縣,富里鄉,5,1500,3.57
89984,2022-07-26,花蓮縣,富里鄉,1,1495,3.29
90371,2022-07-25,花蓮縣,富里鄉,6,1494,3.29
90749,2022-07-24,花蓮縣,富里鄉,1,1488,4.00
91129,2022-07-23,花蓮縣,富里鄉,2,1487,4.43
91517,2022-07-22,花蓮縣,富里鄉,4,1485,4.71
91902,2022-07-21,花蓮縣,富里鄉,6,1481,5.29
92287,2022-07-20,花蓮縣,富里鄉,3,1475,5.14
92674,2022-07-19,花蓮縣,富里鄉,1,1472,5.14
93065,2022-07-18,花蓮縣,富里鄉,11,1471,7.29
93443,2022-07-17,花蓮縣,富里鄉,4,1460,7.43
93829,2022-07-16,花蓮縣,富里鄉,4,1456,7.14
94218,2022-07-15,花蓮縣,富里鄉,8,1452,8.29
94604,2022-07-14,花蓮縣,富里鄉,5,1444,9.29
94993,2022-07-13,花蓮縣,富里鄉,3,1439,10.86
95381,2022-07-12,花蓮縣,富里鄉,16,1436,12.29
95770,2022-07-11,花蓮縣,富里鄉,12,1420,11.57
96154,2022-07-10,花蓮縣,富里鄉,2,1408,12.86
96541,2022-07-09,花蓮縣,富里鄉,12,1406,13.71
96929,2022-07-08,花蓮縣,富里鄉,15,1394,12.43
97320,2022-07-07,花蓮縣,富里鄉,16,1379,12.00
97710,2022-07-06,花蓮縣,富里鄉,13,1363,11.43
98099,2022-07-05,花蓮縣,富里鄉,11,1350,11.43
98487,2022-07-04,花蓮縣,富里鄉,21,1339,12.00
98874,2022-07-03,花蓮縣,富里鄉,8,1318,11.43
99260,2022-07-02,花蓮縣,富里鄉,3,1310,11.86
99652,2022-07-01,花蓮縣,富里鄉,12,1307,14.00
100044,2022-06-30,花蓮縣,富里鄉,12,1295,14.71
100433,2022-06-29,花蓮縣,富里鄉,13,1283,13.86
100824,2022-06-28,花蓮縣,富里鄉,15,1270,13.71
101214,2022-06-27,花蓮縣,富里鄉,17,1255,13.86
101599,2022-06-26,花蓮縣,富里鄉,11,1238,13.29
101988,2022-06-25,花蓮縣,富里鄉,18,1227,13.43
102378,2022-06-24,花蓮縣,富里鄉,17,1209,13.14
102770,2022-06-23,花蓮縣,富里鄉,6,1192,14.29
103161,2022-06-22,花蓮縣,富里鄉,12,1186,16.00
103552,2022-06-21,花蓮縣,富里鄉,16,1174,17.57
103944,2022-06-20,花蓮縣,富里鄉,13,1158,17.00
104333,2022-06-19,花蓮縣,富里鄉,12,1145,18.00
104725,2022-06-18,花蓮縣,富里鄉,16,1133,18.00
105116,2022-06-17,花蓮縣,富里鄉,25,1117,17.57
105506,2022-06-16,花蓮縣,富里鄉,18,1092,15.43
105896,2022-06-15,花蓮縣,富里鄉,23,1074,16.00
106286,2022-06-14,花蓮縣,富里鄉,12,1051,16.00
106678,2022-06-13,花蓮縣,富里鄉,20,1039,16.43
107066,2022-06-12,花蓮縣,富里鄉,12,1019,16.86
107455,2022-06-11,花蓮縣,富里鄉,13,1007,19.86
107846,2022-06-10,花蓮縣,富里鄉,10,994,20.29
108235,2022-06-09,花蓮縣,富里鄉,22,984,20.43
108624,2022-06-08,花蓮縣,富里鄉,23,962,21.14
109015,2022-06-07,花蓮縣,富里鄉,15,939,20.71
109406,2022-06-06,花蓮縣,富里鄉,23,924,24.57
109796,2022-06-05,花蓮縣,富里鄉,33,901,26.43
110184,2022-06-04,花蓮縣,富里鄉,16,868,25.00
110576,2022-06-03,花蓮縣,富里鄉,11,852,24.43
110967,2022-06-02,花蓮縣,富里鄉,27,841,25.57
111357,2022-06-01,花蓮縣,富里鄉,20,814,27.14
111749,2022-05-31,花蓮縣,富里鄉,42,794,27.86
112139,2022-05-30,花蓮縣,富里鄉,36,752,29.71
112531,2022-05-29,花蓮縣,富里鄉,23,716,29.43
112920,2022-05-28,花蓮縣,富里鄉,12,693,27.57
113312,2022-05-27,花蓮縣,富里鄉,19,681,28.86
113702,2022-05-26,花蓮縣,富里鄉,38,662,29.71
114092,2022-05-25,花蓮縣,富里鄉,25,624,29.71
114483,2022-05-24,花蓮縣,富里鄉,55,599,30.71
114875,2022-05-23,花蓮縣,富里鄉,34,544,24.29
115265,2022-05-22,花蓮縣,富里鄉,10,510,25.00
115654,2022-05-21,花蓮縣,富里鄉,21,500,26.71
116040,2022-05-20,花蓮縣,富里鄉,25,479,28.29
116428,2022-05-19,花蓮縣,富里鄉,38,454,30.14
116818,2022-05-18,花蓮縣,富里鄉,32,416,29.29
117208,2022-05-17,花蓮縣,富里鄉,10,384,32.71
117595,2022-05-16,花蓮縣,富里鄉,39,374,35.14
117982,2022-05-15,花蓮縣,富里鄉,22,335,30.71
118366,2022-05-14,花蓮縣,富里鄉,32,313,28.43
118753,2022-05-13,花蓮縣,富里鄉,38,281,26.71
119137,2022-05-12,花蓮縣,富里鄉,32,243,24.71
119521,2022-05-11,花蓮縣,富里鄉,56,211,21.86
119908,2022-05-10,花蓮縣,富里鄉,27,155,15.86
120289,2022-05-09,花蓮縣,富里鄉,8,128,14.71
120670,2022-05-08,花蓮縣,富里鄉,6,120,14.00
121054,2022-05-07,花蓮縣,富里鄉,20,114,15.14
121432,2022-05-06,花蓮縣,富里鄉,24,94,12.86
121803,2022-05-05,花蓮縣,富里鄉,12,70,9.71
122167,2022-05-04,花蓮縣,富里鄉,14,58,8.00
122529,2022-05-03,花蓮縣,富里鄉,19,44,6.29
122880,2022-05-02,花蓮縣,富里鄉,3,25,3.57
123216,2022-05-01,花蓮縣,富里鄉,14,22,3.14
123551,2022-04-30,花蓮縣,富里鄉,4,8,1.14
123868,2022-04-29,花蓮縣,富里鄉,2,4,0.57
124484,2022-04-27,花蓮縣,富里鄉,2,2,0.29
