UID,個案研判日,縣市別,區域,新增確診人數,累計確診人數,七天移動平均新增確診人數
854,2023-03-20,苗栗縣,獅潭鄉,2,839,1.00
2214,2023-03-16,苗栗縣,獅潭鄉,2,837,0.86
2568,2023-03-15,苗栗縣,獅潭鄉,1,835,0.57
2922,2023-03-14,苗栗縣,獅潭鄉,2,834,0.43
3985,2023-03-11,苗栗縣,獅潭鄉,1,832,0.14
6467,2023-03-04,苗栗縣,獅潭鄉,1,831,0.57
6822,2023-03-03,苗栗縣,獅潭鄉,1,830,0.57
7552,2023-03-01,苗栗縣,獅潭鄉,1,829,0.71
7919,2023-02-28,苗栗縣,獅潭鄉,1,828,1.14
8993,2023-02-25,苗栗縣,獅潭鄉,1,827,2.14
9355,2023-02-24,苗栗縣,獅潭鄉,2,826,2.29
10097,2023-02-22,苗栗縣,獅潭鄉,4,824,2.29
10469,2023-02-21,苗栗縣,獅潭鄉,5,820,1.86
10842,2023-02-20,苗栗縣,獅潭鄉,3,815,1.71
11572,2023-02-18,苗栗縣,獅潭鄉,2,812,1.43
11944,2023-02-17,苗栗縣,獅潭鄉,1,810,1.14
12318,2023-02-16,苗栗縣,獅潭鄉,1,809,1.43
12690,2023-02-15,苗栗縣,獅潭鄉,1,808,1.57
13065,2023-02-14,苗栗縣,獅潭鄉,4,807,1.43
13440,2023-02-13,苗栗縣,獅潭鄉,1,803,1.00
14543,2023-02-10,苗栗縣,獅潭鄉,3,802,1.57
14918,2023-02-09,苗栗縣,獅潭鄉,2,799,1.43
15678,2023-02-07,苗栗縣,獅潭鄉,1,797,2.00
16057,2023-02-06,苗栗縣,獅潭鄉,1,796,2.29
16428,2023-02-05,苗栗縣,獅潭鄉,1,795,2.57
16806,2023-02-04,苗栗縣,獅潭鄉,3,794,2.57
17187,2023-02-03,苗栗縣,獅潭鄉,2,791,2.29
17572,2023-02-02,苗栗縣,獅潭鄉,4,789,2.57
17953,2023-02-01,苗栗縣,獅潭鄉,2,785,2.43
18336,2023-01-31,苗栗縣,獅潭鄉,3,783,2.29
18721,2023-01-30,苗栗縣,獅潭鄉,3,780,2.00
19105,2023-01-29,苗栗縣,獅潭鄉,1,777,2.00
19483,2023-01-28,苗栗縣,獅潭鄉,1,776,1.86
19859,2023-01-27,苗栗縣,獅潭鄉,4,775,1.71
20235,2023-01-26,苗栗縣,獅潭鄉,3,771,1.14
20608,2023-01-25,苗栗縣,獅潭鄉,1,768,1.29
20976,2023-01-24,苗栗縣,獅潭鄉,1,767,1.57
21345,2023-01-23,苗栗縣,獅潭鄉,3,766,1.86
22819,2023-01-19,苗栗縣,獅潭鄉,4,763,3.29
23191,2023-01-18,苗栗縣,獅潭鄉,3,759,3.00
23556,2023-01-17,苗栗縣,獅潭鄉,3,756,2.57
23930,2023-01-16,苗栗縣,獅潭鄉,8,753,2.14
24302,2023-01-15,苗栗縣,獅潭鄉,1,745,1.14
24668,2023-01-14,苗栗縣,獅潭鄉,4,744,1.14
25410,2023-01-12,苗栗縣,獅潭鄉,2,740,1.00
26534,2023-01-09,苗栗縣,獅潭鄉,1,738,1.43
26900,2023-01-08,苗栗縣,獅潭鄉,1,737,1.57
27265,2023-01-07,苗栗縣,獅潭鄉,1,736,1.86
27637,2023-01-06,苗栗縣,獅潭鄉,2,735,2.43
28018,2023-01-05,苗栗縣,獅潭鄉,4,733,2.57
28779,2023-01-03,苗栗縣,獅潭鄉,1,729,3.14
29154,2023-01-02,苗栗縣,獅潭鄉,2,728,3.14
29520,2023-01-01,苗栗縣,獅潭鄉,3,726,3.14
29886,2022-12-31,苗栗縣,獅潭鄉,5,723,3.14
30254,2022-12-30,苗栗縣,獅潭鄉,3,718,2.43
30626,2022-12-29,苗栗縣,獅潭鄉,5,715,2.14
30998,2022-12-28,苗栗縣,獅潭鄉,3,710,1.43
31373,2022-12-27,苗栗縣,獅潭鄉,1,707,1.14
31747,2022-12-26,苗栗縣,獅潭鄉,2,706,1.00
32105,2022-12-25,苗栗縣,獅潭鄉,3,704,0.86
32825,2022-12-23,苗栗縣,獅潭鄉,1,701,0.71
33562,2022-12-21,苗栗縣,獅潭鄉,1,700,1.00
34295,2022-12-19,苗栗縣,獅潭鄉,1,699,1.29
34648,2022-12-18,苗栗縣,獅潭鄉,2,698,1.14
35373,2022-12-16,苗栗縣,獅潭鄉,2,696,1.14
35739,2022-12-15,苗栗縣,獅潭鄉,1,694,0.86
36099,2022-12-14,苗栗縣,獅潭鄉,1,693,0.71
36470,2022-12-13,苗栗縣,獅潭鄉,2,692,0.86
37199,2022-12-11,苗栗縣,獅潭鄉,1,690,1.14
37566,2022-12-10,苗栗縣,獅潭鄉,1,689,1.29
38676,2022-12-07,苗栗縣,獅潭鄉,2,688,1.57
39420,2022-12-05,苗栗縣,獅潭鄉,4,686,1.86
39790,2022-12-04,苗栗縣,獅潭鄉,2,682,1.43
40529,2022-12-02,苗栗縣,獅潭鄉,1,680,1.29
40895,2022-12-01,苗栗縣,獅潭鄉,2,679,1.29
41269,2022-11-30,苗栗縣,獅潭鄉,3,677,1.00
41645,2022-11-29,苗栗縣,獅潭鄉,1,674,1.14
42024,2022-11-28,苗栗縣,獅潭鄉,1,673,1.29
42393,2022-11-27,苗栗縣,獅潭鄉,1,672,1.14
43116,2022-11-25,苗栗縣,獅潭鄉,1,671,1.43
43854,2022-11-23,苗栗縣,獅潭鄉,4,670,1.43
44229,2022-11-22,苗栗縣,獅潭鄉,2,666,1.14
44977,2022-11-20,苗栗縣,獅潭鄉,1,664,1.29
45348,2022-11-19,苗栗縣,獅潭鄉,2,663,1.14
45718,2022-11-18,苗栗縣,獅潭鄉,1,661,1.00
46469,2022-11-16,苗栗縣,獅潭鄉,2,660,1.14
46850,2022-11-15,苗栗縣,獅潭鄉,2,658,1.00
47229,2022-11-14,苗栗縣,獅潭鄉,1,656,0.86
47977,2022-11-12,苗栗縣,獅潭鄉,1,655,0.86
48358,2022-11-11,苗栗縣,獅潭鄉,1,654,0.86
48739,2022-11-10,苗栗縣,獅潭鄉,1,653,0.86
49122,2022-11-09,苗栗縣,獅潭鄉,1,652,0.71
49508,2022-11-08,苗栗縣,獅潭鄉,1,651,1.00
49892,2022-11-07,苗栗縣,獅潭鄉,1,650,1.14
50638,2022-11-05,苗栗縣,獅潭鄉,1,649,1.43
51021,2022-11-04,苗栗縣,獅潭鄉,1,648,2.00
51787,2022-11-02,苗栗縣,獅潭鄉,3,647,2.86
52175,2022-11-01,苗栗縣,獅潭鄉,2,644,3.14
52556,2022-10-31,苗栗縣,獅潭鄉,3,642,3.57
53317,2022-10-29,苗栗縣,獅潭鄉,5,639,4.29
53701,2022-10-28,苗栗縣,獅潭鄉,3,634,3.71
54087,2022-10-27,苗栗縣,獅潭鄉,4,631,3.57
54471,2022-10-26,苗栗縣,獅潭鄉,5,627,3.43
54859,2022-10-25,苗栗縣,獅潭鄉,5,622,3.43
55249,2022-10-24,苗栗縣,獅潭鄉,3,617,3.43
55631,2022-10-23,苗栗縣,獅潭鄉,5,614,3.29
56014,2022-10-22,苗栗縣,獅潭鄉,1,609,2.57
56402,2022-10-21,苗栗縣,獅潭鄉,2,608,2.86
56788,2022-10-20,苗栗縣,獅潭鄉,3,606,3.00
57175,2022-10-19,苗栗縣,獅潭鄉,5,603,3.57
57563,2022-10-18,苗栗縣,獅潭鄉,5,598,3.29
57953,2022-10-17,苗栗縣,獅潭鄉,2,593,3.14
58727,2022-10-15,苗栗縣,獅潭鄉,3,591,3.86
59113,2022-10-14,苗栗縣,獅潭鄉,3,588,4.00
59502,2022-10-13,苗栗縣,獅潭鄉,7,585,4.43
59893,2022-10-12,苗栗縣,獅潭鄉,3,578,4.14
60283,2022-10-11,苗栗縣,獅潭鄉,4,575,4.71
60673,2022-10-10,苗栗縣,獅潭鄉,3,571,4.86
61054,2022-10-09,苗栗縣,獅潭鄉,4,568,5.43
61444,2022-10-08,苗栗縣,獅潭鄉,4,564,4.86
61834,2022-10-07,苗栗縣,獅潭鄉,6,560,4.71
62221,2022-10-06,苗栗縣,獅潭鄉,5,554,4.57
62611,2022-10-05,苗栗縣,獅潭鄉,7,549,4.29
62998,2022-10-04,苗栗縣,獅潭鄉,5,542,4.00
63387,2022-10-03,苗栗縣,獅潭鄉,7,537,4.00
64159,2022-10-01,苗栗縣,獅潭鄉,3,530,4.71
64544,2022-09-30,苗栗縣,獅潭鄉,5,527,4.71
64930,2022-09-29,苗栗縣,獅潭鄉,3,522,5.43
65318,2022-09-28,苗栗縣,獅潭鄉,5,519,5.86
65706,2022-09-27,苗栗縣,獅潭鄉,5,514,6.00
66092,2022-09-26,苗栗縣,獅潭鄉,9,509,5.71
66479,2022-09-25,苗栗縣,獅潭鄉,3,500,6.29
66862,2022-09-24,苗栗縣,獅潭鄉,3,497,6.00
67249,2022-09-23,苗栗縣,獅潭鄉,10,494,6.14
67636,2022-09-22,苗栗縣,獅潭鄉,6,484,6.00
68025,2022-09-21,苗栗縣,獅潭鄉,6,478,6.14
68413,2022-09-20,苗栗縣,獅潭鄉,3,472,6.29
68804,2022-09-19,苗栗縣,獅潭鄉,13,469,6.86
69190,2022-09-18,苗栗縣,獅潭鄉,1,456,6.00
69575,2022-09-17,苗栗縣,獅潭鄉,4,455,5.86
69963,2022-09-16,苗栗縣,獅潭鄉,9,451,5.57
70348,2022-09-15,苗栗縣,獅潭鄉,7,442,4.57
70733,2022-09-14,苗栗縣,獅潭鄉,7,435,4.00
71121,2022-09-13,苗栗縣,獅潭鄉,7,428,3.86
71511,2022-09-12,苗栗縣,獅潭鄉,7,421,3.00
72279,2022-09-10,苗栗縣,獅潭鄉,2,414,2.29
72660,2022-09-09,苗栗縣,獅潭鄉,2,412,2.57
73045,2022-09-08,苗栗縣,獅潭鄉,3,410,2.43
73431,2022-09-07,苗栗縣,獅潭鄉,6,407,2.29
73815,2022-09-06,苗栗縣,獅潭鄉,1,401,1.71
74202,2022-09-05,苗栗縣,獅潭鄉,2,400,1.86
74971,2022-09-03,苗栗縣,獅潭鄉,4,398,2.14
75357,2022-09-02,苗栗縣,獅潭鄉,1,394,1.57
75745,2022-09-01,苗栗縣,獅潭鄉,2,393,1.43
76132,2022-08-31,苗栗縣,獅潭鄉,2,391,1.43
76521,2022-08-30,苗栗縣,獅潭鄉,2,389,2.57
76909,2022-08-29,苗栗縣,獅潭鄉,1,387,2.43
77294,2022-08-28,苗栗縣,獅潭鄉,3,386,3.14
78451,2022-08-25,苗栗縣,獅潭鄉,2,383,4.00
78836,2022-08-24,苗栗縣,獅潭鄉,10,381,4.29
79223,2022-08-23,苗栗縣,獅潭鄉,1,371,3.43
79608,2022-08-22,苗栗縣,獅潭鄉,6,370,3.86
79989,2022-08-21,苗栗縣,獅潭鄉,3,364,3.29
80370,2022-08-20,苗栗縣,獅潭鄉,3,361,2.86
80755,2022-08-19,苗栗縣,獅潭鄉,3,358,2.43
81142,2022-08-18,苗栗縣,獅潭鄉,4,355,2.43
81530,2022-08-17,苗栗縣,獅潭鄉,4,351,2.14
81916,2022-08-16,苗栗縣,獅潭鄉,4,347,1.86
82303,2022-08-15,苗栗縣,獅潭鄉,2,343,1.57
83444,2022-08-12,苗栗縣,獅潭鄉,3,341,1.57
83829,2022-08-11,苗栗縣,獅潭鄉,2,338,1.14
84216,2022-08-10,苗栗縣,獅潭鄉,2,336,1.43
84599,2022-08-09,苗栗縣,獅潭鄉,2,334,1.57
84984,2022-08-08,苗栗縣,獅潭鄉,2,332,1.71
86508,2022-08-04,苗栗縣,獅潭鄉,4,330,2.86
86892,2022-08-03,苗栗縣,獅潭鄉,3,326,2.57
87276,2022-08-02,苗栗縣,獅潭鄉,3,323,2.71
87663,2022-08-01,苗栗縣,獅潭鄉,4,320,2.43
88043,2022-07-31,苗栗縣,獅潭鄉,2,316,2.29
88420,2022-07-30,苗栗縣,獅潭鄉,1,314,2.57
88803,2022-07-29,苗栗縣,獅潭鄉,3,313,2.43
89188,2022-07-28,苗栗縣,獅潭鄉,2,310,2.29
89577,2022-07-27,苗栗縣,獅潭鄉,4,308,2.00
89965,2022-07-26,苗栗縣,獅潭鄉,1,304,1.71
90353,2022-07-25,苗栗縣,獅潭鄉,3,303,1.57
90731,2022-07-24,苗栗縣,獅潭鄉,4,300,2.43
91498,2022-07-22,苗栗縣,獅潭鄉,2,296,2.00
92268,2022-07-20,苗栗縣,獅潭鄉,2,294,2.57
93046,2022-07-18,苗栗縣,獅潭鄉,9,292,3.29
93811,2022-07-16,苗栗縣,獅潭鄉,1,283,3.00
94199,2022-07-15,苗栗縣,獅潭鄉,2,282,3.29
94585,2022-07-14,苗栗縣,獅潭鄉,4,280,3.29
94974,2022-07-13,苗栗縣,獅潭鄉,4,276,3.14
95362,2022-07-12,苗栗縣,獅潭鄉,3,272,2.86
95750,2022-07-11,苗栗縣,獅潭鄉,6,269,2.86
96135,2022-07-10,苗栗縣,獅潭鄉,1,263,2.00
96522,2022-07-09,苗栗縣,獅潭鄉,3,262,1.86
96910,2022-07-08,苗栗縣,獅潭鄉,2,259,2.29
97301,2022-07-07,苗栗縣,獅潭鄉,3,257,2.57
97690,2022-07-06,苗栗縣,獅潭鄉,2,254,2.57
98080,2022-07-05,苗栗縣,獅潭鄉,3,252,2.86
99240,2022-07-02,苗栗縣,獅潭鄉,6,249,4.43
99632,2022-07-01,苗栗縣,獅潭鄉,4,243,3.86
100024,2022-06-30,苗栗縣,獅潭鄉,3,239,3.86
100415,2022-06-29,苗栗縣,獅潭鄉,4,236,3.71
100805,2022-06-28,苗栗縣,獅潭鄉,2,232,3.71
101196,2022-06-27,苗栗縣,獅潭鄉,9,230,3.71
101581,2022-06-26,苗栗縣,獅潭鄉,3,221,3.29
101968,2022-06-25,苗栗縣,獅潭鄉,2,218,3.43
102358,2022-06-24,苗栗縣,獅潭鄉,4,216,3.57
102750,2022-06-23,苗栗縣,獅潭鄉,2,212,4.00
103143,2022-06-22,苗栗縣,獅潭鄉,4,210,4.43
103532,2022-06-21,苗栗縣,獅潭鄉,2,206,4.71
103924,2022-06-20,苗栗縣,獅潭鄉,6,204,5.29
104314,2022-06-19,苗栗縣,獅潭鄉,4,198,5.71
104705,2022-06-18,苗栗縣,獅潭鄉,3,194,6.00
105096,2022-06-17,苗栗縣,獅潭鄉,7,191,6.57
105486,2022-06-16,苗栗縣,獅潭鄉,5,184,6.00
105876,2022-06-15,苗栗縣,獅潭鄉,6,179,6.71
106266,2022-06-14,苗栗縣,獅潭鄉,6,173,7.14
106658,2022-06-13,苗栗縣,獅潭鄉,9,167,7.14
107048,2022-06-12,苗栗縣,獅潭鄉,6,158,7.71
107435,2022-06-11,苗栗縣,獅潭鄉,7,152,7.71
107827,2022-06-10,苗栗縣,獅潭鄉,3,145,7.71
108216,2022-06-09,苗栗縣,獅潭鄉,10,142,8.43
108605,2022-06-08,苗栗縣,獅潭鄉,9,132,7.29
108995,2022-06-07,苗栗縣,獅潭鄉,6,123,6.86
109387,2022-06-06,苗栗縣,獅潭鄉,13,117,6.57
109777,2022-06-05,苗栗縣,獅潭鄉,6,104,5.29
110166,2022-06-04,苗栗縣,獅潭鄉,7,98,4.86
110556,2022-06-03,苗栗縣,獅潭鄉,8,91,4.29
110947,2022-06-02,苗栗縣,獅潭鄉,2,83,3.71
111337,2022-06-01,苗栗縣,獅潭鄉,6,81,4.57
111729,2022-05-31,苗栗縣,獅潭鄉,4,75,4.14
112120,2022-05-30,苗栗縣,獅潭鄉,4,71,3.86
112511,2022-05-29,苗栗縣,獅潭鄉,3,67,4.86
112901,2022-05-28,苗栗縣,獅潭鄉,3,64,4.43
113292,2022-05-27,苗栗縣,獅潭鄉,4,61,4.00
113682,2022-05-26,苗栗縣,獅潭鄉,8,57,3.86
114073,2022-05-25,苗栗縣,獅潭鄉,3,49,3.29
114463,2022-05-24,苗栗縣,獅潭鄉,2,46,3.14
114855,2022-05-23,苗栗縣,獅潭鄉,11,44,3.00
116022,2022-05-20,苗栗縣,獅潭鄉,3,33,2.57
116410,2022-05-19,苗栗縣,獅潭鄉,4,30,2.29
116798,2022-05-18,苗栗縣,獅潭鄉,2,26,2.29
117189,2022-05-17,苗栗縣,獅潭鄉,1,24,2.29
117577,2022-05-16,苗栗縣,獅潭鄉,2,23,2.14
117965,2022-05-15,苗栗縣,獅潭鄉,3,21,2.00
118349,2022-05-14,苗栗縣,獅潭鄉,3,18,1.71
118734,2022-05-13,苗栗縣,獅潭鄉,1,15,1.29
119122,2022-05-12,苗栗縣,獅潭鄉,4,14,1.29
119504,2022-05-11,苗栗縣,獅潭鄉,2,10,0.71
120273,2022-05-09,苗栗縣,獅潭鄉,1,8,0.86
120652,2022-05-08,苗栗縣,獅潭鄉,1,7,0.71
121415,2022-05-06,苗栗縣,獅潭鄉,1,6,0.57
122152,2022-05-04,苗栗縣,獅潭鄉,1,5,0.43
122516,2022-05-03,苗栗縣,獅潭鄉,2,4,0.29
125792,2022-04-22,苗栗縣,獅潭鄉,2,2,0.29
