UID,個案死亡日,縣市別,區域,新增死亡人數,累計死亡人數,七天移動平均新增死亡人數
47,2023-05-04,苗栗縣,全區,1,538,0.14
74,2023-04-18,苗栗縣,全區,1,537,0.14
116,2023-04-09,苗栗縣,全區,1,536,0.14
342,2023-03-24,苗栗縣,全區,1,535,1.14
366,2023-03-23,苗栗縣,全區,1,534,1.14
430,2023-03-21,苗栗縣,全區,2,533,1.00
461,2023-03-20,苗栗縣,全區,1,531,0.86
537,2023-03-18,苗栗縣,全區,3,530,1.14
581,2023-03-17,苗栗縣,全區,1,527,0.71
703,2023-03-14,苗栗縣,全區,1,526,1.14
748,2023-03-13,苗栗縣,全區,2,525,1.00
787,2023-03-12,苗栗縣,全區,1,523,0.86
879,2023-03-10,苗栗縣,全區,3,522,1.29
979,2023-03-08,苗栗縣,全區,1,519,1.14
1067,2023-03-06,苗栗縣,全區,1,518,1.14
1125,2023-03-05,苗栗縣,全區,3,517,1.43
1176,2023-03-04,苗栗縣,全區,1,514,1.14
1235,2023-03-03,苗栗縣,全區,1,513,1.29
1287,2023-03-02,苗栗縣,全區,1,512,1.57
1390,2023-02-28,苗栗縣,全區,1,511,2.00
1445,2023-02-27,苗栗縣,全區,3,510,2.14
1507,2023-02-26,苗栗縣,全區,1,507,2.00
1567,2023-02-25,苗栗縣,全區,2,506,2.00
1622,2023-02-24,苗栗縣,全區,3,504,1.86
1678,2023-02-23,苗栗縣,全區,4,501,2.14
1805,2023-02-21,苗栗縣,全區,2,497,2.00
1858,2023-02-20,苗栗縣,全區,2,495,2.29
1914,2023-02-19,苗栗縣,全區,1,493,2.00
1969,2023-02-18,苗栗縣,全區,1,492,2.43
2024,2023-02-17,苗栗縣,全區,5,491,2.57
2084,2023-02-16,苗栗縣,全區,1,486,2.00
2146,2023-02-15,苗栗縣,全區,2,485,1.86
2210,2023-02-14,苗栗縣,全區,4,483,1.71
2338,2023-02-12,苗栗縣,全區,4,479,1.57
2404,2023-02-11,苗栗縣,全區,2,475,1.57
2468,2023-02-10,苗栗縣,全區,1,473,1.57
2601,2023-02-08,苗栗縣,全區,1,472,2.00
2683,2023-02-07,苗栗縣,全區,2,471,2.29
2743,2023-02-06,苗栗縣,全區,1,469,2.14
2807,2023-02-05,苗栗縣,全區,4,468,2.29
2862,2023-02-04,苗栗縣,全區,2,464,2.00
2917,2023-02-03,苗栗縣,全區,2,462,1.71
2981,2023-02-02,苗栗縣,全區,2,460,1.57
3054,2023-02-01,苗栗縣,全區,3,458,1.57
3120,2023-01-31,苗栗縣,全區,1,455,1.29
3171,2023-01-30,苗栗縣,全區,2,454,1.29
3232,2023-01-29,苗栗縣,全區,2,452,1.14
3338,2023-01-27,苗栗縣,全區,1,450,1.00
3390,2023-01-26,苗栗縣,全區,2,449,1.43
3444,2023-01-25,苗栗縣,全區,1,447,1.57
3501,2023-01-24,苗栗縣,全區,1,446,1.57
3551,2023-01-23,苗栗縣,全區,1,445,1.71
3605,2023-01-22,苗栗縣,全區,1,444,1.71
3691,2023-01-20,苗栗縣,全區,4,443,1.86
3742,2023-01-19,苗栗縣,全區,3,439,1.57
3792,2023-01-18,苗栗縣,全區,1,436,1.14
3829,2023-01-17,苗栗縣,全區,2,435,1.14
3884,2023-01-16,苗栗縣,全區,1,433,1.29
3936,2023-01-15,苗栗縣,全區,1,432,1.14
3996,2023-01-14,苗栗縣,全區,1,431,1.29
4053,2023-01-13,苗栗縣,全區,2,430,1.43
4139,2023-01-11,苗栗縣,全區,1,428,1.43
4188,2023-01-10,苗栗縣,全區,3,427,1.29
4289,2023-01-08,苗栗縣,全區,2,424,1.29
4338,2023-01-07,苗栗縣,全區,2,422,1.29
4436,2023-01-05,苗栗縣,全區,2,420,1.29
4538,2023-01-03,苗栗縣,全區,1,418,1.00
4596,2023-01-02,苗栗縣,全區,2,417,1.14
4653,2023-01-01,苗栗縣,全區,2,415,1.14
4703,2022-12-31,苗栗縣,全區,1,413,1.14
4758,2022-12-30,苗栗縣,全區,1,412,1.14
4872,2022-12-27,苗栗縣,全區,2,411,1.43
4923,2022-12-26,苗栗縣,全區,2,409,1.29
4960,2022-12-25,苗栗縣,全區,2,407,1.00
4997,2022-12-24,苗栗縣,全區,1,405,0.86
5030,2022-12-23,苗栗縣,全區,2,404,0.71
5065,2022-12-22,苗栗縣,全區,1,402,0.57
5139,2022-12-20,苗栗縣,全區,1,401,0.71
5215,2022-12-18,苗栗縣,全區,1,400,0.86
5289,2022-12-16,苗栗縣,全區,1,399,0.86
5371,2022-12-14,苗栗縣,全區,2,398,1.14
5411,2022-12-13,苗栗縣,全區,2,396,1.00
5473,2022-12-11,苗栗縣,全區,1,394,0.86
5545,2022-12-09,苗栗縣,全區,1,393,0.71
5586,2022-12-08,苗栗縣,全區,2,392,0.86
5634,2022-12-07,苗栗縣,全區,1,390,0.86
5710,2022-12-05,苗栗縣,全區,1,389,0.86
5818,2022-12-02,苗栗縣,全區,2,388,1.14
5859,2022-12-01,苗栗縣,全區,2,386,1.00
5897,2022-11-30,苗栗縣,全區,1,384,1.00
6009,2022-11-27,苗栗縣,全區,2,383,1.57
6042,2022-11-26,苗栗縣,全區,1,381,1.57
6089,2022-11-25,苗栗縣,全區,1,380,1.43
6132,2022-11-24,苗栗縣,全區,2,379,1.29
6178,2022-11-23,苗栗縣,全區,2,377,1.43
6271,2022-11-21,苗栗縣,全區,3,375,1.14
6321,2022-11-20,苗栗縣,全區,2,372,0.71
6470,2022-11-17,苗栗縣,全區,3,370,1.00
6668,2022-11-13,苗栗縣,全區,2,367,1.29
6728,2022-11-12,苗栗縣,全區,1,365,1.14
6790,2022-11-11,苗栗縣,全區,1,364,1.29
6848,2022-11-10,苗栗縣,全區,2,363,1.14
6973,2022-11-08,苗栗縣,全區,3,361,1.14
7089,2022-11-06,苗栗縣,全區,1,358,1.00
7144,2022-11-05,苗栗縣,全區,2,357,0.86
7316,2022-11-02,苗栗縣,全區,2,355,1.29
7381,2022-11-01,苗栗縣,全區,1,353,1.14
7453,2022-10-31,苗栗縣,全區,1,352,1.14
7570,2022-10-29,苗栗縣,全區,1,351,1.29
7640,2022-10-28,苗栗縣,全區,1,350,1.43
7707,2022-10-27,苗栗縣,全區,3,349,1.86
7779,2022-10-26,苗栗縣,全區,1,346,1.71
7848,2022-10-25,苗栗縣,全區,1,345,2.14
7920,2022-10-24,苗栗縣,全區,2,344,2.29
8065,2022-10-22,苗栗縣,全區,2,342,2.86
8132,2022-10-21,苗栗縣,全區,4,340,2.71
8211,2022-10-20,苗栗縣,全區,2,336,2.43
8285,2022-10-19,苗栗縣,全區,4,334,2.71
8346,2022-10-18,苗栗縣,全區,2,330,2.29
8498,2022-10-16,苗栗縣,全區,6,328,2.71
8559,2022-10-15,苗栗縣,全區,1,322,2.14
8627,2022-10-14,苗栗縣,全區,2,321,2.00
8704,2022-10-13,苗栗縣,全區,4,319,2.00
8775,2022-10-12,苗栗縣,全區,1,315,2.00
8844,2022-10-11,苗栗縣,全區,2,314,2.43
8907,2022-10-10,苗栗縣,全區,3,312,2.43
8983,2022-10-09,苗栗縣,全區,2,309,2.14
9099,2022-10-07,苗栗縣,全區,2,307,2.29
9167,2022-10-06,苗栗縣,全區,4,305,2.14
9228,2022-10-05,苗栗縣,全區,4,301,2.00
9311,2022-10-04,苗栗縣,全區,2,297,1.43
9378,2022-10-03,苗栗縣,全區,1,295,1.43
9453,2022-10-02,苗栗縣,全區,1,294,1.43
9516,2022-10-01,苗栗縣,全區,2,293,1.57
9573,2022-09-30,苗栗縣,全區,1,291,1.43
9634,2022-09-29,苗栗縣,全區,3,290,1.57
9748,2022-09-27,苗栗縣,全區,2,287,2.00
9815,2022-09-26,苗栗縣,全區,1,285,1.86
9872,2022-09-25,苗栗縣,全區,2,284,1.86
9931,2022-09-24,苗栗縣,全區,1,282,1.71
9983,2022-09-23,苗栗縣,全區,2,281,2.00
10049,2022-09-22,苗栗縣,全區,3,279,2.14
10113,2022-09-21,苗栗縣,全區,3,276,2.00
10165,2022-09-20,苗栗縣,全區,1,273,1.71
10207,2022-09-19,苗栗縣,全區,1,272,1.71
10261,2022-09-18,苗栗縣,全區,1,271,1.71
10308,2022-09-17,苗栗縣,全區,3,270,1.57
10370,2022-09-16,苗栗縣,全區,3,267,1.14
10430,2022-09-15,苗栗縣,全區,2,264,1.00
10486,2022-09-14,苗栗縣,全區,1,262,1.00
10540,2022-09-13,苗栗縣,全區,1,261,1.00
10594,2022-09-12,苗栗縣,全區,1,260,1.57
10746,2022-09-09,苗栗縣,全區,2,259,2.14
10790,2022-09-08,苗栗縣,全區,2,257,1.86
10840,2022-09-07,苗栗縣,全區,1,255,1.71
10872,2022-09-06,苗栗縣,全區,5,254,1.57
10915,2022-09-05,苗栗縣,全區,1,249,1.57
10962,2022-09-04,苗栗縣,全區,4,248,2.00
11088,2022-09-01,苗栗縣,全區,1,244,2.00
11166,2022-08-30,苗栗縣,全區,5,243,2.29
11215,2022-08-29,苗栗縣,全區,4,238,1.71
11257,2022-08-28,苗栗縣,全區,1,234,1.57
11295,2022-08-27,苗栗縣,全區,2,233,1.86
11332,2022-08-26,苗栗縣,全區,1,231,1.57
11368,2022-08-25,苗栗縣,全區,3,230,1.57
11442,2022-08-23,苗栗縣,全區,1,227,1.43
11482,2022-08-22,苗栗縣,全區,3,226,1.29
11524,2022-08-21,苗栗縣,全區,3,223,1.29
11591,2022-08-19,苗栗縣,全區,1,220,1.00
11625,2022-08-18,苗栗縣,全區,1,219,0.86
11659,2022-08-17,苗栗縣,全區,1,218,0.71
11726,2022-08-15,苗栗縣,全區,3,217,0.71
11807,2022-08-13,苗栗縣,全區,1,214,0.43
11955,2022-08-09,苗栗縣,全區,1,213,1.43
12051,2022-08-07,苗栗縣,全區,1,212,1.57
12082,2022-08-06,苗栗縣,全區,3,211,1.57
12127,2022-08-05,苗栗縣,全區,2,208,1.14
12164,2022-08-04,苗栗縣,全區,1,206,1.00
12210,2022-08-03,苗栗縣,全區,2,205,1.00
12256,2022-08-02,苗栗縣,全區,1,203,0.71
12311,2022-08-01,苗栗縣,全區,1,202,0.86
12359,2022-07-31,苗栗縣,全區,1,201,0.71
12458,2022-07-29,苗栗縣,全區,1,200,1.00
12517,2022-07-28,苗栗縣,全區,1,199,0.86
12624,2022-07-26,苗栗縣,全區,2,198,1.29
12742,2022-07-24,苗栗縣,全區,2,196,1.86
12798,2022-07-23,苗栗縣,全區,1,194,1.71
12967,2022-07-20,苗栗縣,全區,4,193,2.86
13027,2022-07-19,苗栗縣,全區,2,189,3.00
13096,2022-07-18,苗栗縣,全區,4,187,2.86
13151,2022-07-17,苗栗縣,全區,1,183,2.43
13221,2022-07-16,苗栗縣,全區,4,182,2.43
13293,2022-07-15,苗栗縣,全區,2,178,1.86
13362,2022-07-14,苗栗縣,全區,3,176,1.86
13426,2022-07-13,苗栗縣,全區,5,173,1.86
13503,2022-07-12,苗栗縣,全區,1,168,1.57
13577,2022-07-11,苗栗縣,全區,1,167,1.57
13645,2022-07-10,苗栗縣,全區,1,166,1.57
13781,2022-07-08,苗栗縣,全區,2,165,2.14
13849,2022-07-07,苗栗縣,全區,3,163,2.43
13935,2022-07-06,苗栗縣,全區,3,160,2.29
14022,2022-07-05,苗栗縣,全區,1,157,2.29
14109,2022-07-04,苗栗縣,全區,1,156,2.29
14211,2022-07-03,苗栗縣,全區,2,155,2.71
14294,2022-07-02,苗栗縣,全區,3,153,2.71
14381,2022-07-01,苗栗縣,全區,4,150,2.71
14473,2022-06-30,苗栗縣,全區,2,146,2.86
14581,2022-06-29,苗栗縣,全區,3,144,2.86
14672,2022-06-28,苗栗縣,全區,1,141,2.86
14767,2022-06-27,苗栗縣,全區,4,140,3.00
14878,2022-06-26,苗栗縣,全區,2,136,3.14
14974,2022-06-25,苗栗縣,全區,3,134,3.43
15064,2022-06-24,苗栗縣,全區,5,131,4.00
15158,2022-06-23,苗栗縣,全區,2,126,3.86
15280,2022-06-22,苗栗縣,全區,3,124,3.71
15389,2022-06-21,苗栗縣,全區,2,121,3.57
15504,2022-06-20,苗栗縣,全區,5,119,3.71
15610,2022-06-19,苗栗縣,全區,4,114,3.57
15729,2022-06-18,苗栗縣,全區,7,110,3.43
15855,2022-06-17,苗栗縣,全區,4,103,3.00
15987,2022-06-16,苗栗縣,全區,1,99,2.71
16106,2022-06-15,苗栗縣,全區,2,98,3.29
16239,2022-06-14,苗栗縣,全區,3,96,3.57
16369,2022-06-13,苗栗縣,全區,4,93,3.71
16491,2022-06-12,苗栗縣,全區,3,89,3.43
16611,2022-06-11,苗栗縣,全區,4,86,3.86
16743,2022-06-10,苗栗縣,全區,2,82,3.86
16851,2022-06-09,苗栗縣,全區,5,80,4.29
16975,2022-06-08,苗栗縣,全區,4,75,3.86
17107,2022-06-07,苗栗縣,全區,4,71,3.29
17236,2022-06-06,苗栗縣,全區,2,67,3.29
17358,2022-06-05,苗栗縣,全區,6,65,3.43
17466,2022-06-04,苗栗縣,全區,4,59,3.14
17593,2022-06-03,苗栗縣,全區,5,55,3.43
17713,2022-06-02,苗栗縣,全區,2,50,2.71
17956,2022-05-31,苗栗縣,全區,4,48,3.86
18083,2022-05-30,苗栗縣,全區,3,44,3.86
18208,2022-05-29,苗栗縣,全區,4,41,3.71
18313,2022-05-28,苗栗縣,全區,6,37,3.43
18514,2022-05-26,苗栗縣,全區,6,31,3.00
18613,2022-05-25,苗栗縣,全區,4,25,2.29
18707,2022-05-24,苗栗縣,全區,4,21,1.86
18800,2022-05-23,苗栗縣,全區,2,17,1.57
18891,2022-05-22,苗栗縣,全區,2,15,1.29
18979,2022-05-21,苗栗縣,全區,1,13,1.14
19060,2022-05-20,苗栗縣,全區,2,12,1.14
19132,2022-05-19,苗栗縣,全區,1,10,1.00
19202,2022-05-18,苗栗縣,全區,1,9,0.86
19271,2022-05-17,苗栗縣,全區,2,8,0.71
19387,2022-05-15,苗栗縣,全區,1,6,0.43
19447,2022-05-14,苗栗縣,全區,1,5,0.29
19493,2022-05-13,苗栗縣,全區,1,4,0.14
20091,2021-07-12,苗栗縣,全區,1,3,0.29
20136,2021-07-07,苗栗縣,全區,1,2,0.14
20237,2021-06-27,苗栗縣,全區,1,1,0.14
