UID,個案研判日,縣市別,區域,新增確診人數,累計確診人數,七天移動平均新增確診人數
862,2023-03-20,連江縣,東引鄉,2,661,0.57
2937,2023-03-14,連江縣,東引鄉,2,659,0.43
3294,2023-03-13,連江縣,東引鄉,1,657,0.14
6835,2023-03-03,連江縣,東引鄉,2,656,0.57
8291,2023-02-27,連江縣,東引鄉,1,654,0.71
8638,2023-02-26,連江縣,東引鄉,1,653,0.71
10110,2023-02-22,連江縣,東引鄉,2,652,0.57
10481,2023-02-21,連江縣,東引鄉,1,650,0.29
10856,2023-02-20,連江縣,東引鄉,1,649,0.14
13454,2023-02-13,連江縣,東引鄉,3,648,0.43
17203,2023-02-03,連江縣,東引鄉,1,645,0.14
19872,2023-01-27,連江縣,東引鄉,1,644,0.29
21724,2023-01-22,連江縣,東引鄉,1,643,0.86
22462,2023-01-20,連江縣,東引鄉,2,642,0.71
22832,2023-01-19,連江縣,東引鄉,1,640,0.43
23204,2023-01-18,連江縣,東引鄉,1,639,0.29
23944,2023-01-16,連江縣,東引鄉,1,638,0.29
25796,2023-01-11,連江縣,東引鄉,1,637,0.57
26547,2023-01-09,連江縣,東引鄉,2,636,0.57
28031,2023-01-05,連江縣,東引鄉,1,634,0.86
28793,2023-01-03,連江縣,東引鄉,1,633,1.14
30268,2022-12-30,連江縣,東引鄉,4,632,1.71
31012,2022-12-28,連江縣,東引鄉,3,628,2.00
31388,2022-12-27,連江縣,東引鄉,1,625,1.86
31760,2022-12-26,連江縣,東引鄉,3,624,1.71
32116,2022-12-25,連江縣,東引鄉,1,621,1.43
32837,2022-12-23,連江縣,東引鄉,1,620,1.29
33206,2022-12-22,連江縣,東引鄉,5,619,1.71
33576,2022-12-21,連江縣,東引鄉,2,614,1.14
34309,2022-12-19,連江縣,東引鄉,1,612,0.86
35384,2022-12-16,連江縣,東引鄉,4,611,0.86
35752,2022-12-15,連江縣,東引鄉,1,607,0.29
37209,2022-12-11,連江縣,東引鄉,1,606,0.86
39057,2022-12-06,連江縣,東引鄉,5,605,0.71
41660,2022-11-29,連江縣,東引鄉,1,600,1.71
42039,2022-11-28,連江縣,東引鄉,4,599,1.57
42757,2022-11-26,連江縣,東引鄉,2,595,1.14
43129,2022-11-25,連江縣,東引鄉,4,593,1.14
43498,2022-11-24,連江縣,東引鄉,1,589,0.57
44621,2022-11-21,連江縣,東引鄉,1,588,0.57
45361,2022-11-19,連江縣,東引鄉,2,587,0.57
46104,2022-11-17,連江縣,東引鄉,1,585,0.29
47245,2022-11-14,連江縣,東引鄉,1,584,1.29
48754,2022-11-10,連江縣,東引鄉,6,583,3.00
49138,2022-11-09,連江縣,東引鄉,1,577,2.14
49523,2022-11-08,連江縣,東引鄉,1,576,2.14
49907,2022-11-07,連江縣,東引鄉,3,575,2.14
50279,2022-11-06,連江縣,東引鄉,2,572,2.14
50651,2022-11-05,連江縣,東引鄉,1,570,1.86
51037,2022-11-04,連江縣,東引鄉,7,569,1.71
51802,2022-11-02,連江縣,東引鄉,1,562,0.86
52190,2022-11-01,連江縣,東引鄉,1,561,1.14
52571,2022-10-31,連江縣,東引鄉,3,560,1.14
53717,2022-10-28,連江縣,東引鄉,1,557,1.43
54487,2022-10-26,連江縣,東引鄉,3,556,1.86
54875,2022-10-25,連江縣,東引鄉,1,553,1.86
55265,2022-10-24,連江縣,東引鄉,2,552,2.29
56030,2022-10-22,連江縣,東引鄉,3,550,2.71
56418,2022-10-21,連江縣,東引鄉,3,547,2.29
56804,2022-10-20,連江縣,東引鄉,1,544,2.43
57191,2022-10-19,連江縣,東引鄉,3,543,2.43
57579,2022-10-18,連江縣,東引鄉,4,540,2.71
57969,2022-10-17,連江縣,東引鄉,4,536,3.00
58355,2022-10-16,連江縣,東引鄉,1,532,2.43
59129,2022-10-14,連江縣,東引鄉,4,531,2.57
59518,2022-10-13,連江縣,東引鄉,1,527,2.00
59908,2022-10-12,連江縣,東引鄉,5,526,2.29
60299,2022-10-11,連江縣,東引鄉,6,521,1.57
61070,2022-10-09,連江縣,東引鄉,1,515,1.14
61459,2022-10-08,連江縣,東引鄉,1,514,1.00
62237,2022-10-06,連江縣,東引鄉,3,513,0.86
63013,2022-10-04,連江縣,東引鄉,3,510,0.71
64945,2022-09-29,連江縣,東引鄉,1,507,3.43
65333,2022-09-28,連江縣,東引鄉,1,506,3.86
65722,2022-09-27,連江縣,東引鄉,2,505,4.71
66108,2022-09-26,連江縣,東引鄉,12,503,4.71
66493,2022-09-25,連江縣,東引鄉,2,491,5.00
66877,2022-09-24,連江縣,東引鄉,6,489,5.29
67652,2022-09-22,連江縣,東引鄉,4,483,5.00
68040,2022-09-21,連江縣,東引鄉,7,479,5.29
68429,2022-09-20,連江縣,東引鄉,2,472,5.14
68820,2022-09-19,連江縣,東引鄉,14,470,5.86
69204,2022-09-18,連江縣,東引鄉,4,456,4.57
69589,2022-09-17,連江縣,東引鄉,2,452,4.71
69977,2022-09-16,連江縣,東引鄉,2,450,4.43
70363,2022-09-15,連江縣,東引鄉,6,448,4.14
70748,2022-09-14,連江縣,東引鄉,6,442,4.14
71136,2022-09-13,連江縣,東引鄉,7,436,3.71
71526,2022-09-12,連江縣,東引鄉,5,429,3.00
71911,2022-09-11,連江縣,東引鄉,5,424,2.57
73059,2022-09-08,連江縣,東引鄉,6,419,2.29
73447,2022-09-07,連江縣,東引鄉,3,413,1.71
73830,2022-09-06,連江縣,東引鄉,2,410,1.57
74217,2022-09-05,連江縣,東引鄉,2,408,2.43
74600,2022-09-04,連江縣,東引鄉,2,406,2.29
74987,2022-09-03,連江縣,東引鄉,1,404,2.43
75761,2022-09-01,連江縣,東引鄉,2,403,3.00
76148,2022-08-31,連江縣,東引鄉,2,401,4.14
76536,2022-08-30,連江縣,東引鄉,8,399,4.00
76925,2022-08-29,連江縣,東引鄉,1,391,2.86
77307,2022-08-28,連江縣,東引鄉,3,390,3.57
77695,2022-08-27,連江縣,東引鄉,2,387,3.14
78080,2022-08-26,連江縣,東引鄉,3,385,3.14
78467,2022-08-25,連江縣,東引鄉,10,382,4.57
78851,2022-08-24,連江縣,東引鄉,1,372,3.57
79624,2022-08-22,連江縣,東引鄉,6,371,4.14
80385,2022-08-20,連江縣,東引鄉,2,365,4.00
80771,2022-08-19,連江縣,東引鄉,13,363,4.00
81158,2022-08-18,連江縣,東引鄉,3,350,2.57
81545,2022-08-17,連江縣,東引鄉,1,347,2.43
81930,2022-08-16,連江縣,東引鄉,4,346,2.71
82318,2022-08-15,連江縣,東引鄉,5,342,2.29
83074,2022-08-13,連江縣,東引鄉,2,337,1.57
83458,2022-08-12,連江縣,東引鄉,3,335,1.29
83844,2022-08-11,連江縣,東引鄉,2,332,0.86
84232,2022-08-10,連江縣,東引鄉,3,330,0.57
84614,2022-08-09,連江縣,東引鄉,1,327,0.14
89592,2022-07-27,連江縣,東引鄉,1,326,0.57
90368,2022-07-25,連江縣,東引鄉,2,325,0.57
91514,2022-07-22,連江縣,東引鄉,1,323,0.57
92284,2022-07-20,連江縣,東引鄉,1,322,0.86
93061,2022-07-18,連江縣,東引鄉,1,321,1.29
93440,2022-07-17,連江縣,東引鄉,1,320,3.29
94214,2022-07-15,連江縣,東引鄉,3,319,3.43
94989,2022-07-13,連江縣,東引鄉,3,316,4.00
95377,2022-07-12,連江縣,東引鄉,1,313,3.71
95766,2022-07-11,連江縣,東引鄉,15,312,4.29
96150,2022-07-10,連江縣,東引鄉,1,297,3.57
96537,2022-07-09,連江縣,東引鄉,1,296,4.43
96925,2022-07-08,連江縣,東引鄉,1,295,5.00
97316,2022-07-07,連江縣,東引鄉,6,294,5.57
97706,2022-07-06,連江縣,東引鄉,1,288,5.86
98095,2022-07-05,連江縣,東引鄉,5,287,5.71
98483,2022-07-04,連江縣,東引鄉,10,282,5.14
98871,2022-07-03,連江縣,東引鄉,7,272,3.71
99256,2022-07-02,連江縣,東引鄉,5,265,3.00
99648,2022-07-01,連江縣,東引鄉,5,260,3.29
100040,2022-06-30,連江縣,東引鄉,8,255,3.00
100820,2022-06-28,連江縣,東引鄉,1,247,3.29
101595,2022-06-26,連江縣,東引鄉,2,246,7.00
101984,2022-06-25,連江縣,東引鄉,7,244,7.43
102374,2022-06-24,連江縣,東引鄉,3,237,7.29
102766,2022-06-23,連江縣,東引鄉,10,234,8.14
103548,2022-06-21,連江縣,東引鄉,20,224,10.29
103940,2022-06-20,連江縣,東引鄉,7,204,9.71
104329,2022-06-19,連江縣,東引鄉,5,197,9.43
104721,2022-06-18,連江縣,東引鄉,6,192,8.71
105112,2022-06-17,連江縣,東引鄉,9,186,10.29
105502,2022-06-16,連江縣,東引鄉,20,177,10.14
105892,2022-06-15,連江縣,東引鄉,5,157,7.71
106282,2022-06-14,連江縣,東引鄉,16,152,7.00
106674,2022-06-13,連江縣,東引鄉,5,136,6.57
107451,2022-06-11,連江縣,東引鄉,17,131,6.57
107842,2022-06-10,連江縣,東引鄉,8,114,4.14
108231,2022-06-09,連江縣,東引鄉,3,106,3.43
109011,2022-06-07,連江縣,東引鄉,13,103,4.57
109792,2022-06-05,連江縣,東引鄉,5,90,3.43
110572,2022-06-03,連江縣,東引鄉,3,85,4.14
110963,2022-06-02,連江縣,東引鄉,3,82,6.14
111353,2022-06-01,連江縣,東引鄉,8,79,6.00
111745,2022-05-31,連江縣,東引鄉,5,71,4.86
112527,2022-05-29,連江縣,東引鄉,3,66,5.29
112916,2022-05-28,連江縣,東引鄉,7,63,5.00
113308,2022-05-27,連江縣,東引鄉,17,56,4.71
113698,2022-05-26,連江縣,東引鄉,2,39,2.29
114479,2022-05-24,連江縣,東引鄉,5,37,2.71
114871,2022-05-23,連江縣,東引鄉,3,32,2.14
115261,2022-05-22,連江縣,東引鄉,1,29,1.86
115651,2022-05-21,連江縣,東引鄉,5,28,1.71
116814,2022-05-18,連江縣,東引鄉,5,23,1.71
117204,2022-05-17,連江縣,東引鄉,1,18,1.00
117591,2022-05-16,連江縣,東引鄉,1,17,1.14
118749,2022-05-13,連江縣,東引鄉,2,16,1.29
119134,2022-05-12,連江縣,東引鄉,3,14,1.00
119905,2022-05-10,連江縣,東引鄉,2,11,1.14
120666,2022-05-08,連江縣,東引鄉,1,9,0.86
121050,2022-05-07,連江縣,東引鄉,1,8,0.71
121800,2022-05-05,連江縣,東引鄉,3,7,0.57
122165,2022-05-04,連江縣,東引鄉,1,4,0.14
124776,2022-04-26,連江縣,東引鄉,3,3,0.43
