UID,個案研判日,縣市別,區域,新增確診人數,累計確診人數,七天移動平均新增確診人數
569,2023-03-21,金門縣,全區,1,27035,18.29
805,2023-03-20,金門縣,全區,11,27034,23.29
1109,2023-03-19,金門縣,全區,8,27023,27.86
1444,2023-03-18,金門縣,全區,27,27015,32.00
1789,2023-03-17,金門縣,全區,30,26988,31.57
2142,2023-03-16,金門縣,全區,24,26958,32.57
2495,2023-03-15,金門縣,全區,27,26934,34.29
2845,2023-03-14,金門縣,全區,36,26907,36.00
3202,2023-03-13,金門縣,全區,43,26871,35.14
3557,2023-03-12,金門縣,全區,37,26828,36.00
3907,2023-03-11,金門縣,全區,24,26791,35.14
4257,2023-03-10,金門縣,全區,37,26767,36.71
4614,2023-03-09,金門縣,全區,36,26730,35.29
4970,2023-03-08,金門縣,全區,39,26694,33.57
5326,2023-03-07,金門縣,全區,30,26655,32.71
5689,2023-03-06,金門縣,全區,49,26625,31.43
6047,2023-03-05,金門縣,全區,31,26576,28.86
6388,2023-03-04,金門縣,全區,35,26545,26.29
6742,2023-03-03,金門縣,全區,27,26510,24.86
7104,2023-03-02,金門縣,全區,24,26483,25.14
7466,2023-03-01,金門縣,全區,33,26459,26.14
7837,2023-02-28,金門縣,全區,21,26426,25.43
8203,2023-02-27,金門縣,全區,31,26405,26.43
8553,2023-02-26,金門縣,全區,13,26374,25.71
8907,2023-02-25,金門縣,全區,25,26361,27.43
9276,2023-02-24,金門縣,全區,29,26336,28.43
9638,2023-02-23,金門縣,全區,31,26307,29.71
10009,2023-02-22,金門縣,全區,28,26276,29.71
10381,2023-02-21,金門縣,全區,28,26248,31.29
10754,2023-02-20,金門縣,全區,26,26220,32.14
11127,2023-02-19,金門縣,全區,25,26194,35.57
11489,2023-02-18,金門縣,全區,32,26169,36.14
11855,2023-02-17,金門縣,全區,38,26137,38.00
12230,2023-02-16,金門縣,全區,31,26099,36.14
12604,2023-02-15,金門縣,全區,39,26068,36.71
12979,2023-02-14,金門縣,全區,34,26029,36.86
13350,2023-02-13,金門縣,全區,50,25995,38.71
13726,2023-02-12,金門縣,全區,29,25945,39.57
14087,2023-02-11,金門縣,全區,45,25916,41.43
14456,2023-02-10,金門縣,全區,25,25871,42.43
14830,2023-02-09,金門縣,全區,35,25846,47.57
15209,2023-02-08,金門縣,全區,40,25811,52.00
15587,2023-02-07,金門縣,全區,47,25771,58.00
15967,2023-02-06,金門縣,全區,56,25724,62.00
16343,2023-02-05,金門縣,全區,42,25668,69.86
16717,2023-02-04,金門縣,全區,52,25626,77.00
17096,2023-02-03,金門縣,全區,61,25574,83.57
17482,2023-02-02,金門縣,全區,66,25513,87.14
17863,2023-02-01,金門縣,全區,82,25447,87.86
18243,2023-01-31,金門縣,全區,75,25365,87.57
18628,2023-01-30,金門縣,全區,111,25290,84.00
19014,2023-01-29,金門縣,全區,92,25179,77.86
19392,2023-01-28,金門縣,全區,98,25087,65.71
19768,2023-01-27,金門縣,全區,86,24989,59.71
20149,2023-01-26,金門縣,全區,71,24903,60.71
20520,2023-01-25,金門縣,全區,80,24832,57.86
20888,2023-01-24,金門縣,全區,50,24752,54.14
21261,2023-01-23,金門縣,全區,68,24702,57.29
21629,2023-01-22,金門縣,全區,7,24634,54.86
21997,2023-01-21,金門縣,全區,56,24627,59.86
22370,2023-01-20,金門縣,全區,93,24571,61.86
22735,2023-01-19,金門縣,全區,51,24478,59.43
23108,2023-01-18,金門縣,全區,54,24427,62.71
23473,2023-01-17,金門縣,全區,72,24373,65.29
23841,2023-01-16,金門縣,全區,51,24301,64.43
24219,2023-01-15,金門縣,全區,42,24250,70.00
24582,2023-01-14,金門縣,全區,70,24208,74.57
24949,2023-01-13,金門縣,全區,76,24138,77.14
25320,2023-01-12,金門縣,全區,74,24062,77.43
25693,2023-01-11,金門縣,全區,72,23988,81.71
26070,2023-01-10,金門縣,全區,66,23916,88.14
26443,2023-01-09,金門縣,全區,90,23850,93.14
26817,2023-01-08,金門縣,全區,74,23760,99.71
27177,2023-01-07,金門縣,全區,88,23686,97.14
27551,2023-01-06,金門縣,全區,78,23598,98.71
27927,2023-01-05,金門縣,全區,104,23520,102.14
28306,2023-01-04,金門縣,全區,117,23416,101.14
28688,2023-01-03,金門縣,全區,101,23299,101.29
29068,2023-01-02,金門縣,全區,136,23198,101.71
29440,2023-01-01,金門縣,全區,56,23062,98.29
29800,2022-12-31,金門縣,全區,99,23006,99.57
30168,2022-12-30,金門縣,全區,102,22907,96.29
30542,2022-12-29,金門縣,全區,97,22805,93.14
30913,2022-12-28,金門縣,全區,118,22708,89.71
31283,2022-12-27,金門縣,全區,104,22590,87.14
31658,2022-12-26,金門縣,全區,112,22486,83.00
32026,2022-12-25,金門縣,全區,65,22374,79.57
32385,2022-12-24,金門縣,全區,76,22309,76.43
32743,2022-12-23,金門縣,全區,80,22233,74.29
33111,2022-12-22,金門縣,全區,73,22153,73.14
33476,2022-12-21,金門縣,全區,100,22080,70.86
33843,2022-12-20,金門縣,全區,75,21980,64.57
34209,2022-12-19,金門縣,全區,88,21905,65.57
34575,2022-12-18,金門縣,全區,43,21817,65.14
34926,2022-12-17,金門縣,全區,61,21774,65.43
35288,2022-12-16,金門縣,全區,72,21713,63.29
35651,2022-12-15,金門縣,全區,57,21641,63.14
36021,2022-12-14,金門縣,全區,56,21584,61.86
36380,2022-12-13,金門縣,全區,82,21528,62.71
36760,2022-12-12,金門縣,全區,85,21446,59.86
37122,2022-12-11,金門縣,全區,45,21361,59.57
37481,2022-12-10,金門縣,全區,46,21316,56.86
37848,2022-12-09,金門縣,全區,71,21270,56.57
38215,2022-12-08,金門縣,全區,48,21199,54.14
38589,2022-12-07,金門縣,全區,62,21151,54.14
38956,2022-12-06,金門縣,全區,62,21089,52.57
39332,2022-12-05,金門縣,全區,83,21027,52.43
39707,2022-12-04,金門縣,全區,26,20944,50.29
40075,2022-12-03,金門縣,全區,44,20918,50.29
40443,2022-12-02,金門縣,全區,54,20874,47.43
40810,2022-12-01,金門縣,全區,48,20820,43.86
41182,2022-11-30,金門縣,全區,51,20772,39.14
41556,2022-11-29,金門縣,全區,61,20721,35.57
41934,2022-11-28,金門縣,全區,68,20660,30.71
42311,2022-11-27,金門縣,全區,26,20592,26.71
42667,2022-11-26,金門縣,全區,24,20566,27.00
43030,2022-11-25,金門縣,全區,29,20542,31.43
43399,2022-11-24,金門縣,全區,15,20513,33.14
43767,2022-11-23,金門縣,全區,26,20498,35.43
44140,2022-11-22,金門縣,全區,27,20472,36.43
44518,2022-11-21,金門縣,全區,40,20445,38.14
44896,2022-11-20,金門縣,全區,28,20405,39.86
45263,2022-11-19,金門縣,全區,55,20377,39.71
45634,2022-11-18,金門縣,全區,41,20322,38.86
46008,2022-11-17,金門縣,全區,31,20281,39.57
46382,2022-11-16,金門縣,全區,33,20250,41.00
46763,2022-11-15,金門縣,全區,39,20217,44.29
47141,2022-11-14,金門縣,全區,52,20178,45.43
47519,2022-11-13,金門縣,全區,27,20126,49.00
47892,2022-11-12,金門縣,全區,49,20099,51.29
48269,2022-11-11,金門縣,全區,46,20050,53.14
48647,2022-11-10,金門縣,全區,41,20004,57.43
49031,2022-11-09,金門縣,全區,56,19963,59.14
49418,2022-11-08,金門縣,全區,47,19907,61.71
49803,2022-11-07,金門縣,全區,77,19860,66.86
50181,2022-11-06,金門縣,全區,43,19783,68.71
50551,2022-11-05,金門縣,全區,62,19740,72.57
50932,2022-11-04,金門縣,全區,76,19678,79.57
51317,2022-11-03,金門縣,全區,53,19602,81.14
51696,2022-11-02,金門縣,全區,74,19549,89.14
52083,2022-11-01,金門縣,全區,83,19475,96.43
52466,2022-10-31,金門縣,全區,90,19392,102.14
52850,2022-10-30,金門縣,全區,70,19302,113.57
53226,2022-10-29,金門縣,全區,111,19232,116.00
53610,2022-10-28,金門縣,全區,87,19121,117.29
53997,2022-10-27,金門縣,全區,109,19034,123.71
54380,2022-10-26,金門縣,全區,125,18925,124.86
54766,2022-10-25,金門縣,全區,123,18800,122.71
55157,2022-10-24,金門縣,全區,170,18677,123.00
55543,2022-10-23,金門縣,全區,87,18507,118.00
55923,2022-10-22,金門縣,全區,120,18420,118.00
56309,2022-10-21,金門縣,全區,132,18300,115.57
56698,2022-10-20,金門縣,全區,117,18168,115.71
57083,2022-10-19,金門縣,全區,110,18051,117.86
57470,2022-10-18,金門縣,全區,125,17941,121.43
57860,2022-10-17,金門縣,全區,135,17816,126.14
58249,2022-10-16,金門縣,全區,87,17681,126.00
58634,2022-10-15,金門縣,全區,103,17594,126.86
59020,2022-10-14,金門縣,全區,133,17491,131.00
59409,2022-10-13,金門縣,全區,132,17358,122.43
59800,2022-10-12,金門縣,全區,135,17226,120.00
60190,2022-10-11,金門縣,全區,158,17091,115.43
60580,2022-10-10,金門縣,全區,134,16933,105.86
60964,2022-10-09,金門縣,全區,93,16799,101.57
61352,2022-10-08,金門縣,全區,132,16706,98.00
61741,2022-10-07,金門縣,全區,73,16574,91.00
62128,2022-10-06,金門縣,全區,115,16501,92.14
62519,2022-10-05,金門縣,全區,103,16386,88.57
62907,2022-10-04,金門縣,全區,91,16283,86.14
63295,2022-10-03,金門縣,全區,104,16192,87.71
63686,2022-10-02,金門縣,全區,68,16088,89.29
64066,2022-10-01,金門縣,全區,83,16020,88.86
64452,2022-09-30,金門縣,全區,81,15937,90.00
64838,2022-09-29,金門縣,全區,90,15856,93.29
65226,2022-09-28,金門縣,全區,86,15766,94.71
65613,2022-09-27,金門縣,全區,102,15680,93.57
66000,2022-09-26,金門縣,全區,115,15578,94.86
66387,2022-09-25,金門縣,全區,65,15463,96.29
66771,2022-09-24,金門縣,全區,91,15398,95.71
67156,2022-09-23,金門縣,全區,104,15307,94.86
67544,2022-09-22,金門縣,全區,100,15203,94.00
67932,2022-09-21,金門縣,全區,78,15103,96.43
68321,2022-09-20,金門縣,全區,111,15025,100.57
68711,2022-09-19,金門縣,全區,125,14914,103.14
69101,2022-09-18,金門縣,全區,61,14789,100.00
69484,2022-09-17,金門縣,全區,85,14728,106.71
69871,2022-09-16,金門縣,全區,98,14643,106.43
70256,2022-09-15,金門縣,全區,117,14545,110.29
70643,2022-09-14,金門縣,全區,107,14428,108.57
71029,2022-09-13,金門縣,全區,129,14321,105.43
71418,2022-09-12,金門縣,全區,103,14192,99.71
71806,2022-09-11,金門縣,全區,108,14089,101.29
72188,2022-09-10,金門縣,全區,83,13981,99.57
72571,2022-09-09,金門縣,全區,125,13898,100.29
72953,2022-09-08,金門縣,全區,105,13773,99.57
73340,2022-09-07,金門縣,全區,85,13668,100.00
73724,2022-09-06,金門縣,全區,89,13583,105.00
74110,2022-09-05,金門縣,全區,114,13494,106.00
74495,2022-09-04,金門縣,全區,96,13380,109.14
74878,2022-09-03,金門縣,全區,88,13284,104.29
75266,2022-09-02,金門縣,全區,120,13196,103.14
75652,2022-09-01,金門縣,全區,108,13076,98.43
76041,2022-08-31,金門縣,全區,120,12968,96.29
76428,2022-08-30,金門縣,全區,96,12848,93.71
76816,2022-08-29,金門縣,全區,136,12752,92.71
77203,2022-08-28,金門縣,全區,62,12616,96.57
77588,2022-08-27,金門縣,全區,80,12554,96.86
77974,2022-08-26,金門縣,全區,87,12474,98.29
78358,2022-08-25,金門縣,全區,93,12387,100.00
78743,2022-08-24,金門縣,全區,102,12294,102.14
79131,2022-08-23,金門縣,全區,89,12192,100.57
79515,2022-08-22,金門縣,全區,163,12103,95.86
79901,2022-08-21,金門縣,全區,64,11940,85.86
80280,2022-08-20,金門縣,全區,90,11876,90.14
80663,2022-08-19,金門縣,全區,99,11786,92.00
81049,2022-08-18,金門縣,全區,108,11687,91.43
81438,2022-08-17,金門縣,全區,91,11579,94.43
81823,2022-08-16,金門縣,全區,56,11488,102.71
82210,2022-08-15,金門縣,全區,93,11432,113.29
82594,2022-08-14,金門縣,全區,94,11339,117.86
82971,2022-08-13,金門縣,全區,103,11245,120.57
83352,2022-08-12,金門縣,全區,95,11142,121.14
83737,2022-08-11,金門縣,全區,129,11047,121.29
84123,2022-08-10,金門縣,全區,149,10918,121.14
84509,2022-08-09,金門縣,全區,130,10769,115.71
84892,2022-08-08,金門縣,全區,125,10639,113.71
85273,2022-08-07,金門縣,全區,113,10514,121.14
85647,2022-08-06,金門縣,全區,107,10401,115.29
86030,2022-08-05,金門縣,全區,96,10294,118.57
86416,2022-08-04,金門縣,全區,128,10198,122.71
86801,2022-08-03,金門縣,全區,111,10070,126.14
87183,2022-08-02,金門縣,全區,116,9959,134.86
87570,2022-08-01,金門縣,全區,177,9843,135.14
87955,2022-07-31,金門縣,全區,72,9666,143.29
88332,2022-07-30,金門縣,全區,130,9594,146.29
88711,2022-07-29,金門縣,全區,125,9464,148.00
89097,2022-07-28,金門縣,全區,152,9339,147.14
89484,2022-07-27,金門縣,全區,172,9187,145.71
89874,2022-07-26,金門縣,全區,118,9015,137.86
90261,2022-07-25,金門縣,全區,234,8897,142.86
90642,2022-07-24,金門縣,全區,93,8663,141.57
91022,2022-07-23,金門縣,全區,142,8570,140.86
91407,2022-07-22,金門縣,全區,119,8428,150.71
91793,2022-07-21,金門縣,全區,142,8309,154.43
92176,2022-07-20,金門縣,全區,117,8167,154.43
92564,2022-07-19,金門縣,全區,153,8050,158.29
92953,2022-07-18,金門縣,全區,225,7897,160.86
93339,2022-07-17,金門縣,全區,88,7672,158.00
93718,2022-07-16,金門縣,全區,211,7584,158.86
94106,2022-07-15,金門縣,全區,145,7373,148.00
94493,2022-07-14,金門縣,全區,142,7228,148.71
94882,2022-07-13,金門縣,全區,144,7086,150.71
95270,2022-07-12,金門縣,全區,171,6942,151.86
95658,2022-07-11,金門縣,全區,205,6771,145.57
96045,2022-07-10,金門縣,全區,94,6566,144.14
96430,2022-07-09,金門縣,全區,135,6472,142.57
96817,2022-07-08,金門縣,全區,150,6337,135.86
97208,2022-07-07,金門縣,全區,156,6187,132.29
97599,2022-07-06,金門縣,全區,152,6031,122.57
97987,2022-07-05,金門縣,全區,127,5879,114.57
98377,2022-07-04,金門縣,全區,195,5752,110.57
98766,2022-07-03,金門縣,全區,83,5557,109.86
99149,2022-07-02,金門縣,全區,88,5474,105.29
99539,2022-07-01,金門縣,全區,125,5386,108.43
99931,2022-06-30,金門縣,全區,88,5261,101.14
100322,2022-06-29,金門縣,全區,96,5173,105.86
100712,2022-06-28,金門縣,全區,99,5077,110.86
101103,2022-06-27,金門縣,全區,190,4978,111.14
101490,2022-06-26,金門縣,全區,51,4788,101.43
101877,2022-06-25,金門縣,全區,110,4737,101.43
102266,2022-06-24,金門縣,全區,74,4627,98.00
102657,2022-06-23,金門縣,全區,121,4553,104.57
103050,2022-06-22,金門縣,全區,131,4432,101.43
103439,2022-06-21,金門縣,全區,101,4301,98.29
103831,2022-06-20,金門縣,全區,122,4200,97.29
104221,2022-06-19,金門縣,全區,51,4078,94.14
104612,2022-06-18,金門縣,全區,86,4027,93.14
105003,2022-06-17,金門縣,全區,120,3941,98.71
105393,2022-06-16,金門縣,全區,99,3821,91.00
105783,2022-06-15,金門縣,全區,109,3722,91.71
106173,2022-06-14,金門縣,全區,94,3613,90.86
106565,2022-06-13,金門縣,全區,100,3519,86.00
106955,2022-06-12,金門縣,全區,44,3419,90.29
107342,2022-06-11,金門縣,全區,125,3375,101.29
107734,2022-06-10,金門縣,全區,66,3250,99.00
108123,2022-06-09,金門縣,全區,104,3184,111.43
108512,2022-06-08,金門縣,全區,103,3080,111.86
108902,2022-06-07,金門縣,全區,60,2977,108.71
109294,2022-06-06,金門縣,全區,130,2917,110.43
109684,2022-06-05,金門縣,全區,121,2787,107.00
110073,2022-06-04,金門縣,全區,109,2666,99.43
110463,2022-06-03,金門縣,全區,153,2557,98.57
110854,2022-06-02,金門縣,全區,107,2404,95.57
111244,2022-06-01,金門縣,全區,81,2297,89.57
111636,2022-05-31,金門縣,全區,72,2216,94.29
112027,2022-05-30,金門縣,全區,106,2144,98.00
112418,2022-05-29,金門縣,全區,68,2038,96.00
112809,2022-05-28,金門縣,全區,103,1970,103.29
113199,2022-05-27,金門縣,全區,132,1867,104.57
113589,2022-05-26,金門縣,全區,65,1735,100.57
113980,2022-05-25,金門縣,全區,114,1670,104.71
114370,2022-05-24,金門縣,全區,98,1556,105.43
114762,2022-05-23,金門縣,全區,92,1458,108.57
115153,2022-05-22,金門縣,全區,119,1366,105.43
115544,2022-05-21,金門縣,全區,112,1247,104.43
115929,2022-05-20,金門縣,全區,104,1135,104.29
116317,2022-05-19,金門縣,全區,94,1031,104.43
116705,2022-05-18,金門縣,全區,119,937,96.43
117096,2022-05-17,金門縣,全區,120,818,87.29
117485,2022-05-16,金門縣,全區,70,698,74.00
117873,2022-05-15,金門縣,全區,112,628,66.29
118257,2022-05-14,金門縣,全區,111,516,51.71
118642,2022-05-13,金門縣,全區,105,405,38.71
119029,2022-05-12,金門縣,全區,38,300,25.43
119413,2022-05-11,金門縣,全區,55,262,20.57
119798,2022-05-10,金門縣,全區,27,207,15.29
120180,2022-05-09,金門縣,全區,16,180,13.00
120561,2022-05-08,金門縣,全區,10,164,11.43
120946,2022-05-07,金門縣,全區,20,154,11.71
121324,2022-05-06,金門縣,全區,12,134,10.71
121701,2022-05-05,金門縣,全區,4,122,11.14
122068,2022-05-04,金門縣,全區,18,118,11.00
122433,2022-05-03,金門縣,全區,11,100,8.86
122788,2022-05-02,金門縣,全區,5,89,8.86
123132,2022-05-01,金門縣,全區,12,84,9.43
123466,2022-04-30,金門縣,全區,13,72,7.86
123791,2022-04-29,金門縣,全區,15,59,6.71
124107,2022-04-28,金門縣,全區,3,44,4.86
124414,2022-04-27,金門縣,全區,3,41,5.14
124710,2022-04-26,金門縣,全區,11,38,4.71
124991,2022-04-25,金門縣,全區,9,27,3.14
125259,2022-04-24,金門縣,全區,1,18,1.86
125496,2022-04-23,金門縣,全區,5,17,1.71
125746,2022-04-22,金門縣,全區,2,12,1.00
125984,2022-04-21,金門縣,全區,5,10,0.71
127417,2022-04-13,金門縣,全區,1,5,0.14
128300,2022-04-06,金門縣,全區,1,4,0.57
128530,2022-04-03,金門縣,全區,1,3,0.43
128661,2022-04-01,金門縣,全區,1,2,0.29
128713,2022-03-31,金門縣,全區,1,1,0.14
