UID,個案研判日,縣市別,區域,新增確診人數,累計確診人數,七天移動平均新增確診人數
1172,2023-03-19,金門縣,金沙鎮,1,3332,2.00
1505,2023-03-18,金門縣,金沙鎮,1,3331,2.29
1859,2023-03-17,金門縣,金沙鎮,3,3330,2.43
2206,2023-03-16,金門縣,金沙鎮,1,3327,2.43
2558,2023-03-15,金門縣,金沙鎮,1,3326,2.43
2915,2023-03-14,金門縣,金沙鎮,4,3325,3.14
3273,2023-03-13,金門縣,金沙鎮,3,3321,2.57
3620,2023-03-12,金門縣,金沙鎮,3,3318,3.29
3976,2023-03-11,金門縣,金沙鎮,2,3315,3.14
4330,2023-03-10,金門縣,金沙鎮,3,3313,3.14
4681,2023-03-09,金門縣,金沙鎮,1,3310,3.43
5040,2023-03-08,金門縣,金沙鎮,6,3309,3.71
5762,2023-03-06,金門縣,金沙鎮,8,3303,3.43
6106,2023-03-05,金門縣,金沙鎮,2,3295,2.86
6457,2023-03-04,金門縣,金沙鎮,2,3293,3.00
6811,2023-03-03,金門縣,金沙鎮,5,3291,3.00
7176,2023-03-02,金門縣,金沙鎮,3,3286,2.29
7541,2023-03-01,金門縣,金沙鎮,2,3283,2.14
7910,2023-02-28,金門縣,金沙鎮,2,3281,2.14
8270,2023-02-27,金門縣,金沙鎮,4,3279,2.29
8618,2023-02-26,金門縣,金沙鎮,3,3275,2.29
8982,2023-02-25,金門縣,金沙鎮,2,3272,2.00
9712,2023-02-23,金門縣,金沙鎮,2,3270,3.14
10087,2023-02-22,金門縣,金沙鎮,2,3268,3.71
10458,2023-02-21,金門縣,金沙鎮,3,3266,4.29
10831,2023-02-20,金門縣,金沙鎮,4,3263,4.71
11193,2023-02-19,金門縣,金沙鎮,1,3259,4.43
11561,2023-02-18,金門縣,金沙鎮,5,3258,4.71
11933,2023-02-17,金門縣,金沙鎮,5,3253,4.86
12307,2023-02-16,金門縣,金沙鎮,6,3248,4.86
12679,2023-02-15,金門縣,金沙鎮,6,3242,5.00
13055,2023-02-14,金門縣,金沙鎮,6,3236,4.43
13430,2023-02-13,金門縣,金沙鎮,2,3230,3.71
13796,2023-02-12,金門縣,金沙鎮,3,3228,4.29
14165,2023-02-11,金門縣,金沙鎮,6,3225,4.14
14532,2023-02-10,金門縣,金沙鎮,5,3219,4.00
14907,2023-02-09,金門縣,金沙鎮,7,3214,5.14
15286,2023-02-08,金門縣,金沙鎮,2,3207,5.00
15667,2023-02-07,金門縣,金沙鎮,1,3205,6.57
16046,2023-02-06,金門縣,金沙鎮,6,3204,7.57
16419,2023-02-05,金門縣,金沙鎮,2,3198,8.71
16796,2023-02-04,金門縣,金沙鎮,5,3196,10.43
17176,2023-02-03,金門縣,金沙鎮,13,3191,13.00
17562,2023-02-02,金門縣,金沙鎮,6,3178,13.14
17942,2023-02-01,金門縣,金沙鎮,13,3172,14.57
18325,2023-01-31,金門縣,金沙鎮,8,3159,15.43
18710,2023-01-30,金門縣,金沙鎮,14,3151,15.57
19094,2023-01-29,金門縣,金沙鎮,14,3137,14.29
19472,2023-01-28,金門縣,金沙鎮,23,3123,12.29
19848,2023-01-27,金門縣,金沙鎮,14,3100,9.86
20225,2023-01-26,金門縣,金沙鎮,16,3086,8.86
20597,2023-01-25,金門縣,金沙鎮,19,3070,7.29
20966,2023-01-24,金門縣,金沙鎮,9,3051,5.14
21334,2023-01-23,金門縣,金沙鎮,5,3042,4.71
22073,2023-01-21,金門縣,金沙鎮,6,3037,5.43
22440,2023-01-20,金門縣,金沙鎮,7,3031,5.29
22808,2023-01-19,金門縣,金沙鎮,5,3024,5.43
23180,2023-01-18,金門縣,金沙鎮,4,3019,5.57
23546,2023-01-17,金門縣,金沙鎮,6,3015,5.86
23919,2023-01-16,金門縣,金沙鎮,8,3009,6.00
24291,2023-01-15,金門縣,金沙鎮,2,3001,6.00
24657,2023-01-14,金門縣,金沙鎮,5,2999,6.71
25025,2023-01-13,金門縣,金沙鎮,8,2994,7.43
25399,2023-01-12,金門縣,金沙鎮,6,2986,6.86
25772,2023-01-11,金門縣,金沙鎮,6,2980,7.43
26146,2023-01-10,金門縣,金沙鎮,7,2974,7.71
26523,2023-01-09,金門縣,金沙鎮,8,2967,8.00
26889,2023-01-08,金門縣,金沙鎮,7,2959,8.29
27254,2023-01-07,金門縣,金沙鎮,10,2952,7.57
27626,2023-01-06,金門縣,金沙鎮,4,2942,7.86
28007,2023-01-05,金門縣,金沙鎮,10,2938,8.14
28387,2023-01-04,金門縣,金沙鎮,8,2928,8.57
28768,2023-01-03,金門縣,金沙鎮,9,2920,9.57
29143,2023-01-02,金門縣,金沙鎮,10,2911,9.71
29509,2023-01-01,金門縣,金沙鎮,2,2901,10.43
29876,2022-12-31,金門縣,金沙鎮,12,2899,11.57
30243,2022-12-30,金門縣,金沙鎮,6,2887,11.14
30615,2022-12-29,金門縣,金沙鎮,13,2881,11.57
30987,2022-12-28,金門縣,金沙鎮,15,2868,11.57
31362,2022-12-27,金門縣,金沙鎮,10,2853,10.71
31736,2022-12-26,金門縣,金沙鎮,15,2843,10.43
32094,2022-12-25,金門縣,金沙鎮,10,2828,9.57
32454,2022-12-24,金門縣,金沙鎮,9,2818,8.71
32814,2022-12-23,金門縣,金沙鎮,9,2809,8.29
33181,2022-12-22,金門縣,金沙鎮,13,2800,7.86
33552,2022-12-21,金門縣,金沙鎮,9,2787,7.00
33917,2022-12-20,金門縣,金沙鎮,8,2778,6.43
34284,2022-12-19,金門縣,金沙鎮,9,2770,6.86
34638,2022-12-18,金門縣,金沙鎮,4,2761,6.86
34999,2022-12-17,金門縣,金沙鎮,6,2757,7.29
35362,2022-12-16,金門縣,金沙鎮,6,2751,6.86
35728,2022-12-15,金門縣,金沙鎮,7,2745,6.57
36088,2022-12-14,金門縣,金沙鎮,5,2738,5.86
36459,2022-12-13,金門縣,金沙鎮,11,2733,5.71
36836,2022-12-12,金門縣,金沙鎮,9,2722,4.43
37188,2022-12-11,金門縣,金沙鎮,7,2713,4.57
37555,2022-12-10,金門縣,金沙鎮,3,2706,3.57
37921,2022-12-09,金門縣,金沙鎮,4,2703,3.71
38292,2022-12-08,金門縣,金沙鎮,2,2699,3.57
38665,2022-12-07,金門縣,金沙鎮,4,2697,4.29
39032,2022-12-06,金門縣,金沙鎮,2,2693,4.86
39409,2022-12-05,金門縣,金沙鎮,10,2691,5.57
40150,2022-12-03,金門縣,金沙鎮,4,2681,6.57
40518,2022-12-02,金門縣,金沙鎮,3,2677,6.29
40885,2022-12-01,金門縣,金沙鎮,7,2674,6.29
41258,2022-11-30,金門縣,金沙鎮,8,2667,5.43
41634,2022-11-29,金門縣,金沙鎮,7,2659,5.00
42013,2022-11-28,金門縣,金沙鎮,13,2652,4.29
42382,2022-11-27,金門縣,金沙鎮,4,2639,2.71
42735,2022-11-26,金門縣,金沙鎮,2,2635,2.57
43105,2022-11-25,金門縣,金沙鎮,3,2633,2.86
43475,2022-11-24,金門縣,金沙鎮,1,2630,2.43
43843,2022-11-23,金門縣,金沙鎮,5,2629,3.29
44218,2022-11-22,金門縣,金沙鎮,2,2624,3.14
44596,2022-11-21,金門縣,金沙鎮,2,2622,3.43
44968,2022-11-20,金門縣,金沙鎮,3,2620,4.29
45337,2022-11-19,金門縣,金沙鎮,4,2617,4.14
46080,2022-11-17,金門縣,金沙鎮,7,2613,4.29
46458,2022-11-16,金門縣,金沙鎮,4,2606,3.43
46839,2022-11-15,金門縣,金沙鎮,4,2602,3.86
47218,2022-11-14,金門縣,金沙鎮,8,2598,4.00
47594,2022-11-13,金門縣,金沙鎮,2,2590,3.86
47967,2022-11-12,金門縣,金沙鎮,2,2588,3.86
48347,2022-11-11,金門縣,金沙鎮,3,2586,5.29
48728,2022-11-10,金門縣,金沙鎮,1,2583,6.29
49111,2022-11-09,金門縣,金沙鎮,7,2582,7.43
49497,2022-11-08,金門縣,金沙鎮,5,2575,7.71
49881,2022-11-07,金門縣,金沙鎮,7,2570,9.14
50254,2022-11-06,金門縣,金沙鎮,2,2563,9.57
50628,2022-11-05,金門縣,金沙鎮,12,2561,11.00
51010,2022-11-04,金門縣,金沙鎮,10,2549,13.00
51395,2022-11-03,金門縣,金沙鎮,9,2539,13.29
51776,2022-11-02,金門縣,金沙鎮,9,2530,15.86
52164,2022-11-01,金門縣,金沙鎮,15,2521,17.43
52545,2022-10-31,金門縣,金沙鎮,10,2506,18.57
52927,2022-10-30,金門縣,金沙鎮,12,2496,21.14
53306,2022-10-29,金門縣,金沙鎮,26,2484,21.86
53690,2022-10-28,金門縣,金沙鎮,12,2458,20.86
54076,2022-10-27,金門縣,金沙鎮,27,2446,22.43
54460,2022-10-26,金門縣,金沙鎮,20,2419,22.86
54848,2022-10-25,金門縣,金沙鎮,23,2399,22.43
55238,2022-10-24,金門縣,金沙鎮,28,2376,21.57
55620,2022-10-23,金門縣,金沙鎮,17,2348,19.29
56003,2022-10-22,金門縣,金沙鎮,19,2331,18.43
56391,2022-10-21,金門縣,金沙鎮,23,2312,18.71
56777,2022-10-20,金門縣,金沙鎮,30,2289,17.14
57164,2022-10-19,金門縣,金沙鎮,17,2259,14.71
57552,2022-10-18,金門縣,金沙鎮,17,2242,15.86
57942,2022-10-17,金門縣,金沙鎮,12,2225,16.57
58330,2022-10-16,金門縣,金沙鎮,11,2213,18.29
58716,2022-10-15,金門縣,金沙鎮,21,2202,18.57
59102,2022-10-14,金門縣,金沙鎮,12,2181,17.57
59491,2022-10-13,金門縣,金沙鎮,13,2169,17.29
59882,2022-10-12,金門縣,金沙鎮,25,2156,16.57
60272,2022-10-11,金門縣,金沙鎮,22,2131,14.00
60662,2022-10-10,金門縣,金沙鎮,24,2109,11.86
61043,2022-10-09,金門縣,金沙鎮,13,2085,9.57
61433,2022-10-08,金門縣,金沙鎮,14,2072,8.86
61823,2022-10-07,金門縣,金沙鎮,10,2058,8.00
62210,2022-10-06,金門縣,金沙鎮,8,2048,8.00
62600,2022-10-05,金門縣,金沙鎮,7,2040,7.86
62987,2022-10-04,金門縣,金沙鎮,7,2033,7.86
63376,2022-10-03,金門縣,金沙鎮,8,2026,8.29
63765,2022-10-02,金門縣,金沙鎮,8,2018,9.29
64148,2022-10-01,金門縣,金沙鎮,8,2010,9.71
64533,2022-09-30,金門縣,金沙鎮,10,2002,10.00
64919,2022-09-29,金門縣,金沙鎮,7,1992,9.86
65307,2022-09-28,金門縣,金沙鎮,7,1985,10.29
65695,2022-09-27,金門縣,金沙鎮,10,1978,10.00
66081,2022-09-26,金門縣,金沙鎮,15,1968,11.14
66468,2022-09-25,金門縣,金沙鎮,11,1953,11.43
66851,2022-09-24,金門縣,金沙鎮,10,1942,11.57
67238,2022-09-23,金門縣,金沙鎮,9,1932,11.43
67625,2022-09-22,金門縣,金沙鎮,10,1923,12.29
68014,2022-09-21,金門縣,金沙鎮,5,1913,12.71
68402,2022-09-20,金門縣,金沙鎮,18,1908,13.71
68793,2022-09-19,金門縣,金沙鎮,17,1890,14.00
69180,2022-09-18,金門縣,金沙鎮,12,1873,14.00
69565,2022-09-17,金門縣,金沙鎮,9,1861,14.14
69952,2022-09-16,金門縣,金沙鎮,15,1852,14.00
70337,2022-09-15,金門縣,金沙鎮,13,1837,12.43
70722,2022-09-14,金門縣,金沙鎮,12,1824,12.14
71110,2022-09-13,金門縣,金沙鎮,20,1812,11.57
71500,2022-09-12,金門縣,金沙鎮,17,1792,9.86
71886,2022-09-11,金門縣,金沙鎮,13,1775,9.71
72268,2022-09-10,金門縣,金沙鎮,8,1762,9.57
72649,2022-09-09,金門縣,金沙鎮,4,1754,10.29
73034,2022-09-08,金門縣,金沙鎮,11,1750,12.29
73420,2022-09-07,金門縣,金沙鎮,8,1739,13.00
73804,2022-09-06,金門縣,金沙鎮,8,1731,13.57
74191,2022-09-05,金門縣,金沙鎮,16,1723,15.14
74576,2022-09-04,金門縣,金沙鎮,12,1707,15.57
74960,2022-09-03,金門縣,金沙鎮,13,1695,15.00
75346,2022-09-02,金門縣,金沙鎮,18,1682,13.57
75734,2022-09-01,金門縣,金沙鎮,16,1664,12.29
76121,2022-08-31,金門縣,金沙鎮,12,1648,12.00
76510,2022-08-30,金門縣,金沙鎮,19,1636,11.43
76898,2022-08-29,金門縣,金沙鎮,19,1617,10.29
77283,2022-08-28,金門縣,金沙鎮,8,1598,9.71
77670,2022-08-27,金門縣,金沙鎮,3,1590,10.14
78055,2022-08-26,金門縣,金沙鎮,9,1587,11.57
78440,2022-08-25,金門縣,金沙鎮,14,1578,11.43
78825,2022-08-24,金門縣,金沙鎮,8,1564,11.86
79212,2022-08-23,金門縣,金沙鎮,11,1556,11.71
79597,2022-08-22,金門縣,金沙鎮,15,1545,11.29
79978,2022-08-21,金門縣,金沙鎮,11,1530,11.14
80359,2022-08-20,金門縣,金沙鎮,13,1519,10.86
80744,2022-08-19,金門縣,金沙鎮,8,1506,10.71
81131,2022-08-18,金門縣,金沙鎮,17,1498,11.57
81519,2022-08-17,金門縣,金沙鎮,7,1481,11.57
81905,2022-08-16,金門縣,金沙鎮,8,1474,14.29
82292,2022-08-15,金門縣,金沙鎮,14,1466,16.43
82673,2022-08-14,金門縣,金沙鎮,9,1452,15.71
83051,2022-08-13,金門縣,金沙鎮,12,1443,17.29
83433,2022-08-12,金門縣,金沙鎮,14,1431,17.00
83818,2022-08-11,金門縣,金沙鎮,17,1417,16.86
84205,2022-08-10,金門縣,金沙鎮,26,1400,17.29
84588,2022-08-09,金門縣,金沙鎮,23,1374,16.57
84974,2022-08-08,金門縣,金沙鎮,9,1351,14.29
85351,2022-08-07,金門縣,金沙鎮,20,1342,15.86
85727,2022-08-06,金門縣,金沙鎮,10,1322,14.57
86111,2022-08-05,金門縣,金沙鎮,13,1312,14.86
86497,2022-08-04,金門縣,金沙鎮,20,1299,15.43
86881,2022-08-03,金門縣,金沙鎮,21,1279,15.71
87265,2022-08-02,金門縣,金沙鎮,7,1258,15.43
87652,2022-08-01,金門縣,金沙鎮,20,1251,17.00
88032,2022-07-31,金門縣,金沙鎮,11,1231,18.57
88409,2022-07-30,金門縣,金沙鎮,12,1220,18.86
88792,2022-07-29,金門縣,金沙鎮,17,1208,20.43
89177,2022-07-28,金門縣,金沙鎮,22,1191,19.14
89566,2022-07-27,金門縣,金沙鎮,19,1169,18.14
89954,2022-07-26,金門縣,金沙鎮,18,1150,17.57
90342,2022-07-25,金門縣,金沙鎮,31,1132,17.29
90720,2022-07-24,金門縣,金沙鎮,13,1101,17.29
91103,2022-07-23,金門縣,金沙鎮,23,1088,16.86
91487,2022-07-22,金門縣,金沙鎮,8,1065,17.86
91875,2022-07-21,金門縣,金沙鎮,15,1057,18.43
92257,2022-07-20,金門縣,金沙鎮,15,1042,18.29
92646,2022-07-19,金門縣,金沙鎮,16,1027,19.86
93035,2022-07-18,金門縣,金沙鎮,31,1011,20.57
93419,2022-07-17,金門縣,金沙鎮,10,980,21.29
93800,2022-07-16,金門縣,金沙鎮,30,970,21.71
94188,2022-07-15,金門縣,金沙鎮,12,940,20.00
94574,2022-07-14,金門縣,金沙鎮,14,928,20.29
94963,2022-07-13,金門縣,金沙鎮,26,914,21.86
95351,2022-07-12,金門縣,金沙鎮,21,888,20.29
95739,2022-07-11,金門縣,金沙鎮,36,867,18.71
96124,2022-07-10,金門縣,金沙鎮,13,831,18.71
96511,2022-07-09,金門縣,金沙鎮,18,818,19.43
96899,2022-07-08,金門縣,金沙鎮,14,800,19.29
97290,2022-07-07,金門縣,金沙鎮,25,786,19.43
97679,2022-07-06,金門縣,金沙鎮,15,761,16.71
98069,2022-07-05,金門縣,金沙鎮,10,746,16.14
98458,2022-07-04,金門縣,金沙鎮,36,736,16.29
98847,2022-07-03,金門縣,金沙鎮,18,700,14.00
99229,2022-07-02,金門縣,金沙鎮,17,682,11.71
99621,2022-07-01,金門縣,金沙鎮,15,665,10.86
100013,2022-06-30,金門縣,金沙鎮,6,650,9.43
100404,2022-06-29,金門縣,金沙鎮,11,644,10.71
100794,2022-06-28,金門縣,金沙鎮,11,633,10.86
101185,2022-06-27,金門縣,金沙鎮,20,622,11.00
101570,2022-06-26,金門縣,金沙鎮,2,602,11.00
101957,2022-06-25,金門縣,金沙鎮,11,600,11.43
102347,2022-06-24,金門縣,金沙鎮,5,589,10.29
102739,2022-06-23,金門縣,金沙鎮,15,584,11.00
103132,2022-06-22,金門縣,金沙鎮,12,569,10.43
103521,2022-06-21,金門縣,金沙鎮,12,557,10.14
103913,2022-06-20,金門縣,金沙鎮,20,545,9.86
104303,2022-06-19,金門縣,金沙鎮,5,525,8.57
104694,2022-06-18,金門縣,金沙鎮,3,520,8.57
105085,2022-06-17,金門縣,金沙鎮,10,517,9.86
105475,2022-06-16,金門縣,金沙鎮,11,507,9.86
105865,2022-06-15,金門縣,金沙鎮,10,496,9.29
106255,2022-06-14,金門縣,金沙鎮,10,486,9.86
106647,2022-06-13,金門縣,金沙鎮,11,476,9.86
107037,2022-06-12,金門縣,金沙鎮,5,465,12.29
107424,2022-06-11,金門縣,金沙鎮,12,460,14.14
107816,2022-06-10,金門縣,金沙鎮,10,448,15.29
108205,2022-06-09,金門縣,金沙鎮,7,438,17.29
108594,2022-06-08,金門縣,金沙鎮,14,431,18.71
108984,2022-06-07,金門縣,金沙鎮,10,417,18.57
109376,2022-06-06,金門縣,金沙鎮,28,407,18.43
109766,2022-06-05,金門縣,金沙鎮,18,379,17.43
110155,2022-06-04,金門縣,金沙鎮,20,361,16.29
110545,2022-06-03,金門縣,金沙鎮,24,341,15.29
110936,2022-06-02,金門縣,金沙鎮,17,317,14.71
111326,2022-06-01,金門縣,金沙鎮,13,300,13.86
111718,2022-05-31,金門縣,金沙鎮,9,287,14.43
112109,2022-05-30,金門縣,金沙鎮,21,278,14.29
112500,2022-05-29,金門縣,金沙鎮,10,257,13.86
112890,2022-05-28,金門縣,金沙鎮,13,247,13.86
113281,2022-05-27,金門縣,金沙鎮,20,234,13.86
113671,2022-05-26,金門縣,金沙鎮,11,214,11.86
114062,2022-05-25,金門縣,金沙鎮,17,203,12.00
114452,2022-05-24,金門縣,金沙鎮,8,186,11.71
114844,2022-05-23,金門縣,金沙鎮,18,178,11.86
115235,2022-05-22,金門縣,金沙鎮,10,160,9.86
115626,2022-05-21,金門縣,金沙鎮,13,150,11.00
116011,2022-05-20,金門縣,金沙鎮,6,137,11.00
116399,2022-05-19,金門縣,金沙鎮,12,131,12.00
116787,2022-05-18,金門縣,金沙鎮,15,119,11.00
117178,2022-05-17,金門縣,金沙鎮,9,104,9.71
117566,2022-05-16,金門縣,金沙鎮,4,95,9.14
117954,2022-05-15,金門縣,金沙鎮,18,91,9.00
118338,2022-05-14,金門縣,金沙鎮,13,73,6.71
118723,2022-05-13,金門縣,金沙鎮,13,60,5.43
119111,2022-05-12,金門縣,金沙鎮,5,47,3.86
119493,2022-05-11,金門縣,金沙鎮,6,42,3.43
119880,2022-05-10,金門縣,金沙鎮,5,36,2.71
120262,2022-05-09,金門縣,金沙鎮,3,31,2.00
120642,2022-05-08,金門縣,金沙鎮,2,28,1.57
121027,2022-05-07,金門縣,金沙鎮,4,26,1.43
121404,2022-05-06,金門縣,金沙鎮,2,22,0.86
121778,2022-05-05,金門縣,金沙鎮,2,20,1.00
122142,2022-05-04,金門縣,金沙鎮,1,18,0.71
123196,2022-05-01,金門縣,金沙鎮,1,17,1.29
123852,2022-04-29,金門縣,金沙鎮,3,16,1.43
124468,2022-04-27,金門縣,金沙鎮,1,13,1.86
124764,2022-04-26,金門縣,金沙鎮,4,12,1.71
125534,2022-04-23,金門縣,金沙鎮,2,8,1.14
125784,2022-04-22,金門縣,金沙鎮,1,6,0.86
126019,2022-04-21,金門縣,金沙鎮,5,5,0.71
