UID,個案研判日,縣市別,區域,新增確診人數,累計確診人數,七天移動平均新增確診人數
820,2023-03-20,雲林縣,水林鄉,1,4389,3.14
1128,2023-03-19,雲林縣,水林鄉,4,4388,3.86
1462,2023-03-18,雲林縣,水林鄉,3,4384,3.57
1810,2023-03-17,雲林縣,水林鄉,2,4381,3.43
2159,2023-03-16,雲林縣,水林鄉,1,4379,3.57
2515,2023-03-15,雲林縣,水林鄉,6,4378,4.86
2865,2023-03-14,雲林縣,水林鄉,5,4372,4.86
3220,2023-03-13,雲林縣,水林鄉,6,4367,4.86
3575,2023-03-12,雲林縣,水林鄉,2,4361,4.57
3926,2023-03-11,雲林縣,水林鄉,2,4359,5.00
4277,2023-03-10,雲林縣,水林鄉,3,4357,4.86
4634,2023-03-09,雲林縣,水林鄉,10,4354,4.86
4989,2023-03-08,雲林縣,水林鄉,6,4344,4.57
5345,2023-03-07,雲林縣,水林鄉,5,4338,4.57
5710,2023-03-06,雲林縣,水林鄉,4,4333,6.14
6063,2023-03-05,雲林縣,水林鄉,5,4329,6.43
6407,2023-03-04,雲林縣,水林鄉,1,4324,6.43
6760,2023-03-03,雲林縣,水林鄉,3,4323,7.00
7123,2023-03-02,雲林縣,水林鄉,8,4320,7.71
7487,2023-03-01,雲林縣,水林鄉,6,4312,8.57
7859,2023-02-28,雲林縣,水林鄉,16,4306,8.43
8222,2023-02-27,雲林縣,水林鄉,6,4290,6.57
8570,2023-02-26,雲林縣,水林鄉,5,4284,7.00
8926,2023-02-25,雲林縣,水林鄉,5,4279,7.29
9294,2023-02-24,雲林縣,水林鄉,8,4274,7.29
9659,2023-02-23,雲林縣,水林鄉,14,4266,6.57
10030,2023-02-22,雲林縣,水林鄉,5,4252,5.86
10402,2023-02-21,雲林縣,水林鄉,3,4247,5.57
10775,2023-02-20,雲林縣,水林鄉,9,4244,5.14
11145,2023-02-19,雲林縣,水林鄉,7,4235,5.00
11509,2023-02-18,雲林縣,水林鄉,5,4228,4.43
11876,2023-02-17,雲林縣,水林鄉,3,4223,4.00
12251,2023-02-16,雲林縣,水林鄉,9,4220,5.00
12625,2023-02-15,雲林縣,水林鄉,3,4211,5.29
13371,2023-02-13,雲林縣,水林鄉,8,4208,6.29
13745,2023-02-12,雲林縣,水林鄉,3,4200,6.43
14108,2023-02-11,雲林縣,水林鄉,2,4197,7.29
14478,2023-02-10,雲林縣,水林鄉,10,4195,8.14
14850,2023-02-09,雲林縣,水林鄉,11,4185,8.00
15232,2023-02-08,雲林縣,水林鄉,7,4174,6.86
15610,2023-02-07,雲林縣,水林鄉,3,4167,7.29
15989,2023-02-06,雲林縣,水林鄉,9,4164,10.14
16365,2023-02-05,雲林縣,水林鄉,9,4155,11.43
16740,2023-02-04,雲林縣,水林鄉,8,4146,11.14
17118,2023-02-03,雲林縣,水林鄉,9,4138,11.86
17504,2023-02-02,雲林縣,水林鄉,3,4129,12.57
17885,2023-02-01,雲林縣,水林鄉,10,4126,14.00
18266,2023-01-31,雲林縣,水林鄉,23,4116,13.86
18651,2023-01-30,雲林縣,水林鄉,18,4093,11.71
19037,2023-01-29,雲林縣,水林鄉,7,4075,9.86
19414,2023-01-28,雲林縣,水林鄉,13,4068,9.29
19791,2023-01-27,雲林縣,水林鄉,14,4055,8.29
20170,2023-01-26,雲林縣,水林鄉,13,4041,7.29
20541,2023-01-25,雲林縣,水林鄉,9,4028,6.00
20910,2023-01-24,雲林縣,水林鄉,8,4019,5.86
21280,2023-01-23,雲林縣,水林鄉,5,4011,6.00
21651,2023-01-22,雲林縣,水林鄉,3,4006,6.43
22019,2023-01-21,雲林縣,水林鄉,6,4003,6.29
22389,2023-01-20,雲林縣,水林鄉,7,3997,5.86
22757,2023-01-19,雲林縣,水林鄉,4,3990,5.71
23128,2023-01-18,雲林縣,水林鄉,8,3986,5.86
23495,2023-01-17,雲林縣,水林鄉,9,3978,5.14
23862,2023-01-16,雲林縣,水林鄉,8,3969,4.43
24238,2023-01-15,雲林縣,水林鄉,2,3961,4.00
24604,2023-01-14,雲林縣,水林鄉,3,3959,5.00
24971,2023-01-13,雲林縣,水林鄉,6,3956,5.86
25343,2023-01-12,雲林縣,水林鄉,5,3950,5.57
25714,2023-01-11,雲林縣,水林鄉,3,3945,6.29
26091,2023-01-10,雲林縣,水林鄉,4,3942,7.14
26465,2023-01-09,雲林縣,水林鄉,5,3938,7.43
26836,2023-01-08,雲林縣,水林鄉,9,3933,8.00
27199,2023-01-07,雲林縣,水林鄉,9,3924,7.71
27570,2023-01-06,雲林縣,水林鄉,4,3915,7.29
27950,2023-01-05,雲林縣,水林鄉,10,3911,7.71
28329,2023-01-04,雲林縣,水林鄉,9,3901,8.43
28711,2023-01-03,雲林縣,水林鄉,6,3892,7.86
29091,2023-01-02,雲林縣,水林鄉,9,3886,8.43
29461,2023-01-01,雲林縣,水林鄉,7,3877,7.86
29821,2022-12-31,雲林縣,水林鄉,6,3870,7.86
30189,2022-12-30,雲林縣,水林鄉,7,3864,8.00
30563,2022-12-29,雲林縣,水林鄉,15,3857,7.86
30934,2022-12-28,雲林縣,水林鄉,5,3842,6.43
31306,2022-12-27,雲林縣,水林鄉,10,3837,6.29
31680,2022-12-26,雲林縣,水林鄉,5,3827,5.43
32045,2022-12-25,雲林縣,水林鄉,7,3822,5.43
32406,2022-12-24,雲林縣,水林鄉,7,3815,5.00
32762,2022-12-23,雲林縣,水林鄉,6,3808,4.00
33130,2022-12-22,雲林縣,水林鄉,5,3802,3.86
33496,2022-12-21,雲林縣,水林鄉,4,3797,3.86
33863,2022-12-20,雲林縣,水林鄉,4,3793,4.57
34230,2022-12-19,雲林縣,水林鄉,5,3789,5.00
34592,2022-12-18,雲林縣,水林鄉,4,3784,5.86
35311,2022-12-16,雲林縣,水林鄉,5,3780,7.71
35673,2022-12-15,雲林縣,水林鄉,5,3775,7.29
36038,2022-12-14,雲林縣,水林鄉,9,3770,7.14
36403,2022-12-13,雲林縣,水林鄉,7,3761,6.86
36780,2022-12-12,雲林縣,水林鄉,11,3754,6.29
37140,2022-12-11,雲林縣,水林鄉,8,3743,6.71
37501,2022-12-10,雲林縣,水林鄉,9,3735,5.86
37868,2022-12-09,雲林縣,水林鄉,2,3726,5.29
38237,2022-12-08,雲林縣,水林鄉,4,3724,5.43
38611,2022-12-07,雲林縣,水林鄉,7,3720,5.57
38977,2022-12-06,雲林縣,水林鄉,3,3713,5.57
39354,2022-12-05,雲林縣,水林鄉,14,3710,6.00
39728,2022-12-04,雲林縣,水林鄉,2,3696,4.86
40095,2022-12-03,雲林縣,水林鄉,5,3694,5.29
40463,2022-12-02,雲林縣,水林鄉,3,3689,5.57
40832,2022-12-01,雲林縣,水林鄉,5,3686,5.86
41203,2022-11-30,雲林縣,水林鄉,7,3681,5.14
41578,2022-11-29,雲林縣,水林鄉,6,3674,5.57
41956,2022-11-28,雲林縣,水林鄉,6,3668,6.00
42330,2022-11-27,雲林縣,水林鄉,5,3662,7.29
42686,2022-11-26,雲林縣,水林鄉,7,3657,7.57
43051,2022-11-25,雲林縣,水林鄉,5,3650,7.71
43788,2022-11-23,雲林縣,水林鄉,10,3645,9.57
44161,2022-11-22,雲林縣,水林鄉,9,3635,9.57
44539,2022-11-21,雲林縣,水林鄉,15,3626,10.43
44916,2022-11-20,雲林縣,水林鄉,7,3611,11.57
45284,2022-11-19,雲林縣,水林鄉,8,3604,12.29
45655,2022-11-18,雲林縣,水林鄉,4,3596,13.00
46027,2022-11-17,雲林縣,水林鄉,14,3592,14.00
46401,2022-11-16,雲林縣,水林鄉,10,3578,14.29
46784,2022-11-15,雲林縣,水林鄉,15,3568,13.86
47162,2022-11-14,雲林縣,水林鄉,23,3553,13.43
47540,2022-11-13,雲林縣,水林鄉,12,3530,12.71
47912,2022-11-12,雲林縣,水林鄉,13,3518,12.14
48290,2022-11-11,雲林縣,水林鄉,11,3505,11.29
48669,2022-11-10,雲林縣,水林鄉,16,3494,11.00
49053,2022-11-09,雲林縣,水林鄉,7,3478,10.71
49439,2022-11-08,雲林縣,水林鄉,12,3471,12.14
49824,2022-11-07,雲林縣,水林鄉,18,3459,11.43
50202,2022-11-06,雲林縣,水林鄉,8,3441,12.00
50572,2022-11-05,雲林縣,水林鄉,7,3433,12.43
50955,2022-11-04,雲林縣,水林鄉,9,3426,12.86
51338,2022-11-03,雲林縣,水林鄉,14,3417,14.86
51718,2022-11-02,雲林縣,水林鄉,17,3403,15.43
52105,2022-11-01,雲林縣,水林鄉,7,3386,14.57
52488,2022-10-31,雲林縣,水林鄉,22,3379,16.57
52871,2022-10-30,雲林縣,水林鄉,11,3357,15.14
53248,2022-10-29,雲林縣,水林鄉,10,3346,15.43
53632,2022-10-28,雲林縣,水林鄉,23,3336,15.86
54018,2022-10-27,雲林縣,水林鄉,18,3313,13.86
54403,2022-10-26,雲林縣,水林鄉,11,3295,13.00
54789,2022-10-25,雲林縣,水林鄉,21,3284,13.43
55180,2022-10-24,雲林縣,水林鄉,12,3263,12.00
55565,2022-10-23,雲林縣,水林鄉,13,3251,15.14
55946,2022-10-22,雲林縣,水林鄉,13,3238,14.86
56332,2022-10-21,雲林縣,水林鄉,9,3225,15.57
56720,2022-10-20,雲林縣,水林鄉,12,3216,16.29
57106,2022-10-19,雲林縣,水林鄉,14,3204,17.14
57493,2022-10-18,雲林縣,水林鄉,11,3190,17.86
57883,2022-10-17,雲林縣,水林鄉,34,3179,21.29
58272,2022-10-16,雲林縣,水林鄉,11,3145,19.57
58657,2022-10-15,雲林縣,水林鄉,18,3134,21.29
59043,2022-10-14,雲林縣,水林鄉,14,3116,21.43
59432,2022-10-13,雲林縣,水林鄉,18,3102,22.29
59823,2022-10-12,雲林縣,水林鄉,19,3084,23.00
60213,2022-10-11,雲林縣,水林鄉,35,3065,24.14
60603,2022-10-10,雲林縣,水林鄉,22,3030,21.57
60987,2022-10-09,雲林縣,水林鄉,23,3008,20.86
61375,2022-10-08,雲林縣,水林鄉,19,2985,20.14
61764,2022-10-07,雲林縣,水林鄉,20,2966,21.43
62151,2022-10-06,雲林縣,水林鄉,23,2946,21.57
62542,2022-10-05,雲林縣,水林鄉,27,2923,20.57
62929,2022-10-04,雲林縣,水林鄉,17,2896,19.29
63318,2022-10-03,雲林縣,水林鄉,17,2879,20.00
63708,2022-10-02,雲林縣,水林鄉,18,2862,22.43
64089,2022-10-01,雲林縣,水林鄉,28,2844,21.71
64475,2022-09-30,雲林縣,水林鄉,21,2816,19.43
64861,2022-09-29,雲林縣,水林鄉,16,2795,18.43
65249,2022-09-28,雲林縣,水林鄉,18,2779,18.00
65636,2022-09-27,雲林縣,水林鄉,22,2761,18.43
66022,2022-09-26,雲林縣,水林鄉,34,2739,18.00
66409,2022-09-25,雲林縣,水林鄉,13,2705,17.00
66794,2022-09-24,雲林縣,水林鄉,12,2692,18.00
67179,2022-09-23,雲林縣,水林鄉,14,2680,18.29
67566,2022-09-22,雲林縣,水林鄉,13,2666,19.00
67955,2022-09-21,雲林縣,水林鄉,21,2653,19.71
68344,2022-09-20,雲林縣,水林鄉,19,2632,19.00
68734,2022-09-19,雲林縣,水林鄉,27,2613,19.71
69124,2022-09-18,雲林縣,水林鄉,20,2586,19.43
69507,2022-09-17,雲林縣,水林鄉,14,2566,18.00
69894,2022-09-16,雲林縣,水林鄉,19,2552,17.71
70279,2022-09-15,雲林縣,水林鄉,18,2533,17.14
70666,2022-09-14,雲林縣,水林鄉,16,2515,16.71
71052,2022-09-13,雲林縣,水林鄉,24,2499,16.71
71441,2022-09-12,雲林縣,水林鄉,25,2475,15.71
71828,2022-09-11,雲林縣,水林鄉,10,2450,13.00
72211,2022-09-10,雲林縣,水林鄉,12,2440,13.86
72592,2022-09-09,雲林縣,水林鄉,15,2428,14.14
72976,2022-09-08,雲林縣,水林鄉,15,2413,13.43
73363,2022-09-07,雲林縣,水林鄉,16,2398,13.14
73747,2022-09-06,雲林縣,水林鄉,17,2382,12.29
74133,2022-09-05,雲林縣,水林鄉,6,2365,11.57
74517,2022-09-04,雲林縣,水林鄉,16,2359,12.43
74901,2022-09-03,雲林縣,水林鄉,14,2343,11.71
75289,2022-09-02,雲林縣,水林鄉,10,2329,11.14
75675,2022-09-01,雲林縣,水林鄉,13,2319,11.29
76064,2022-08-31,雲林縣,水林鄉,10,2306,10.43
76451,2022-08-30,雲林縣,水林鄉,12,2296,11.00
76839,2022-08-29,雲林縣,水林鄉,12,2284,12.29
77226,2022-08-28,雲林縣,水林鄉,11,2272,13.00
77611,2022-08-27,雲林縣,水林鄉,10,2261,13.29
77997,2022-08-26,雲林縣,水林鄉,11,2251,13.57
78381,2022-08-25,雲林縣,水林鄉,7,2240,14.00
78766,2022-08-24,雲林縣,水林鄉,14,2233,14.71
79153,2022-08-23,雲林縣,水林鄉,21,2219,14.00
79538,2022-08-22,雲林縣,水林鄉,17,2198,12.29
79922,2022-08-21,雲林縣,水林鄉,13,2181,12.00
80302,2022-08-20,雲林縣,水林鄉,12,2168,11.43
80686,2022-08-19,雲林縣,水林鄉,14,2156,11.43
81072,2022-08-18,雲林縣,水林鄉,12,2142,12.00
81461,2022-08-17,雲林縣,水林鄉,9,2130,12.29
81846,2022-08-16,雲林縣,水林鄉,9,2121,12.57
82233,2022-08-15,雲林縣,水林鄉,15,2112,14.43
82616,2022-08-14,雲林縣,水林鄉,9,2097,15.29
82993,2022-08-13,雲林縣,水林鄉,12,2088,16.00
83375,2022-08-12,雲林縣,水林鄉,18,2076,16.00
83759,2022-08-11,雲林縣,水林鄉,14,2058,15.43
84146,2022-08-10,雲林縣,水林鄉,11,2044,15.71
84529,2022-08-09,雲林縣,水林鄉,22,2033,16.00
84915,2022-08-08,雲林縣,水林鄉,21,2011,14.14
85295,2022-08-07,雲林縣,水林鄉,14,1990,14.57
85669,2022-08-06,雲林縣,水林鄉,12,1976,14.43
86053,2022-08-05,雲林縣,水林鄉,14,1964,13.86
86439,2022-08-04,雲林縣,水林鄉,16,1950,14.14
86824,2022-08-03,雲林縣,水林鄉,13,1934,14.86
87206,2022-08-02,雲林縣,水林鄉,9,1921,15.57
87593,2022-08-01,雲林縣,水林鄉,24,1912,16.29
87976,2022-07-31,雲林縣,水林鄉,13,1888,15.29
88354,2022-07-30,雲林縣,水林鄉,8,1875,13.86
88734,2022-07-29,雲林縣,水林鄉,16,1867,14.71
89120,2022-07-28,雲林縣,水林鄉,21,1851,15.00
89507,2022-07-27,雲林縣,水林鄉,18,1830,13.43
89897,2022-07-26,雲林縣,水林鄉,14,1812,13.00
90284,2022-07-25,雲林縣,水林鄉,17,1798,12.43
90664,2022-07-24,雲林縣,水林鄉,3,1781,13.14
91044,2022-07-23,雲林縣,水林鄉,14,1778,14.43
91430,2022-07-22,雲林縣,水林鄉,18,1764,14.86
91816,2022-07-21,雲林縣,水林鄉,10,1746,13.86
92198,2022-07-20,雲林縣,水林鄉,15,1736,15.29
92587,2022-07-19,雲林縣,水林鄉,10,1721,17.29
92976,2022-07-18,雲林縣,水林鄉,22,1711,18.57
93362,2022-07-17,雲林縣,水林鄉,12,1689,19.43
93741,2022-07-16,雲林縣,水林鄉,17,1677,19.57
94129,2022-07-15,雲林縣,水林鄉,11,1660,19.86
94516,2022-07-14,雲林縣,水林鄉,20,1649,21.57
94905,2022-07-13,雲林縣,水林鄉,29,1629,23.00
95292,2022-07-12,雲林縣,水林鄉,19,1600,23.00
95681,2022-07-11,雲林縣,水林鄉,28,1581,23.71
96068,2022-07-10,雲林縣,水林鄉,13,1553,22.86
96453,2022-07-09,雲林縣,水林鄉,19,1540,22.86
96840,2022-07-08,雲林縣,水林鄉,23,1521,23.43
97231,2022-07-07,雲林縣,水林鄉,30,1498,23.29
97621,2022-07-06,雲林縣,水林鄉,29,1468,21.86
98010,2022-07-05,雲林縣,水林鄉,24,1439,22.71
98399,2022-07-04,雲林縣,水林鄉,22,1415,22.57
98789,2022-07-03,雲林縣,水林鄉,13,1393,24.14
99171,2022-07-02,雲林縣,水林鄉,23,1380,27.29
99562,2022-07-01,雲林縣,水林鄉,22,1357,27.57
99954,2022-06-30,雲林縣,水林鄉,20,1335,28.57
100345,2022-06-29,雲林縣,水林鄉,35,1315,29.86
100735,2022-06-28,雲林縣,水林鄉,23,1280,29.71
101126,2022-06-27,雲林縣,水林鄉,33,1257,29.29
101513,2022-06-26,雲林縣,水林鄉,35,1224,29.86
101900,2022-06-25,雲林縣,水林鄉,25,1189,28.43
102288,2022-06-24,雲林縣,水林鄉,29,1164,28.86
102680,2022-06-23,雲林縣,水林鄉,29,1135,29.86
103073,2022-06-22,雲林縣,水林鄉,34,1106,30.29
103462,2022-06-21,雲林縣,水林鄉,20,1072,28.86
103854,2022-06-20,雲林縣,水林鄉,37,1052,29.57
104244,2022-06-19,雲林縣,水林鄉,25,1015,27.14
104635,2022-06-18,雲林縣,水林鄉,28,990,25.86
105026,2022-06-17,雲林縣,水林鄉,36,962,25.71
105416,2022-06-16,雲林縣,水林鄉,32,926,23.00
105806,2022-06-15,雲林縣,水林鄉,24,894,22.86
106196,2022-06-14,雲林縣,水林鄉,25,870,24.00
106588,2022-06-13,雲林縣,水林鄉,20,845,24.57
106978,2022-06-12,雲林縣,水林鄉,16,825,25.00
107365,2022-06-11,雲林縣,水林鄉,27,809,25.14
107757,2022-06-10,雲林縣,水林鄉,17,782,24.29
108146,2022-06-09,雲林縣,水林鄉,31,765,24.57
108535,2022-06-08,雲林縣,水林鄉,32,734,21.00
108925,2022-06-07,雲林縣,水林鄉,29,702,22.14
109317,2022-06-06,雲林縣,水林鄉,23,673,22.86
109707,2022-06-05,雲林縣,水林鄉,17,650,24.86
110096,2022-06-04,雲林縣,水林鄉,21,633,25.86
110486,2022-06-03,雲林縣,水林鄉,19,612,25.71
110877,2022-06-02,雲林縣,水林鄉,6,593,26.57
111267,2022-06-01,雲林縣,水林鄉,40,587,30.57
111659,2022-05-31,雲林縣,水林鄉,34,547,28.71
112050,2022-05-30,雲林縣,水林鄉,37,513,26.86
112441,2022-05-29,雲林縣,水林鄉,24,476,24.43
112832,2022-05-28,雲林縣,水林鄉,20,452,23.86
113222,2022-05-27,雲林縣,水林鄉,25,432,23.29
113612,2022-05-26,雲林縣,水林鄉,34,407,22.71
114003,2022-05-25,雲林縣,水林鄉,27,373,22.14
114393,2022-05-24,雲林縣,水林鄉,21,346,21.57
114785,2022-05-23,雲林縣,水林鄉,20,325,21.43
115176,2022-05-22,雲林縣,水林鄉,20,305,21.71
115567,2022-05-21,雲林縣,水林鄉,16,285,22.00
115952,2022-05-20,雲林縣,水林鄉,21,269,20.86
116340,2022-05-19,雲林縣,水林鄉,30,248,19.57
116728,2022-05-18,雲林縣,水林鄉,23,218,18.29
117119,2022-05-17,雲林縣,水林鄉,20,195,16.57
117508,2022-05-16,雲林縣,水林鄉,22,175,16.00
117896,2022-05-15,雲林縣,水林鄉,22,153,14.14
118280,2022-05-14,雲林縣,水林鄉,8,131,12.57
118665,2022-05-13,雲林縣,水林鄉,12,123,12.57
119052,2022-05-12,雲林縣,水林鄉,21,111,12.29
119435,2022-05-11,雲林縣,水林鄉,11,90,9.29
119821,2022-05-10,雲林縣,水林鄉,16,79,8.71
120203,2022-05-09,雲林縣,水林鄉,9,63,7.14
120583,2022-05-08,雲林縣,水林鄉,11,54,6.71
120969,2022-05-07,雲林縣,水林鄉,8,43,5.14
121347,2022-05-06,雲林縣,水林鄉,10,35,4.71
122090,2022-05-04,雲林縣,水林鄉,7,25,3.43
122454,2022-05-03,雲林縣,水林鄉,5,18,2.43
122809,2022-05-02,雲林縣,水林鄉,6,13,1.71
123487,2022-04-30,雲林縣,水林鄉,5,7,0.86
124126,2022-04-28,雲林縣,水林鄉,1,2,0.14
127969,2022-04-09,雲林縣,水林鄉,1,1,0.14
