UID,個案研判日,縣市別,區域,新增確診人數,累計確診人數,七天移動平均新增確診人數
215,2023-06-14,高雄市,大樹區,3,15106,0.43
798,2023-03-20,高雄市,大樹區,3,15103,8.14
1100,2023-03-19,高雄市,大樹區,7,15100,10.00
1433,2023-03-18,高雄市,大樹區,14,15093,10.57
1779,2023-03-17,高雄市,大樹區,4,15079,10.86
2131,2023-03-16,高雄市,大樹區,14,15075,11.14
2484,2023-03-15,高雄市,大樹區,7,15061,11.57
2834,2023-03-14,高雄市,大樹區,8,15054,13.00
3192,2023-03-13,高雄市,大樹區,16,15046,13.71
3546,2023-03-12,高雄市,大樹區,11,15030,15.71
3896,2023-03-11,高雄市,大樹區,16,15019,15.57
4246,2023-03-10,高雄市,大樹區,6,15003,15.00
4603,2023-03-09,高雄市,大樹區,17,14997,16.57
4959,2023-03-08,高雄市,大樹區,17,14980,17.43
5316,2023-03-07,高雄市,大樹區,13,14963,17.86
5678,2023-03-06,高雄市,大樹區,30,14950,18.57
6037,2023-03-05,高雄市,大樹區,10,14920,15.86
6378,2023-03-04,高雄市,大樹區,12,14910,15.43
6732,2023-03-03,高雄市,大樹區,17,14898,17.00
7093,2023-03-02,高雄市,大樹區,23,14881,16.00
7455,2023-03-01,高雄市,大樹區,20,14858,16.14
7827,2023-02-28,高雄市,大樹區,18,14838,15.43
8193,2023-02-27,高雄市,大樹區,11,14820,15.57
8544,2023-02-26,高雄市,大樹區,7,14809,19.00
8896,2023-02-25,高雄市,大樹區,23,14802,20.86
9265,2023-02-24,高雄市,大樹區,10,14779,21.14
9628,2023-02-23,高雄市,大樹區,24,14769,23.00
9998,2023-02-22,高雄市,大樹區,15,14745,23.00
10371,2023-02-21,高雄市,大樹區,19,14730,25.57
10743,2023-02-20,高雄市,大樹區,35,14711,27.71
11117,2023-02-19,高雄市,大樹區,20,14676,27.00
11479,2023-02-18,高雄市,大樹區,25,14656,28.00
11844,2023-02-17,高雄市,大樹區,23,14631,27.57
12220,2023-02-16,高雄市,大樹區,24,14608,29.29
12593,2023-02-15,高雄市,大樹區,33,14584,30.43
12968,2023-02-14,高雄市,大樹區,34,14551,29.71
13339,2023-02-13,高雄市,大樹區,30,14517,28.14
13716,2023-02-12,高雄市,大樹區,27,14487,30.43
14076,2023-02-11,高雄市,大樹區,22,14460,29.14
14445,2023-02-10,高雄市,大樹區,35,14438,30.00
14819,2023-02-09,高雄市,大樹區,32,14403,30.29
15199,2023-02-08,高雄市,大樹區,28,14371,29.86
15576,2023-02-07,高雄市,大樹區,23,14343,31.57
15956,2023-02-06,高雄市,大樹區,46,14320,34.71
16332,2023-02-05,高雄市,大樹區,18,14274,35.43
16706,2023-02-04,高雄市,大樹區,28,14256,37.43
17085,2023-02-03,高雄市,大樹區,37,14228,40.43
17471,2023-02-02,高雄市,大樹區,29,14191,39.57
17852,2023-02-01,高雄市,大樹區,40,14162,41.43
18232,2023-01-31,高雄市,大樹區,45,14122,39.57
18617,2023-01-30,高雄市,大樹區,51,14077,34.71
19003,2023-01-29,高雄市,大樹區,32,14026,30.43
19381,2023-01-28,高雄市,大樹區,49,13994,27.57
19757,2023-01-27,高雄市,大樹區,31,13945,22.29
20138,2023-01-26,高雄市,大樹區,42,13914,21.71
20509,2023-01-25,高雄市,大樹區,27,13872,18.14
20878,2023-01-24,高雄市,大樹區,11,13845,17.57
21250,2023-01-23,高雄市,大樹區,21,13834,19.71
21619,2023-01-22,高雄市,大樹區,12,13813,21.43
21986,2023-01-21,高雄市,大樹區,12,13801,22.57
22359,2023-01-20,高雄市,大樹區,27,13789,23.29
22724,2023-01-19,高雄市,大樹區,17,13762,22.00
23097,2023-01-18,高雄市,大樹區,23,13745,22.43
23463,2023-01-17,高雄市,大樹區,26,13722,23.00
23830,2023-01-16,高雄市,大樹區,33,13696,23.71
24208,2023-01-15,高雄市,大樹區,20,13663,24.71
24571,2023-01-14,高雄市,大樹區,17,13643,24.00
24938,2023-01-13,高雄市,大樹區,18,13626,24.57
25309,2023-01-12,高雄市,大樹區,20,13608,25.86
25683,2023-01-11,高雄市,大樹區,27,13588,28.86
26059,2023-01-10,高雄市,大樹區,31,13561,32.00
26432,2023-01-09,高雄市,大樹區,40,13530,33.71
26806,2023-01-08,高雄市,大樹區,15,13490,32.71
27167,2023-01-07,高雄市,大樹區,21,13475,33.86
27540,2023-01-06,高雄市,大樹區,27,13454,35.43
27917,2023-01-05,高雄市,大樹區,41,13427,35.57
28295,2023-01-04,高雄市,大樹區,49,13386,35.14
28677,2023-01-03,高雄市,大樹區,43,13337,33.00
29057,2023-01-02,高雄市,大樹區,33,13294,31.14
29429,2023-01-01,高雄市,大樹區,23,13261,30.86
29790,2022-12-31,高雄市,大樹區,32,13238,30.14
30157,2022-12-30,高雄市,大樹區,28,13206,29.57
30531,2022-12-29,高雄市,大樹區,38,13178,29.86
30903,2022-12-28,高雄市,大樹區,34,13140,28.14
31272,2022-12-27,高雄市,大樹區,30,13106,28.00
31647,2022-12-26,高雄市,大樹區,31,13076,26.86
32016,2022-12-25,高雄市,大樹區,18,13045,26.00
32374,2022-12-24,高雄市,大樹區,28,13027,25.14
32733,2022-12-23,高雄市,大樹區,30,12999,24.57
33100,2022-12-22,高雄市,大樹區,26,12969,23.43
33465,2022-12-21,高雄市,大樹區,33,12943,22.86
33832,2022-12-20,高雄市,大樹區,22,12910,20.29
34198,2022-12-19,高雄市,大樹區,25,12888,19.71
34566,2022-12-18,高雄市,大樹區,12,12863,20.29
34916,2022-12-17,高雄市,大樹區,24,12851,19.86
35278,2022-12-16,高雄市,大樹區,22,12827,17.86
35641,2022-12-15,高雄市,大樹區,22,12805,16.86
36011,2022-12-14,高雄市,大樹區,15,12783,16.29
36371,2022-12-13,高雄市,大樹區,18,12768,17.43
36749,2022-12-12,高雄市,大樹區,29,12750,16.71
37112,2022-12-11,高雄市,大樹區,9,12721,16.29
37471,2022-12-10,高雄市,大樹區,10,12712,16.57
37838,2022-12-09,高雄市,大樹區,15,12702,16.71
38204,2022-12-08,高雄市,大樹區,18,12687,17.00
38578,2022-12-07,高雄市,大樹區,23,12669,16.86
38945,2022-12-06,高雄市,大樹區,13,12646,15.86
39321,2022-12-05,高雄市,大樹區,26,12633,17.86
39698,2022-12-04,高雄市,大樹區,11,12607,17.00
40064,2022-12-03,高雄市,大樹區,11,12596,17.57
40433,2022-12-02,高雄市,大樹區,17,12585,19.14
40799,2022-12-01,高雄市,大樹區,17,12568,20.29
41172,2022-11-30,高雄市,大樹區,16,12551,21.14
41545,2022-11-29,高雄市,大樹區,27,12535,23.43
41924,2022-11-28,高雄市,大樹區,20,12508,24.14
42301,2022-11-27,高雄市,大樹區,15,12488,25.14
42657,2022-11-26,高雄市,大樹區,22,12473,25.43
43019,2022-11-25,高雄市,大樹區,25,12451,25.71
43388,2022-11-24,高雄市,大樹區,23,12426,25.57
43757,2022-11-23,高雄市,大樹區,32,12403,25.71
44130,2022-11-22,高雄市,大樹區,32,12371,26.14
44507,2022-11-21,高雄市,大樹區,27,12339,27.00
44886,2022-11-20,高雄市,大樹區,17,12312,28.43
45253,2022-11-19,高雄市,大樹區,24,12295,29.14
45624,2022-11-18,高雄市,大樹區,24,12271,31.29
45997,2022-11-17,高雄市,大樹區,24,12247,33.43
46371,2022-11-16,高雄市,大樹區,35,12223,35.43
46752,2022-11-15,高雄市,大樹區,38,12188,35.57
47130,2022-11-14,高雄市,大樹區,37,12150,36.14
47509,2022-11-13,高雄市,大樹區,22,12113,37.14
47881,2022-11-12,高雄市,大樹區,39,12091,37.29
48259,2022-11-11,高雄市,大樹區,39,12052,36.71
48636,2022-11-10,高雄市,大樹區,38,12013,36.57
49020,2022-11-09,高雄市,大樹區,36,11975,36.86
49407,2022-11-08,高雄市,大樹區,42,11939,37.86
49792,2022-11-07,高雄市,大樹區,44,11897,38.71
50171,2022-11-06,高雄市,大樹區,23,11853,42.43
50540,2022-11-05,高雄市,大樹區,35,11830,46.00
50921,2022-11-04,高雄市,大樹區,38,11795,47.57
51306,2022-11-03,高雄市,大樹區,40,11757,49.43
51685,2022-11-02,高雄市,大樹區,43,11717,51.71
52073,2022-11-01,高雄市,大樹區,48,11674,52.57
52455,2022-10-31,高雄市,大樹區,70,11626,53.00
52839,2022-10-30,高雄市,大樹區,48,11556,54.43
53215,2022-10-29,高雄市,大樹區,46,11508,52.71
53599,2022-10-28,高雄市,大樹區,51,11462,54.86
53986,2022-10-27,高雄市,大樹區,56,11411,58.43
54369,2022-10-26,高雄市,大樹區,49,11355,60.57
54755,2022-10-25,高雄市,大樹區,51,11306,62.86
55146,2022-10-24,高雄市,大樹區,80,11255,66.29
55533,2022-10-23,高雄市,大樹區,36,11175,68.43
55912,2022-10-22,高雄市,大樹區,61,11139,70.57
56298,2022-10-21,高雄市,大樹區,76,11078,73.14
56687,2022-10-20,高雄市,大樹區,71,11002,70.29
57072,2022-10-19,高雄市,大樹區,65,10931,71.00
57459,2022-10-18,高雄市,大樹區,75,10866,72.29
57849,2022-10-17,高雄市,大樹區,95,10791,74.71
58238,2022-10-16,高雄市,大樹區,51,10696,69.57
58623,2022-10-15,高雄市,大樹區,79,10645,71.43
59009,2022-10-14,高雄市,大樹區,56,10566,69.43
59398,2022-10-13,高雄市,大樹區,76,10510,69.86
59789,2022-10-12,高雄市,大樹區,74,10434,71.14
60179,2022-10-11,高雄市,大樹區,92,10360,69.14
60569,2022-10-10,高雄市,大樹區,59,10268,67.29
60953,2022-10-09,高雄市,大樹區,64,10209,68.57
61341,2022-10-08,高雄市,大樹區,65,10145,65.71
61730,2022-10-07,高雄市,大樹區,59,10080,64.43
62117,2022-10-06,高雄市,大樹區,85,10021,61.57
62508,2022-10-05,高雄市,大樹區,60,9936,57.43
62896,2022-10-04,高雄市,大樹區,79,9876,56.71
63284,2022-10-03,高雄市,大樹區,68,9797,54.57
63675,2022-10-02,高雄市,大樹區,44,9729,53.86
64055,2022-10-01,高雄市,大樹區,56,9685,51.57
64441,2022-09-30,高雄市,大樹區,39,9629,50.14
64827,2022-09-29,高雄市,大樹區,56,9590,50.57
65215,2022-09-28,高雄市,大樹區,55,9534,52.00
65602,2022-09-27,高雄市,大樹區,64,9479,51.14
65989,2022-09-26,高雄市,大樹區,63,9415,49.43
66376,2022-09-25,高雄市,大樹區,28,9352,49.29
66760,2022-09-24,高雄市,大樹區,46,9324,53.14
67145,2022-09-23,高雄市,大樹區,42,9278,54.57
67533,2022-09-22,高雄市,大樹區,66,9236,55.57
67921,2022-09-21,高雄市,大樹區,49,9170,53.57
68310,2022-09-20,高雄市,大樹區,52,9121,54.43
68700,2022-09-19,高雄市,大樹區,62,9069,55.57
69090,2022-09-18,高雄市,大樹區,55,9007,56.86
69473,2022-09-17,高雄市,大樹區,56,8952,51.00
69860,2022-09-16,高雄市,大樹區,49,8896,49.00
70245,2022-09-15,高雄市,大樹區,52,8847,47.71
70632,2022-09-14,高雄市,大樹區,55,8795,44.29
71018,2022-09-13,高雄市,大樹區,60,8740,41.00
71407,2022-09-12,高雄市,大樹區,71,8680,37.86
71795,2022-09-11,高雄市,大樹區,14,8609,35.29
72177,2022-09-10,高雄市,大樹區,42,8595,36.86
72560,2022-09-09,高雄市,大樹區,40,8553,36.57
72942,2022-09-08,高雄市,大樹區,28,8513,33.71
73329,2022-09-07,高雄市,大樹區,32,8485,33.86
73713,2022-09-06,高雄市,大樹區,38,8453,35.14
74099,2022-09-05,高雄市,大樹區,53,8415,36.57
74484,2022-09-04,高雄市,大樹區,25,8362,34.43
74867,2022-09-03,高雄市,大樹區,40,8337,34.14
75255,2022-09-02,高雄市,大樹區,20,8297,32.43
75641,2022-09-01,高雄市,大樹區,29,8277,32.71
76030,2022-08-31,高雄市,大樹區,41,8248,32.43
76417,2022-08-30,高雄市,大樹區,48,8207,29.14
76805,2022-08-29,高雄市,大樹區,38,8159,25.86
77192,2022-08-28,高雄市,大樹區,23,8121,24.14
77577,2022-08-27,高雄市,大樹區,28,8098,22.14
77963,2022-08-26,高雄市,大樹區,22,8070,19.57
78347,2022-08-25,高雄市,大樹區,27,8048,19.43
78732,2022-08-24,高雄市,大樹區,18,8021,19.43
79120,2022-08-23,高雄市,大樹區,25,8003,19.14
79504,2022-08-22,高雄市,大樹區,26,7978,19.71
79890,2022-08-21,高雄市,大樹區,9,7952,20.57
80269,2022-08-20,高雄市,大樹區,10,7943,20.43
80652,2022-08-19,高雄市,大樹區,21,7933,22.29
81038,2022-08-18,高雄市,大樹區,27,7912,22.71
81427,2022-08-17,高雄市,大樹區,16,7885,21.86
81812,2022-08-16,高雄市,大樹區,29,7869,24.29
82199,2022-08-15,高雄市,大樹區,32,7840,25.00
82583,2022-08-14,高雄市,大樹區,8,7808,24.86
82960,2022-08-13,高雄市,大樹區,23,7800,25.71
83341,2022-08-12,高雄市,大樹區,24,7777,25.43
83726,2022-08-11,高雄市,大樹區,21,7753,26.29
84113,2022-08-10,高雄市,大樹區,33,7732,27.29
84498,2022-08-09,高雄市,大樹區,34,7699,25.86
84881,2022-08-08,高雄市,大樹區,31,7665,26.14
85262,2022-08-07,高雄市,大樹區,14,7634,25.57
85636,2022-08-06,高雄市,大樹區,21,7620,26.14
86019,2022-08-05,高雄市,大樹區,30,7599,28.57
86405,2022-08-04,高雄市,大樹區,28,7569,27.57
86790,2022-08-03,高雄市,大樹區,23,7541,27.57
87172,2022-08-02,高雄市,大樹區,36,7518,28.14
87559,2022-08-01,高雄市,大樹區,27,7482,27.43
87944,2022-07-31,高雄市,大樹區,18,7455,28.86
88321,2022-07-30,高雄市,大樹區,38,7437,30.29
88700,2022-07-29,高雄市,大樹區,23,7399,29.00
89086,2022-07-28,高雄市,大樹區,28,7376,30.43
89473,2022-07-27,高雄市,大樹區,27,7348,30.29
89863,2022-07-26,高雄市,大樹區,31,7321,30.14
90250,2022-07-25,高雄市,大樹區,37,7290,33.43
90631,2022-07-24,高雄市,大樹區,28,7253,33.86
91011,2022-07-23,高雄市,大樹區,29,7225,36.29
91396,2022-07-22,高雄市,大樹區,33,7196,38.71
91782,2022-07-21,高雄市,大樹區,27,7163,38.29
92165,2022-07-20,高雄市,大樹區,26,7136,40.29
92553,2022-07-19,高雄市,大樹區,54,7110,41.00
92942,2022-07-18,高雄市,大樹區,40,7056,39.57
93328,2022-07-17,高雄市,大樹區,45,7016,43.43
93707,2022-07-16,高雄市,大樹區,46,6971,39.43
94095,2022-07-15,高雄市,大樹區,30,6925,37.86
94482,2022-07-14,高雄市,大樹區,41,6895,40.00
94871,2022-07-13,高雄市,大樹區,31,6854,41.86
95259,2022-07-12,高雄市,大樹區,44,6823,45.00
95647,2022-07-11,高雄市,大樹區,67,6779,48.43
96034,2022-07-10,高雄市,大樹區,17,6712,48.00
96419,2022-07-09,高雄市,大樹區,35,6695,50.29
96806,2022-07-08,高雄市,大樹區,45,6660,54.86
97197,2022-07-07,高雄市,大樹區,54,6615,56.71
97588,2022-07-06,高雄市,大樹區,53,6561,59.29
97976,2022-07-05,高雄市,大樹區,68,6508,61.57
98366,2022-07-04,高雄市,大樹區,64,6440,64.71
98755,2022-07-03,高雄市,大樹區,33,6376,72.43
99138,2022-07-02,高雄市,大樹區,67,6343,73.86
99528,2022-07-01,高雄市,大樹區,58,6276,80.00
99920,2022-06-30,高雄市,大樹區,72,6218,83.71
100311,2022-06-29,高雄市,大樹區,69,6146,90.29
100701,2022-06-28,高雄市,大樹區,90,6077,93.71
101092,2022-06-27,高雄市,大樹區,118,5987,94.43
101479,2022-06-26,高雄市,大樹區,43,5869,100.71
101866,2022-06-25,高雄市,大樹區,110,5826,101.29
102255,2022-06-24,高雄市,大樹區,84,5716,97.57
102646,2022-06-23,高雄市,大樹區,118,5632,102.71
103039,2022-06-22,高雄市,大樹區,93,5514,102.00
103428,2022-06-21,高雄市,大樹區,95,5421,108.29
103820,2022-06-20,高雄市,大樹區,162,5326,116.14
104210,2022-06-19,高雄市,大樹區,47,5164,118.00
104601,2022-06-18,高雄市,大樹區,84,5117,123.43
104992,2022-06-17,高雄市,大樹區,120,5033,139.29
105382,2022-06-16,高雄市,大樹區,113,4913,143.00
105772,2022-06-15,高雄市,大樹區,137,4800,150.14
106162,2022-06-14,高雄市,大樹區,150,4663,154.29
106554,2022-06-13,高雄市,大樹區,175,4513,159.14
106944,2022-06-12,高雄市,大樹區,85,4338,157.14
107331,2022-06-11,高雄市,大樹區,195,4253,160.86
107723,2022-06-10,高雄市,大樹區,146,4058,152.29
108112,2022-06-09,高雄市,大樹區,163,3912,153.29
108501,2022-06-08,高雄市,大樹區,166,3749,155.71
108891,2022-06-07,高雄市,大樹區,184,3583,157.00
109283,2022-06-06,高雄市,大樹區,161,3399,157.00
109673,2022-06-05,高雄市,大樹區,111,3238,153.86
110062,2022-06-04,高雄市,大樹區,135,3127,151.29
110452,2022-06-03,高雄市,大樹區,153,2992,149.86
110843,2022-06-02,高雄市,大樹區,180,2839,145.86
111233,2022-06-01,高雄市,大樹區,175,2659,144.00
111625,2022-05-31,高雄市,大樹區,184,2484,138.71
112016,2022-05-30,高雄市,大樹區,139,2300,134.71
112407,2022-05-29,高雄市,大樹區,93,2161,136.14
112798,2022-05-28,高雄市,大樹區,125,2068,138.00
113188,2022-05-27,高雄市,大樹區,125,1943,134.57
113578,2022-05-26,高雄市,大樹區,167,1818,136.29
113969,2022-05-25,高雄市,大樹區,138,1651,129.57
114359,2022-05-24,高雄市,大樹區,156,1513,123.57
114751,2022-05-23,高雄市,大樹區,149,1357,118.57
115142,2022-05-22,高雄市,大樹區,106,1208,109.43
115533,2022-05-21,高雄市,大樹區,101,1102,102.86
115918,2022-05-20,高雄市,大樹區,137,1001,97.43
116306,2022-05-19,高雄市,大樹區,120,864,84.14
116694,2022-05-18,高雄市,大樹區,96,744,73.71
117085,2022-05-17,高雄市,大樹區,121,648,65.14
117474,2022-05-16,高雄市,大樹區,85,527,53.29
117862,2022-05-15,高雄市,大樹區,60,442,45.14
118246,2022-05-14,高雄市,大樹區,63,382,39.29
118631,2022-05-13,高雄市,大樹區,44,319,31.86
119018,2022-05-12,高雄市,大樹區,47,275,27.57
119402,2022-05-11,高雄市,大樹區,36,228,24.00
119787,2022-05-10,高雄市,大樹區,38,192,19.14
120169,2022-05-09,高雄市,大樹區,28,154,15.57
120550,2022-05-08,高雄市,大樹區,19,126,12.29
120935,2022-05-07,高雄市,大樹區,11,107,10.86
121313,2022-05-06,高雄市,大樹區,14,96,9.57
121690,2022-05-05,高雄市,大樹區,22,82,8.14
122058,2022-05-04,高雄市,大樹區,2,60,5.29
122422,2022-05-03,高雄市,大樹區,13,58,5.29
122777,2022-05-02,高雄市,大樹區,5,45,3.71
123122,2022-05-01,高雄市,大樹區,9,40,3.43
123457,2022-04-30,高雄市,大樹區,2,31,2.29
123783,2022-04-29,高雄市,大樹區,4,29,2.00
124098,2022-04-28,高雄市,大樹區,2,25,1.57
124405,2022-04-27,高雄市,大樹區,2,23,1.29
124701,2022-04-26,高雄市,大樹區,2,21,1.00
124984,2022-04-25,高雄市,大樹區,3,19,0.71
125252,2022-04-24,高雄市,大樹區,1,16,0.29
125739,2022-04-22,高雄市,大樹區,1,15,0.57
126768,2022-04-17,高雄市,大樹區,3,14,1.29
127263,2022-04-14,高雄市,大樹區,2,11,0.86
127416,2022-04-13,高雄市,大樹區,3,9,0.57
127709,2022-04-11,高雄市,大樹區,1,6,0.29
128393,2022-04-05,高雄市,大樹區,1,5,0.14
129328,2022-02-09,高雄市,大樹區,1,4,0.57
129348,2022-02-08,高雄市,大樹區,3,3,0.43
