UID,個案研判日,縣市別,區域,新增確診人數,累計確診人數,七天移動平均新增確診人數
1093,2023-03-19,高雄市,旗津區,8,9166,6.29
1426,2023-03-18,高雄市,旗津區,2,9158,5.14
1772,2023-03-17,高雄市,旗津區,6,9156,5.43
2124,2023-03-16,高雄市,旗津區,4,9150,5.43
2477,2023-03-15,高雄市,旗津區,9,9146,5.43
2827,2023-03-14,高雄市,旗津區,4,9137,4.57
3185,2023-03-13,高雄市,旗津區,11,9133,4.29
3889,2023-03-11,高雄市,旗津區,4,9122,4.57
4239,2023-03-10,高雄市,旗津區,6,9118,4.43
4596,2023-03-09,高雄市,旗津區,4,9112,5.14
4952,2023-03-08,高雄市,旗津區,3,9108,5.71
5309,2023-03-07,高雄市,旗津區,2,9105,6.57
5671,2023-03-06,高雄市,旗津區,5,9103,8.57
6030,2023-03-05,高雄市,旗津區,8,9098,9.57
6371,2023-03-04,高雄市,旗津區,3,9090,9.14
6725,2023-03-03,高雄市,旗津區,11,9087,9.29
7086,2023-03-02,高雄市,旗津區,8,9076,9.14
7448,2023-03-01,高雄市,旗津區,9,9068,9.57
7820,2023-02-28,高雄市,旗津區,16,9059,9.29
8186,2023-02-27,高雄市,旗津區,12,9043,8.43
8537,2023-02-26,高雄市,旗津區,5,9031,8.43
8889,2023-02-25,高雄市,旗津區,4,9026,9.57
9258,2023-02-24,高雄市,旗津區,10,9022,10.86
9621,2023-02-23,高雄市,旗津區,11,9012,10.00
9991,2023-02-22,高雄市,旗津區,7,9001,9.29
10364,2023-02-21,高雄市,旗津區,10,8994,10.00
10736,2023-02-20,高雄市,旗津區,12,8984,10.14
11110,2023-02-19,高雄市,旗津區,13,8972,10.57
11472,2023-02-18,高雄市,旗津區,13,8959,10.29
11837,2023-02-17,高雄市,旗津區,4,8946,10.57
12213,2023-02-16,高雄市,旗津區,6,8942,12.00
12586,2023-02-15,高雄市,旗津區,12,8936,14.43
12961,2023-02-14,高雄市,旗津區,11,8924,16.57
13332,2023-02-13,高雄市,旗津區,15,8913,17.57
13709,2023-02-12,高雄市,旗津區,11,8898,18.14
14069,2023-02-11,高雄市,旗津區,15,8887,19.43
14438,2023-02-10,高雄市,旗津區,14,8872,21.00
14812,2023-02-09,高雄市,旗津區,23,8858,21.29
15192,2023-02-08,高雄市,旗津區,27,8835,21.00
15569,2023-02-07,高雄市,旗津區,18,8808,21.29
15949,2023-02-06,高雄市,旗津區,19,8790,21.86
16325,2023-02-05,高雄市,旗津區,20,8771,24.14
16699,2023-02-04,高雄市,旗津區,26,8751,23.71
17078,2023-02-03,高雄市,旗津區,16,8725,22.71
17464,2023-02-02,高雄市,旗津區,21,8709,23.86
17845,2023-02-01,高雄市,旗津區,29,8688,24.14
18225,2023-01-31,高雄市,旗津區,22,8659,22.43
18610,2023-01-30,高雄市,旗津區,35,8637,21.00
18996,2023-01-29,高雄市,旗津區,17,8602,17.71
19374,2023-01-28,高雄市,旗津區,19,8585,17.43
19750,2023-01-27,高雄市,旗津區,24,8566,16.71
20131,2023-01-26,高雄市,旗津區,23,8542,16.57
20502,2023-01-25,高雄市,旗津區,17,8519,14.43
20871,2023-01-24,高雄市,旗津區,12,8502,13.86
21243,2023-01-23,高雄市,旗津區,12,8490,14.29
21612,2023-01-22,高雄市,旗津區,15,8478,14.57
21979,2023-01-21,高雄市,旗津區,14,8463,14.14
22352,2023-01-20,高雄市,旗津區,23,8449,16.14
22717,2023-01-19,高雄市,旗津區,8,8426,16.14
23090,2023-01-18,高雄市,旗津區,13,8418,17.71
23456,2023-01-17,高雄市,旗津區,15,8405,17.29
23823,2023-01-16,高雄市,旗津區,14,8390,17.43
24201,2023-01-15,高雄市,旗津區,12,8376,18.43
24564,2023-01-14,高雄市,旗津區,28,8364,19.71
24931,2023-01-13,高雄市,旗津區,23,8336,17.29
25302,2023-01-12,高雄市,旗津區,19,8313,17.14
25676,2023-01-11,高雄市,旗津區,10,8294,18.71
26052,2023-01-10,高雄市,旗津區,16,8284,22.71
26425,2023-01-09,高雄市,旗津區,21,8268,23.86
26799,2023-01-08,高雄市,旗津區,21,8247,23.57
27160,2023-01-07,高雄市,旗津區,11,8226,22.57
27533,2023-01-06,高雄市,旗津區,22,8215,23.43
27910,2023-01-05,高雄市,旗津區,30,8193,22.86
28288,2023-01-04,高雄市,旗津區,38,8163,20.86
28670,2023-01-03,高雄市,旗津區,24,8125,16.57
29050,2023-01-02,高雄市,旗津區,19,8101,15.14
29422,2023-01-01,高雄市,旗津區,14,8082,15.71
29783,2022-12-31,高雄市,旗津區,17,8068,14.57
30150,2022-12-30,高雄市,旗津區,18,8051,13.14
30524,2022-12-29,高雄市,旗津區,16,8033,12.29
30896,2022-12-28,高雄市,旗津區,8,8017,10.71
31265,2022-12-27,高雄市,旗津區,14,8009,11.14
31640,2022-12-26,高雄市,旗津區,23,7995,10.14
32009,2022-12-25,高雄市,旗津區,6,7972,8.86
32367,2022-12-24,高雄市,旗津區,7,7966,9.00
32726,2022-12-23,高雄市,旗津區,12,7959,9.29
33093,2022-12-22,高雄市,旗津區,5,7947,8.14
33458,2022-12-21,高雄市,旗津區,11,7942,8.86
33825,2022-12-20,高雄市,旗津區,7,7931,8.86
34191,2022-12-19,高雄市,旗津區,14,7924,9.86
34559,2022-12-18,高雄市,旗津區,7,7910,10.57
34909,2022-12-17,高雄市,旗津區,9,7903,10.57
35271,2022-12-16,高雄市,旗津區,4,7894,11.29
35634,2022-12-15,高雄市,旗津區,10,7890,11.71
36004,2022-12-14,高雄市,旗津區,11,7880,12.00
36364,2022-12-13,高雄市,旗津區,14,7869,13.00
36742,2022-12-12,高雄市,旗津區,19,7855,12.86
37105,2022-12-11,高雄市,旗津區,7,7836,12.14
37464,2022-12-10,高雄市,旗津區,14,7829,13.00
37831,2022-12-09,高雄市,旗津區,7,7815,13.14
38197,2022-12-08,高雄市,旗津區,12,7808,14.29
38571,2022-12-07,高雄市,旗津區,18,7796,14.43
38938,2022-12-06,高雄市,旗津區,13,7778,13.14
39314,2022-12-05,高雄市,旗津區,14,7765,13.57
39691,2022-12-04,高雄市,旗津區,13,7751,15.00
40057,2022-12-03,高雄市,旗津區,15,7738,14.00
40426,2022-12-02,高雄市,旗津區,15,7723,13.57
40792,2022-12-01,高雄市,旗津區,13,7708,13.57
41165,2022-11-30,高雄市,旗津區,9,7695,13.00
41538,2022-11-29,高雄市,旗津區,16,7686,12.57
41917,2022-11-28,高雄市,旗津區,24,7670,12.29
42294,2022-11-27,高雄市,旗津區,6,7646,12.86
42650,2022-11-26,高雄市,旗津區,12,7640,14.57
43012,2022-11-25,高雄市,旗津區,15,7628,15.00
43381,2022-11-24,高雄市,旗津區,9,7613,15.71
43750,2022-11-23,高雄市,旗津區,6,7604,17.86
44123,2022-11-22,高雄市,旗津區,14,7598,19.57
44500,2022-11-21,高雄市,旗津區,28,7584,21.00
44879,2022-11-20,高雄市,旗津區,18,7556,20.29
45246,2022-11-19,高雄市,旗津區,15,7538,19.86
45617,2022-11-18,高雄市,旗津區,20,7523,19.43
45990,2022-11-17,高雄市,旗津區,24,7503,21.00
46364,2022-11-16,高雄市,旗津區,18,7479,22.71
46745,2022-11-15,高雄市,旗津區,24,7461,26.00
47123,2022-11-14,高雄市,旗津區,23,7437,27.00
47502,2022-11-13,高雄市,旗津區,15,7414,27.43
47874,2022-11-12,高雄市,旗津區,12,7399,28.43
48252,2022-11-11,高雄市,旗津區,31,7387,29.57
48629,2022-11-10,高雄市,旗津區,36,7356,29.00
49013,2022-11-09,高雄市,旗津區,41,7320,25.43
49400,2022-11-08,高雄市,旗津區,31,7279,23.57
49785,2022-11-07,高雄市,旗津區,26,7248,23.43
50164,2022-11-06,高雄市,旗津區,22,7222,23.43
50533,2022-11-05,高雄市,旗津區,20,7200,22.86
50914,2022-11-04,高雄市,旗津區,27,7180,24.14
51299,2022-11-03,高雄市,旗津區,11,7153,24.29
51678,2022-11-02,高雄市,旗津區,28,7142,28.29
52066,2022-11-01,高雄市,旗津區,30,7114,28.57
52448,2022-10-31,高雄市,旗津區,26,7084,28.86
52832,2022-10-30,高雄市,旗津區,18,7058,29.57
53208,2022-10-29,高雄市,旗津區,29,7040,32.29
53592,2022-10-28,高雄市,旗津區,28,7011,32.57
53979,2022-10-27,高雄市,旗津區,39,6983,32.43
54362,2022-10-26,高雄市,旗津區,30,6944,32.86
54748,2022-10-25,高雄市,旗津區,32,6914,33.71
55139,2022-10-24,高雄市,旗津區,31,6882,33.14
55526,2022-10-23,高雄市,旗津區,37,6851,33.43
55905,2022-10-22,高雄市,旗津區,31,6814,31.57
56291,2022-10-21,高雄市,旗津區,27,6783,31.71
56680,2022-10-20,高雄市,旗津區,42,6756,31.00
57065,2022-10-19,高雄市,旗津區,36,6714,29.43
57452,2022-10-18,高雄市,旗津區,28,6678,28.57
57842,2022-10-17,高雄市,旗津區,33,6650,30.00
58231,2022-10-16,高雄市,旗津區,24,6617,28.71
58616,2022-10-15,高雄市,旗津區,32,6593,29.00
59002,2022-10-14,高雄市,旗津區,22,6561,27.71
59391,2022-10-13,高雄市,旗津區,31,6539,29.43
59782,2022-10-12,高雄市,旗津區,30,6508,29.43
60172,2022-10-11,高雄市,旗津區,38,6478,31.14
60562,2022-10-10,高雄市,旗津區,24,6440,31.86
60946,2022-10-09,高雄市,旗津區,26,6416,31.43
61334,2022-10-08,高雄市,旗津區,23,6390,29.86
61723,2022-10-07,高雄市,旗津區,34,6367,29.14
62110,2022-10-06,高雄市,旗津區,31,6333,27.43
62501,2022-10-05,高雄市,旗津區,42,6302,25.14
62889,2022-10-04,高雄市,旗津區,43,6260,21.43
63277,2022-10-03,高雄市,旗津區,21,6217,19.14
63668,2022-10-02,高雄市,旗津區,15,6196,18.86
64048,2022-10-01,高雄市,旗津區,18,6181,18.29
64434,2022-09-30,高雄市,旗津區,22,6163,17.86
64820,2022-09-29,高雄市,旗津區,15,6141,17.43
65208,2022-09-28,高雄市,旗津區,16,6126,18.14
65595,2022-09-27,高雄市,旗津區,27,6110,19.57
65982,2022-09-26,高雄市,旗津區,19,6083,18.14
66369,2022-09-25,高雄市,旗津區,11,6064,18.57
66753,2022-09-24,高雄市,旗津區,15,6053,18.71
67138,2022-09-23,高雄市,旗津區,19,6038,19.00
67526,2022-09-22,高雄市,旗津區,20,6019,19.43
67914,2022-09-21,高雄市,旗津區,26,5999,18.57
68303,2022-09-20,高雄市,旗津區,17,5973,18.43
68693,2022-09-19,高雄市,旗津區,22,5956,21.14
69083,2022-09-18,高雄市,旗津區,12,5934,20.71
69466,2022-09-17,高雄市,旗津區,17,5922,20.86
69853,2022-09-16,高雄市,旗津區,22,5905,20.29
70238,2022-09-15,高雄市,旗津區,14,5883,18.57
70625,2022-09-14,高雄市,旗津區,25,5869,19.71
71011,2022-09-13,高雄市,旗津區,36,5844,18.57
71400,2022-09-12,高雄市,旗津區,19,5808,15.43
71788,2022-09-11,高雄市,旗津區,13,5789,15.14
72170,2022-09-10,高雄市,旗津區,13,5776,15.43
72553,2022-09-09,高雄市,旗津區,10,5763,15.43
72935,2022-09-08,高雄市,旗津區,22,5753,17.00
73322,2022-09-07,高雄市,旗津區,17,5731,18.14
73706,2022-09-06,高雄市,旗津區,14,5714,18.57
74092,2022-09-05,高雄市,旗津區,17,5700,19.43
74477,2022-09-04,高雄市,旗津區,15,5683,21.29
74860,2022-09-03,高雄市,旗津區,13,5668,21.57
75248,2022-09-02,高雄市,旗津區,21,5655,22.71
75634,2022-09-01,高雄市,旗津區,30,5634,21.43
76023,2022-08-31,高雄市,旗津區,20,5604,20.00
76410,2022-08-30,高雄市,旗津區,20,5584,20.71
76798,2022-08-29,高雄市,旗津區,30,5564,19.57
77185,2022-08-28,高雄市,旗津區,17,5534,17.14
77570,2022-08-27,高雄市,旗津區,21,5517,15.43
77956,2022-08-26,高雄市,旗津區,12,5496,14.00
78340,2022-08-25,高雄市,旗津區,20,5484,14.14
78725,2022-08-24,高雄市,旗津區,25,5464,13.00
79113,2022-08-23,高雄市,旗津區,12,5439,12.71
79497,2022-08-22,高雄市,旗津區,13,5427,12.14
79883,2022-08-21,高雄市,旗津區,5,5414,13.57
80262,2022-08-20,高雄市,旗津區,11,5409,14.57
80645,2022-08-19,高雄市,旗津區,13,5398,16.71
81031,2022-08-18,高雄市,旗津區,12,5385,16.86
81420,2022-08-17,高雄市,旗津區,23,5373,17.29
81805,2022-08-16,高雄市,旗津區,8,5350,15.86
82192,2022-08-15,高雄市,旗津區,23,5342,16.86
82576,2022-08-14,高雄市,旗津區,12,5319,15.86
82953,2022-08-13,高雄市,旗津區,26,5307,16.14
83334,2022-08-12,高雄市,旗津區,14,5281,14.57
83719,2022-08-11,高雄市,旗津區,15,5267,15.43
84106,2022-08-10,高雄市,旗津區,13,5252,15.43
84491,2022-08-09,高雄市,旗津區,15,5239,15.71
84874,2022-08-08,高雄市,旗津區,16,5224,15.86
85255,2022-08-07,高雄市,旗津區,14,5208,15.29
85629,2022-08-06,高雄市,旗津區,15,5194,14.29
86012,2022-08-05,高雄市,旗津區,20,5179,13.71
86398,2022-08-04,高雄市,旗津區,15,5159,13.00
86783,2022-08-03,高雄市,旗津區,15,5144,14.43
87165,2022-08-02,高雄市,旗津區,16,5129,14.57
87552,2022-08-01,高雄市,旗津區,12,5113,15.57
87937,2022-07-31,高雄市,旗津區,7,5101,18.43
88314,2022-07-30,高雄市,旗津區,11,5094,20.86
88693,2022-07-29,高雄市,旗津區,15,5083,22.57
89079,2022-07-28,高雄市,旗津區,25,5068,23.29
89466,2022-07-27,高雄市,旗津區,16,5043,24.29
89856,2022-07-26,高雄市,旗津區,23,5027,24.57
90243,2022-07-25,高雄市,旗津區,32,5004,24.57
90624,2022-07-24,高雄市,旗津區,24,4972,22.71
91004,2022-07-23,高雄市,旗津區,23,4948,21.00
91389,2022-07-22,高雄市,旗津區,20,4925,19.71
91775,2022-07-21,高雄市,旗津區,32,4905,20.00
92158,2022-07-20,高雄市,旗津區,18,4873,19.43
92546,2022-07-19,高雄市,旗津區,23,4855,19.00
92935,2022-07-18,高雄市,旗津區,19,4832,19.57
93321,2022-07-17,高雄市,旗津區,12,4813,22.71
93700,2022-07-16,高雄市,旗津區,14,4801,23.43
94088,2022-07-15,高雄市,旗津區,22,4787,24.57
94475,2022-07-14,高雄市,旗津區,28,4765,24.14
94864,2022-07-13,高雄市,旗津區,15,4737,26.00
95252,2022-07-12,高雄市,旗津區,27,4722,27.57
95640,2022-07-11,高雄市,旗津區,41,4695,27.86
96027,2022-07-10,高雄市,旗津區,17,4654,27.43
96412,2022-07-09,高雄市,旗津區,22,4637,29.00
96799,2022-07-08,高雄市,旗津區,19,4615,29.00
97190,2022-07-07,高雄市,旗津區,41,4596,31.43
97581,2022-07-06,高雄市,旗津區,26,4555,31.86
97969,2022-07-05,高雄市,旗津區,29,4529,33.57
98359,2022-07-04,高雄市,旗津區,38,4500,35.57
98748,2022-07-03,高雄市,旗津區,28,4462,39.00
99131,2022-07-02,高雄市,旗津區,22,4434,40.71
99521,2022-07-01,高雄市,旗津區,36,4412,42.71
99913,2022-06-30,高雄市,旗津區,44,4376,48.43
100304,2022-06-29,高雄市,旗津區,38,4332,48.43
100694,2022-06-28,高雄市,旗津區,43,4294,51.00
101085,2022-06-27,高雄市,旗津區,62,4251,55.00
101472,2022-06-26,高雄市,旗津區,40,4189,57.00
101859,2022-06-25,高雄市,旗津區,36,4149,57.71
102248,2022-06-24,高雄市,旗津區,76,4113,63.71
102639,2022-06-23,高雄市,旗津區,44,4037,65.71
103032,2022-06-22,高雄市,旗津區,56,3993,72.86
103421,2022-06-21,高雄市,旗津區,71,3937,80.00
103813,2022-06-20,高雄市,旗津區,76,3866,84.43
104203,2022-06-19,高雄市,旗津區,45,3790,91.86
104594,2022-06-18,高雄市,旗津區,78,3745,95.71
104985,2022-06-17,高雄市,旗津區,90,3667,103.29
105375,2022-06-16,高雄市,旗津區,94,3577,102.86
105765,2022-06-15,高雄市,旗津區,106,3483,107.57
106155,2022-06-14,高雄市,旗津區,102,3377,111.29
106547,2022-06-13,高雄市,旗津區,128,3275,113.57
106937,2022-06-12,高雄市,旗津區,72,3147,120.86
107324,2022-06-11,高雄市,旗津區,131,3075,124.43
107716,2022-06-10,高雄市,旗津區,87,2944,120.29
108105,2022-06-09,高雄市,旗津區,127,2857,123.14
108494,2022-06-08,高雄市,旗津區,132,2730,126.86
108884,2022-06-07,高雄市,旗津區,118,2598,124.14
109276,2022-06-06,高雄市,旗津區,179,2480,131.14
109666,2022-06-05,高雄市,旗津區,97,2301,126.14
110055,2022-06-04,高雄市,旗津區,102,2204,124.71
110445,2022-06-03,高雄市,旗津區,107,2102,123.57
110836,2022-06-02,高雄市,旗津區,153,1995,129.00
111226,2022-06-01,高雄市,旗津區,113,1842,127.43
111618,2022-05-31,高雄市,旗津區,167,1729,123.29
112009,2022-05-30,高雄市,旗津區,144,1562,109.14
112400,2022-05-29,高雄市,旗津區,87,1418,104.57
112791,2022-05-28,高雄市,旗津區,94,1331,102.57
113181,2022-05-27,高雄市,旗津區,145,1237,95.43
113571,2022-05-26,高雄市,旗津區,142,1092,84.57
113962,2022-05-25,高雄市,旗津區,84,950,69.43
114352,2022-05-24,高雄市,旗津區,68,866,66.57
114744,2022-05-23,高雄市,旗津區,112,798,62.43
115135,2022-05-22,高雄市,旗津區,73,686,50.57
115526,2022-05-21,高雄市,旗津區,44,613,45.29
115911,2022-05-20,高雄市,旗津區,69,569,41.14
116299,2022-05-19,高雄市,旗津區,36,500,35.86
116687,2022-05-18,高雄市,旗津區,64,464,34.57
117078,2022-05-17,高雄市,旗津區,39,400,28.86
117467,2022-05-16,高雄市,旗津區,29,361,27.57
117855,2022-05-15,高雄市,旗津區,36,332,24.71
118239,2022-05-14,高雄市,旗津區,15,296,22.86
118624,2022-05-13,高雄市,旗津區,32,281,22.86
119011,2022-05-12,高雄市,旗津區,27,249,22.14
119395,2022-05-11,高雄市,旗津區,24,222,21.29
119780,2022-05-10,高雄市,旗津區,30,198,18.71
120162,2022-05-09,高雄市,旗津區,9,168,15.00
120543,2022-05-08,高雄市,旗津區,23,159,15.29
120928,2022-05-07,高雄市,旗津區,15,136,12.29
121306,2022-05-06,高雄市,旗津區,27,121,10.86
121683,2022-05-05,高雄市,旗津區,21,94,7.71
122051,2022-05-04,高雄市,旗津區,6,73,5.00
122415,2022-05-03,高雄市,旗津區,4,67,4.14
122770,2022-05-02,高雄市,旗津區,11,63,3.57
123115,2022-05-01,高雄市,旗津區,2,52,2.00
123450,2022-04-30,高雄市,旗津區,5,50,1.71
123777,2022-04-29,高雄市,旗津區,5,45,1.00
124091,2022-04-28,高雄市,旗津區,2,40,0.29
125974,2022-04-21,高雄市,旗津區,2,38,0.57
126405,2022-04-19,高雄市,旗津區,1,36,0.29
126764,2022-04-17,高雄市,旗津區,1,35,0.14
127836,2022-04-10,高雄市,旗津區,1,34,0.14
129383,2022-02-05,高雄市,旗津區,2,33,2.29
129399,2022-02-04,高雄市,旗津區,4,31,2.00
129419,2022-02-03,高雄市,旗津區,1,27,1.43
129436,2022-02-02,高雄市,旗津區,4,26,1.71
129451,2022-02-01,高雄市,旗津區,1,22,1.29
129463,2022-01-31,高雄市,旗津區,2,21,2.00
129482,2022-01-30,高雄市,旗津區,2,19,2.14
129542,2022-01-27,高雄市,旗津區,3,17,2.29
129563,2022-01-26,高雄市,旗津區,1,14,2.00
129586,2022-01-25,高雄市,旗津區,6,13,1.86
129606,2022-01-24,高雄市,旗津區,3,7,1.00
129633,2022-01-23,高雄市,旗津區,2,4,0.57
129676,2022-01-21,高雄市,旗津區,1,2,0.29
129692,2022-01-20,高雄市,旗津區,1,1,0.14
