UID,個案死亡日,縣市別,區域,新增死亡人數,累計死亡人數,七天移動平均新增死亡人數
110,2023-04-10,高雄市,鳳山區,1,199,0.29
135,2023-04-07,高雄市,鳳山區,1,198,0.14
439,2023-03-21,高雄市,鳳山區,1,197,0.29
471,2023-03-20,高雄市,鳳山區,1,196,0.14
761,2023-03-13,高雄市,鳳山區,1,195,0.57
800,2023-03-12,高雄市,鳳山區,1,194,0.57
987,2023-03-08,高雄市,鳳山區,1,193,0.86
1039,2023-03-07,高雄市,鳳山區,1,192,0.71
1081,2023-03-06,高雄市,鳳山區,1,191,0.57
1139,2023-03-05,高雄市,鳳山區,1,190,0.43
1251,2023-03-03,高雄市,鳳山區,1,189,0.43
1305,2023-03-02,高雄市,鳳山區,1,188,0.29
1580,2023-02-25,高雄市,鳳山區,1,187,0.43
1699,2023-02-23,高雄市,鳳山區,1,186,0.57
1927,2023-02-19,高雄市,鳳山區,1,185,1.00
1987,2023-02-18,高雄市,鳳山區,1,184,1.00
2041,2023-02-17,高雄市,鳳山區,1,183,0.86
2166,2023-02-15,高雄市,鳳山區,3,182,0.86
2232,2023-02-14,高雄市,鳳山區,1,179,0.57
2360,2023-02-12,高雄市,鳳山區,1,178,0.71
2555,2023-02-09,高雄市,鳳山區,1,177,0.57
2622,2023-02-08,高雄市,鳳山區,1,176,0.57
2695,2023-02-07,高雄市,鳳山區,1,175,0.71
2764,2023-02-06,高雄市,鳳山區,1,174,0.71
3005,2023-02-02,高雄市,鳳山區,1,173,1.00
3076,2023-02-01,高雄市,鳳山區,2,172,0.86
3135,2023-01-31,高雄市,鳳山區,1,170,0.71
3186,2023-01-30,高雄市,鳳山區,2,169,0.57
3350,2023-01-27,高雄市,鳳山區,1,167,0.29
3465,2023-01-25,高雄市,鳳山區,1,166,0.14
4102,2023-01-12,高雄市,鳳山區,1,165,0.14
4449,2023-01-05,高雄市,鳳山區,1,164,0.57
4556,2023-01-03,高雄市,鳳山區,1,163,0.43
4612,2023-01-02,高雄市,鳳山區,1,162,0.43
4718,2022-12-31,高雄市,鳳山區,1,161,0.43
4883,2022-12-27,高雄市,鳳山區,1,160,0.29
4935,2022-12-26,高雄市,鳳山區,1,159,0.14
5264,2022-12-17,高雄市,鳳山區,1,158,0.43
5339,2022-12-15,高雄市,鳳山區,1,157,0.43
5479,2022-12-11,高雄市,鳳山區,1,156,0.29
5515,2022-12-10,高雄市,鳳山區,1,155,0.14
5907,2022-11-30,高雄市,鳳山區,1,154,0.43
5944,2022-11-29,高雄市,鳳山區,1,153,0.71
6095,2022-11-25,高雄市,鳳山區,1,152,0.57
6195,2022-11-23,高雄市,鳳山區,3,151,0.43
6574,2022-11-15,高雄市,鳳山區,1,148,1.14
6627,2022-11-14,高雄市,鳳山區,1,147,1.00
6746,2022-11-12,高雄市,鳳山區,1,146,1.29
6870,2022-11-10,高雄市,鳳山區,3,145,1.29
6931,2022-11-09,高雄市,鳳山區,2,142,1.29
7046,2022-11-07,高雄市,鳳山區,2,140,1.43
7101,2022-11-06,高雄市,鳳山區,1,138,1.29
7218,2022-11-04,高雄市,鳳山區,1,137,1.29
7277,2022-11-03,高雄市,鳳山區,3,136,1.29
7333,2022-11-02,高雄市,鳳山區,2,133,1.00
7402,2022-11-01,高雄市,鳳山區,1,131,0.86
7468,2022-10-31,高雄市,鳳山區,1,130,0.86
7588,2022-10-29,高雄市,鳳山區,1,129,1.00
7657,2022-10-28,高雄市,鳳山區,1,128,1.00
7731,2022-10-27,高雄市,鳳山區,1,127,1.14
7804,2022-10-26,高雄市,鳳山區,1,126,1.14
7874,2022-10-25,高雄市,鳳山區,1,125,1.00
7942,2022-10-24,高雄市,鳳山區,1,124,0.86
8011,2022-10-23,高雄市,鳳山區,1,123,0.86
8089,2022-10-22,高雄市,鳳山區,1,122,0.71
8151,2022-10-21,高雄市,鳳山區,2,121,0.57
8235,2022-10-20,高雄市,鳳山區,1,119,0.43
8447,2022-10-17,高雄市,鳳山區,1,118,0.57
8654,2022-10-14,高雄市,鳳山區,1,117,0.57
8796,2022-10-12,高雄市,鳳山區,2,116,0.57
8928,2022-10-10,高雄市,鳳山區,1,114,0.29
9119,2022-10-07,高雄市,鳳山區,1,113,0.29
9400,2022-10-03,高雄市,鳳山區,1,112,0.57
9772,2022-09-27,高雄市,鳳山區,3,111,0.57
9833,2022-09-26,高雄市,鳳山區,1,108,0.29
10175,2022-09-20,高雄市,鳳山區,1,107,0.29
10327,2022-09-17,高雄市,鳳山區,1,106,0.29
10610,2022-09-12,高雄市,鳳山區,1,105,0.57
10705,2022-09-10,高雄市,鳳山區,1,104,0.43
10807,2022-09-08,高雄市,鳳山區,1,103,0.43
10846,2022-09-07,高雄市,鳳山區,1,102,0.29
11061,2022-09-02,高雄市,鳳山區,1,101,0.14
11382,2022-08-25,高雄市,鳳山區,1,100,0.86
11452,2022-08-23,高雄市,鳳山區,1,99,0.86
11570,2022-08-20,高雄市,鳳山區,3,98,0.86
11603,2022-08-19,高雄市,鳳山區,1,95,0.43
11639,2022-08-18,高雄市,鳳山區,1,94,0.43
11740,2022-08-15,高雄市,鳳山區,1,93,0.57
11859,2022-08-12,高雄市,鳳山區,1,92,0.57
11892,2022-08-11,高雄市,鳳山區,1,91,0.57
11928,2022-08-10,高雄市,鳳山區,1,90,0.43
12056,2022-08-07,高雄市,鳳山區,1,89,0.71
12137,2022-08-05,高雄市,鳳山區,1,88,0.71
12225,2022-08-03,高雄市,鳳山區,1,87,0.71
12269,2022-08-02,高雄市,鳳山區,1,86,0.57
12325,2022-08-01,高雄市,鳳山區,1,85,0.43
12376,2022-07-31,高雄市,鳳山區,1,84,0.43
12534,2022-07-28,高雄市,鳳山區,1,83,0.43
12703,2022-07-25,高雄市,鳳山區,1,82,0.43
12813,2022-07-23,高雄市,鳳山區,1,81,0.43
13052,2022-07-19,高雄市,鳳山區,1,80,0.86
13114,2022-07-18,高雄市,鳳山區,1,79,0.71
13244,2022-07-16,高雄市,鳳山區,1,78,0.57
13311,2022-07-15,高雄市,鳳山區,2,77,0.57
13446,2022-07-13,高雄市,鳳山區,1,75,0.86
13739,2022-07-09,高雄市,鳳山區,1,74,1.29
13803,2022-07-08,高雄市,鳳山區,2,73,1.14
13877,2022-07-07,高雄市,鳳山區,2,71,1.00
13965,2022-07-06,高雄市,鳳山區,2,69,0.86
14047,2022-07-05,高雄市,鳳山區,1,67,1.00
14140,2022-07-04,高雄市,鳳山區,1,66,0.86
14412,2022-07-01,高雄市,鳳山區,1,65,1.29
14504,2022-06-30,高雄市,鳳山區,1,64,1.43
14609,2022-06-29,高雄市,鳳山區,3,63,1.57
14796,2022-06-27,高雄市,鳳山區,2,60,1.29
14901,2022-06-26,高雄市,鳳山區,1,58,1.29
14997,2022-06-25,高雄市,鳳山區,1,57,1.57
15093,2022-06-24,高雄市,鳳山區,2,56,1.86
15195,2022-06-23,高雄市,鳳山區,2,54,1.71
15425,2022-06-21,高雄市,鳳山區,1,52,2.00
15539,2022-06-20,高雄市,鳳山區,2,51,2.29
15641,2022-06-19,高雄市,鳳山區,3,49,2.14
15760,2022-06-18,高雄市,鳳山區,3,46,2.00
15896,2022-06-17,高雄市,鳳山區,1,43,1.86
16021,2022-06-16,高雄市,鳳山區,2,42,1.86
16148,2022-06-15,高雄市,鳳山區,2,40,1.71
16283,2022-06-14,高雄市,鳳山區,3,38,1.71
16403,2022-06-13,高雄市,鳳山區,1,35,1.86
16526,2022-06-12,高雄市,鳳山區,2,34,2.00
16650,2022-06-11,高雄市,鳳山區,2,32,1.71
16776,2022-06-10,高雄市,鳳山區,1,30,2.14
16885,2022-06-09,高雄市,鳳山區,1,29,2.29
17012,2022-06-08,高雄市,鳳山區,2,28,2.29
17140,2022-06-07,高雄市,鳳山區,4,26,2.14
17275,2022-06-06,高雄市,鳳山區,2,22,1.71
17501,2022-06-04,高雄市,鳳山區,5,20,1.71
17631,2022-06-03,高雄市,鳳山區,2,15,1.14
17742,2022-06-02,高雄市,鳳山區,1,13,0.86
17863,2022-06-01,高雄市,鳳山區,1,12,0.86
17995,2022-05-31,高雄市,鳳山區,1,11,0.86
18118,2022-05-30,高雄市,鳳山區,1,10,1.00
18243,2022-05-29,高雄市,鳳山區,1,9,1.14
18342,2022-05-28,高雄市,鳳山區,1,8,1.00
18539,2022-05-26,高雄市,鳳山區,1,7,0.86
18641,2022-05-25,高雄市,鳳山區,1,6,0.71
18730,2022-05-24,高雄市,鳳山區,2,5,0.57
18825,2022-05-23,高雄市,鳳山區,2,3,0.43
19285,2022-05-17,高雄市,鳳山區,1,1,0.14
