UID,個案研判日,縣市別,區域,新增確診人數,累計確診人數,七天移動平均新增確診人數
221,2023-06-14,高雄市,湖內區,1,12276,0.14
570,2023-03-21,高雄市,湖內區,2,12275,7.57
809,2023-03-20,高雄市,湖內區,4,12273,9.29
1115,2023-03-19,高雄市,湖內區,3,12269,11.71
1449,2023-03-18,高雄市,湖內區,10,12266,12.00
1796,2023-03-17,高雄市,湖內區,11,12256,12.86
2146,2023-03-16,高雄市,湖內區,13,12245,13.43
2501,2023-03-15,高雄市,湖內區,10,12232,12.29
2850,2023-03-14,高雄市,湖內區,14,12222,12.43
3207,2023-03-13,高雄市,湖內區,21,12208,12.57
3562,2023-03-12,高雄市,湖內區,5,12187,11.57
3912,2023-03-11,高雄市,湖內區,16,12182,12.57
4262,2023-03-10,高雄市,湖內區,15,12166,13.00
4619,2023-03-09,高雄市,湖內區,5,12151,14.14
4975,2023-03-08,高雄市,湖內區,11,12146,16.14
5332,2023-03-07,高雄市,湖內區,15,12135,18.00
5695,2023-03-06,高雄市,湖內區,14,12120,19.00
6051,2023-03-05,高雄市,湖內區,12,12106,20.14
6393,2023-03-04,高雄市,湖內區,19,12094,20.43
6748,2023-03-03,高雄市,湖內區,23,12075,20.71
7109,2023-03-02,高雄市,湖內區,19,12052,19.43
7472,2023-03-01,高雄市,湖內區,24,12033,19.86
7843,2023-02-28,高雄市,湖內區,22,12009,19.29
8209,2023-02-27,高雄市,湖內區,22,11987,19.71
8559,2023-02-26,高雄市,湖內區,14,11965,19.86
8913,2023-02-25,高雄市,湖內區,21,11951,19.29
9281,2023-02-24,高雄市,湖內區,14,11930,22.57
9644,2023-02-23,高雄市,湖內區,22,11916,23.29
10015,2023-02-22,高雄市,湖內區,20,11894,22.29
10387,2023-02-21,高雄市,湖內區,25,11874,22.00
10760,2023-02-20,高雄市,湖內區,23,11849,21.14
11132,2023-02-19,高雄市,湖內區,10,11826,22.29
11495,2023-02-18,高雄市,湖內區,44,11816,22.43
11861,2023-02-17,高雄市,湖內區,19,11772,18.43
12236,2023-02-16,高雄市,湖內區,15,11753,19.43
12610,2023-02-15,高雄市,湖內區,18,11738,20.43
12986,2023-02-14,高雄市,湖內區,19,11720,21.43
13356,2023-02-13,高雄市,湖內區,31,11701,22.00
13732,2023-02-12,高雄市,湖內區,11,11670,25.43
14094,2023-02-11,高雄市,湖內區,16,11659,27.43
14462,2023-02-10,高雄市,湖內區,26,11643,32.14
14836,2023-02-09,高雄市,湖內區,22,11617,33.86
15216,2023-02-08,高雄市,湖內區,25,11595,36.00
15594,2023-02-07,高雄市,湖內區,23,11570,36.71
15973,2023-02-06,高雄市,湖內區,55,11547,38.57
16349,2023-02-05,高雄市,湖內區,25,11492,35.57
16724,2023-02-04,高雄市,湖內區,49,11467,33.86
17102,2023-02-03,高雄市,湖內區,38,11418,31.86
17488,2023-02-02,高雄市,湖內區,37,11380,30.57
17869,2023-02-01,高雄市,湖內區,30,11343,29.86
18250,2023-01-31,高雄市,湖內區,36,11313,28.71
18635,2023-01-30,高雄市,湖內區,34,11277,26.14
19021,2023-01-29,高雄市,湖內區,13,11243,24.14
19399,2023-01-28,高雄市,湖內區,35,11230,23.57
19775,2023-01-27,高雄市,湖內區,29,11195,21.00
20156,2023-01-26,高雄市,湖內區,32,11166,18.71
20527,2023-01-25,高雄市,湖內區,22,11134,16.86
20894,2023-01-24,高雄市,湖內區,18,11112,16.86
21267,2023-01-23,高雄市,湖內區,20,11094,18.57
21635,2023-01-22,高雄市,湖內區,9,11074,19.43
22003,2023-01-21,高雄市,湖內區,17,11065,20.29
22376,2023-01-20,高雄市,湖內區,13,11048,21.14
22742,2023-01-19,高雄市,湖內區,19,11035,22.00
23114,2023-01-18,高雄市,湖內區,22,11016,22.43
23480,2023-01-17,高雄市,湖內區,30,10994,25.29
23846,2023-01-16,高雄市,湖內區,26,10964,26.71
24224,2023-01-15,高雄市,湖內區,15,10938,27.43
24589,2023-01-14,高雄市,湖內區,23,10923,28.86
24956,2023-01-13,高雄市,湖內區,19,10900,32.29
25327,2023-01-12,高雄市,湖內區,22,10881,35.00
25699,2023-01-11,高雄市,湖內區,42,10859,38.29
26076,2023-01-10,高雄市,湖內區,40,10817,37.86
26450,2023-01-09,高雄市,湖內區,31,10777,37.86
26824,2023-01-08,高雄市,湖內區,25,10746,38.86
27183,2023-01-07,高雄市,湖內區,47,10721,38.14
27557,2023-01-06,高雄市,湖內區,38,10674,38.14
27934,2023-01-05,高雄市,湖內區,45,10636,38.00
28313,2023-01-04,高雄市,湖內區,39,10591,36.29
28695,2023-01-03,高雄市,湖內區,40,10552,36.86
29075,2023-01-02,高雄市,湖內區,38,10512,34.86
29447,2023-01-01,高雄市,湖內區,20,10474,35.57
29807,2022-12-31,高雄市,湖內區,47,10454,33.43
30174,2022-12-30,高雄市,湖內區,37,10407,30.00
30547,2022-12-29,高雄市,湖內區,33,10370,26.14
30919,2022-12-28,高雄市,湖內區,43,10337,25.86
31290,2022-12-27,高雄市,湖內區,26,10294,24.29
31665,2022-12-26,高雄市,湖內區,43,10268,24.71
32032,2022-12-25,高雄市,湖內區,5,10225,23.14
32391,2022-12-24,高雄市,湖內區,23,10220,24.14
32748,2022-12-23,高雄市,湖內區,10,10197,24.00
33117,2022-12-22,高雄市,湖內區,31,10187,26.29
33482,2022-12-21,高雄市,湖內區,32,10156,25.14
33848,2022-12-20,高雄市,湖內區,29,10124,24.43
34215,2022-12-19,高雄市,湖內區,32,10095,24.57
34579,2022-12-18,高雄市,湖內區,12,10063,22.29
34931,2022-12-17,高雄市,湖內區,22,10051,22.86
35295,2022-12-16,高雄市,湖內區,26,10029,21.29
35658,2022-12-15,高雄市,湖內區,23,10003,20.00
36026,2022-12-14,高雄市,湖內區,27,9980,18.86
36387,2022-12-13,高雄市,湖內區,30,9953,18.14
36766,2022-12-12,高雄市,湖內區,16,9923,17.29
37128,2022-12-11,高雄市,湖內區,16,9907,19.57
37488,2022-12-10,高雄市,湖內區,11,9891,19.00
37852,2022-12-09,高雄市,湖內區,17,9880,19.43
38222,2022-12-08,高雄市,湖內區,15,9863,19.86
38596,2022-12-07,高雄市,湖內區,22,9848,20.29
38962,2022-12-06,高雄市,湖內區,24,9826,21.57
39339,2022-12-05,高雄市,湖內區,32,9802,21.14
39713,2022-12-04,高雄市,湖內區,12,9770,22.00
40081,2022-12-03,高雄市,湖內區,14,9758,21.57
40449,2022-12-02,高雄市,湖內區,20,9744,22.43
40816,2022-12-01,高雄市,湖內區,18,9724,21.29
41189,2022-11-30,高雄市,湖內區,31,9706,21.57
41563,2022-11-29,高雄市,湖內區,21,9675,21.14
41941,2022-11-28,高雄市,湖內區,38,9654,20.86
42316,2022-11-27,高雄市,湖內區,9,9616,18.71
42673,2022-11-26,高雄市,湖內區,20,9607,18.14
43035,2022-11-25,高雄市,湖內區,12,9587,16.86
43405,2022-11-24,高雄市,湖內區,20,9575,18.86
43774,2022-11-23,高雄市,湖內區,28,9555,20.14
44146,2022-11-22,高雄市,湖內區,19,9527,21.86
44525,2022-11-21,高雄市,湖內區,23,9508,23.71
44902,2022-11-20,高雄市,湖內區,5,9485,24.43
45270,2022-11-19,高雄市,湖內區,11,9480,27.29
45640,2022-11-18,高雄市,湖內區,26,9469,29.14
46014,2022-11-17,高雄市,湖內區,29,9443,30.86
46387,2022-11-16,高雄市,湖內區,40,9414,30.57
46769,2022-11-15,高雄市,湖內區,32,9374,29.29
47147,2022-11-14,高雄市,湖內區,28,9342,30.00
47525,2022-11-13,高雄市,湖內區,25,9314,33.29
47897,2022-11-12,高雄市,湖內區,24,9289,31.43
48275,2022-11-11,高雄市,湖內區,38,9265,32.14
48654,2022-11-10,高雄市,湖內區,27,9227,30.86
49037,2022-11-09,高雄市,湖內區,31,9200,32.57
49425,2022-11-08,高雄市,湖內區,37,9169,33.71
49809,2022-11-07,高雄市,湖內區,51,9132,38.00
50187,2022-11-06,高雄市,湖內區,12,9081,39.43
50557,2022-11-05,高雄市,湖內區,29,9069,43.00
50939,2022-11-04,高雄市,湖內區,29,9040,43.57
51322,2022-11-03,高雄市,湖內區,39,9011,47.71
51702,2022-11-02,高雄市,湖內區,39,8972,51.29
52089,2022-11-01,高雄市,湖內區,67,8933,53.29
52472,2022-10-31,高雄市,湖內區,61,8866,52.14
52856,2022-10-30,高雄市,湖內區,37,8805,54.00
53232,2022-10-29,高雄市,湖內區,33,8768,55.00
53617,2022-10-28,高雄市,湖內區,58,8735,60.57
54003,2022-10-27,高雄市,湖內區,64,8677,60.29
54387,2022-10-26,高雄市,湖內區,53,8613,61.14
54773,2022-10-25,高雄市,湖內區,59,8560,61.14
55164,2022-10-24,高雄市,湖內區,74,8501,63.57
55549,2022-10-23,高雄市,湖內區,44,8427,63.57
55930,2022-10-22,高雄市,湖內區,72,8383,62.14
56316,2022-10-21,高雄市,湖內區,56,8311,60.29
56704,2022-10-20,高雄市,湖內區,70,8255,63.14
57090,2022-10-19,高雄市,湖內區,53,8185,60.43
57477,2022-10-18,高雄市,湖內區,76,8132,61.57
57867,2022-10-17,高雄市,湖內區,74,8056,58.14
58256,2022-10-16,高雄市,湖內區,34,7982,57.14
58641,2022-10-15,高雄市,湖內區,59,7948,56.86
59027,2022-10-14,高雄市,湖內區,76,7889,57.86
59416,2022-10-13,高雄市,湖內區,51,7813,55.86
59807,2022-10-12,高雄市,湖內區,61,7762,54.29
60197,2022-10-11,高雄市,湖內區,52,7701,53.00
60587,2022-10-10,高雄市,湖內區,67,7649,53.29
60971,2022-10-09,高雄市,湖內區,32,7582,50.71
61359,2022-10-08,高雄市,湖內區,66,7550,50.43
61748,2022-10-07,高雄市,湖內區,62,7484,46.00
62135,2022-10-06,高雄市,湖內區,40,7422,43.00
62526,2022-10-05,高雄市,湖內區,52,7382,42.86
62913,2022-10-04,高雄市,湖內區,54,7330,41.29
63302,2022-10-03,高雄市,湖內區,49,7276,41.43
63693,2022-10-02,高雄市,湖內區,30,7227,42.71
64073,2022-10-01,高雄市,湖內區,35,7197,42.43
64459,2022-09-30,高雄市,湖內區,41,7162,43.86
64845,2022-09-29,高雄市,湖內區,39,7121,42.71
65233,2022-09-28,高雄市,湖內區,41,7082,44.00
65620,2022-09-27,高雄市,湖內區,55,7041,43.43
66006,2022-09-26,高雄市,湖內區,58,6986,42.29
66393,2022-09-25,高雄市,湖內區,28,6928,41.14
66778,2022-09-24,高雄市,湖內區,45,6900,40.00
67163,2022-09-23,高雄市,湖內區,33,6855,37.57
67550,2022-09-22,高雄市,湖內區,48,6822,37.86
67939,2022-09-21,高雄市,湖內區,37,6774,38.29
68328,2022-09-20,高雄市,湖內區,47,6737,38.14
68718,2022-09-19,高雄市,湖內區,50,6690,37.57
69108,2022-09-18,高雄市,湖內區,20,6640,36.57
69491,2022-09-17,高雄市,湖內區,28,6620,34.86
69878,2022-09-16,高雄市,湖內區,35,6592,33.29
70263,2022-09-15,高雄市,湖內區,51,6557,33.29
70650,2022-09-14,高雄市,湖內區,36,6506,28.14
71036,2022-09-13,高雄市,湖內區,43,6470,26.29
71425,2022-09-12,高雄市,湖內區,43,6427,24.14
71813,2022-09-11,高雄市,湖內區,8,6384,23.86
72195,2022-09-10,高雄市,湖內區,17,6376,23.57
72577,2022-09-09,高雄市,湖內區,35,6359,23.57
72960,2022-09-08,高雄市,湖內區,15,6324,22.57
73347,2022-09-07,高雄市,湖內區,23,6309,24.43
73731,2022-09-06,高雄市,湖內區,28,6286,26.29
74117,2022-09-05,高雄市,湖內區,41,6258,26.00
74502,2022-09-04,高雄市,湖內區,6,6217,24.00
74885,2022-09-03,高雄市,湖內區,17,6211,24.71
75273,2022-09-02,高雄市,湖內區,28,6194,24.43
75659,2022-09-01,高雄市,湖內區,28,6166,22.57
76048,2022-08-31,高雄市,湖內區,36,6138,22.57
76435,2022-08-30,高雄市,湖內區,26,6102,20.71
76823,2022-08-29,高雄市,湖內區,27,6076,20.86
77210,2022-08-28,高雄市,湖內區,11,6049,20.43
77595,2022-08-27,高雄市,湖內區,15,6038,20.14
77981,2022-08-26,高雄市,湖內區,15,6023,20.29
78365,2022-08-25,高雄市,湖內區,28,6008,20.71
78750,2022-08-24,高雄市,湖內區,23,5980,19.14
79138,2022-08-23,高雄市,湖內區,27,5957,18.57
79522,2022-08-22,高雄市,湖內區,24,5930,18.43
79908,2022-08-21,高雄市,湖內區,9,5906,19.29
80287,2022-08-20,高雄市,湖內區,16,5897,19.29
80670,2022-08-19,高雄市,湖內區,18,5881,19.29
81056,2022-08-18,高雄市,湖內區,17,5863,18.43
81445,2022-08-17,高雄市,湖內區,19,5846,19.00
81830,2022-08-16,高雄市,湖內區,26,5827,20.71
82217,2022-08-15,高雄市,湖內區,30,5801,18.57
82601,2022-08-14,高雄市,湖內區,9,5771,19.86
82978,2022-08-13,高雄市,湖內區,16,5762,21.43
83359,2022-08-12,高雄市,湖內區,12,5746,22.00
83744,2022-08-11,高雄市,湖內區,21,5734,24.71
84130,2022-08-10,高雄市,湖內區,31,5713,27.71
84515,2022-08-09,高雄市,湖內區,11,5682,28.29
84899,2022-08-08,高雄市,湖內區,39,5671,29.86
85280,2022-08-07,高雄市,湖內區,20,5632,27.29
85654,2022-08-06,高雄市,湖內區,20,5612,28.29
86037,2022-08-05,高雄市,湖內區,31,5592,28.71
86423,2022-08-04,高雄市,湖內區,42,5561,27.00
86808,2022-08-03,高雄市,湖內區,35,5519,24.57
87190,2022-08-02,高雄市,湖內區,22,5484,23.86
87577,2022-08-01,高雄市,湖內區,21,5462,24.43
87961,2022-07-31,高雄市,湖內區,27,5441,26.43
88339,2022-07-30,高雄市,湖內區,23,5414,26.43
88718,2022-07-29,高雄市,湖內區,19,5391,27.14
89104,2022-07-28,高雄市,湖內區,25,5372,28.86
89491,2022-07-27,高雄市,湖內區,30,5347,30.43
89881,2022-07-26,高雄市,湖內區,26,5317,29.71
90268,2022-07-25,高雄市,湖內區,35,5291,29.57
90649,2022-07-24,高雄市,湖內區,27,5256,28.86
91028,2022-07-23,高雄市,湖內區,28,5229,26.57
91414,2022-07-22,高雄市,湖內區,31,5201,26.57
91800,2022-07-21,高雄市,湖內區,36,5170,25.71
92182,2022-07-20,高雄市,湖內區,25,5134,23.71
92571,2022-07-19,高雄市,湖內區,25,5109,23.86
92960,2022-07-18,高雄市,湖內區,30,5084,24.14
93346,2022-07-17,高雄市,湖內區,11,5054,27.57
93725,2022-07-16,高雄市,湖內區,28,5043,29.43
94113,2022-07-15,高雄市,湖內區,25,5015,31.29
94500,2022-07-14,高雄市,湖內區,22,4990,31.71
94889,2022-07-13,高雄市,湖內區,26,4968,32.57
95276,2022-07-12,高雄市,湖內區,27,4942,33.29
95665,2022-07-11,高雄市,湖內區,54,4915,34.86
96052,2022-07-10,高雄市,湖內區,24,4861,33.43
96437,2022-07-09,高雄市,湖內區,41,4837,33.29
96824,2022-07-08,高雄市,湖內區,28,4796,32.57
97215,2022-07-07,高雄市,湖內區,28,4768,34.43
97605,2022-07-06,高雄市,湖內區,31,4740,38.00
97994,2022-07-05,高雄市,湖內區,38,4709,41.14
98383,2022-07-04,高雄市,湖內區,44,4671,43.00
98773,2022-07-03,高雄市,湖內區,23,4627,45.71
99155,2022-07-02,高雄市,湖內區,36,4604,48.86
99546,2022-07-01,高雄市,湖內區,41,4568,48.57
99938,2022-06-30,高雄市,湖內區,53,4527,49.14
100329,2022-06-29,高雄市,湖內區,53,4474,51.14
100719,2022-06-28,高雄市,湖內區,51,4421,53.86
101110,2022-06-27,高雄市,湖內區,63,4370,56.57
101497,2022-06-26,高雄市,湖內區,45,4307,61.71
101884,2022-06-25,高雄市,湖內區,34,4262,61.29
102272,2022-06-24,高雄市,湖內區,45,4228,67.57
102664,2022-06-23,高雄市,湖內區,67,4183,75.00
103057,2022-06-22,高雄市,湖內區,72,4116,79.86
103446,2022-06-21,高雄市,湖內區,70,4044,85.00
103838,2022-06-20,高雄市,湖內區,99,3974,88.71
104228,2022-06-19,高雄市,湖內區,42,3875,96.43
104619,2022-06-18,高雄市,湖內區,78,3833,97.00
105010,2022-06-17,高雄市,湖內區,97,3755,98.71
105400,2022-06-16,高雄市,湖內區,101,3658,94.29
105790,2022-06-15,高雄市,湖內區,108,3557,95.86
106180,2022-06-14,高雄市,湖內區,96,3449,93.57
106572,2022-06-13,高雄市,湖內區,153,3353,97.29
106962,2022-06-12,高雄市,湖內區,46,3200,94.86
107349,2022-06-11,高雄市,湖內區,90,3154,97.00
107741,2022-06-10,高雄市,湖內區,66,3064,96.29
108130,2022-06-09,高雄市,湖內區,112,2998,98.29
108519,2022-06-08,高雄市,湖內區,92,2886,94.57
108909,2022-06-07,高雄市,湖內區,122,2794,96.29
109301,2022-06-06,高雄市,湖內區,136,2672,94.71
109691,2022-06-05,高雄市,湖內區,61,2536,94.43
110080,2022-06-04,高雄市,湖內區,85,2475,93.86
110470,2022-06-03,高雄市,湖內區,80,2390,98.71
110861,2022-06-02,高雄市,湖內區,86,2310,105.29
111251,2022-06-01,高雄市,湖內區,104,2224,105.14
111643,2022-05-31,高雄市,湖內區,111,2120,107.29
112034,2022-05-30,高雄市,湖內區,134,2009,108.00
112425,2022-05-29,高雄市,湖內區,57,1875,106.86
112816,2022-05-28,高雄市,湖內區,119,1818,110.00
113206,2022-05-27,高雄市,湖內區,126,1699,108.00
113596,2022-05-26,高雄市,湖內區,85,1573,101.43
113987,2022-05-25,高雄市,湖內區,119,1488,102.86
114377,2022-05-24,高雄市,湖內區,116,1369,94.29
114769,2022-05-23,高雄市,湖內區,126,1253,90.29
115160,2022-05-22,高雄市,湖內區,79,1127,81.71
115551,2022-05-21,高雄市,湖內區,105,1048,78.14
115936,2022-05-20,高雄市,湖內區,80,943,69.43
116324,2022-05-19,高雄市,湖內區,95,863,68.57
116712,2022-05-18,高雄市,湖內區,59,768,62.00
117103,2022-05-17,高雄市,湖內區,88,709,59.86
117492,2022-05-16,高雄市,湖內區,66,621,56.00
117880,2022-05-15,高雄市,湖內區,54,555,53.00
118264,2022-05-14,高雄市,湖內區,44,501,48.86
118649,2022-05-13,高雄市,湖內區,74,457,48.57
119036,2022-05-12,高雄市,湖內區,49,383,41.71
119420,2022-05-11,高雄市,湖內區,44,334,39.14
119805,2022-05-10,高雄市,湖內區,61,290,35.00
120187,2022-05-09,高雄市,湖內區,45,229,27.57
120567,2022-05-08,高雄市,湖內區,25,184,21.71
120953,2022-05-07,高雄市,湖內區,42,159,19.86
121331,2022-05-06,高雄市,湖內區,26,117,14.71
121708,2022-05-05,高雄市,湖內區,31,91,11.29
122074,2022-05-04,高雄市,湖內區,15,60,7.29
122439,2022-05-03,高雄市,湖內區,9,45,5.43
122795,2022-05-02,高雄市,湖內區,4,36,4.29
123138,2022-05-01,高雄市,湖內區,12,32,4.00
123473,2022-04-30,高雄市,湖內區,6,20,2.29
123798,2022-04-29,高雄市,湖內區,2,14,1.43
124113,2022-04-28,高雄市,湖內區,3,12,1.14
124420,2022-04-27,高雄市,湖內區,2,9,0.86
124717,2022-04-26,高雄市,湖內區,1,7,0.57
124997,2022-04-25,高雄市,湖內區,2,6,0.57
125987,2022-04-21,高雄市,湖內區,1,4,0.43
126414,2022-04-19,高雄市,湖內區,1,3,0.29
126604,2022-04-18,高雄市,湖內區,1,2,0.14
128400,2022-04-05,高雄市,湖內區,1,1,0.14
