UID,個案研判日,縣市別,區域,新增確診人數,累計確診人數,七天移動平均新增確診人數
182,2023-06-14,高雄市,旗山區,2,11033,0.29
742,2023-03-20,高雄市,旗山區,7,11031,9.86
1040,2023-03-19,高雄市,旗山區,7,11024,10.71
1368,2023-03-18,高雄市,旗山區,10,11017,11.71
1709,2023-03-17,高雄市,旗山區,8,11007,12.57
2062,2023-03-16,高雄市,旗山區,11,10999,13.43
2416,2023-03-15,高雄市,旗山區,12,10988,14.14
2765,2023-03-14,高雄市,旗山區,14,10976,14.14
3124,2023-03-13,高雄市,旗山區,13,10962,13.14
3479,2023-03-12,高雄市,旗山區,14,10949,13.29
3828,2023-03-11,高雄市,旗山區,16,10935,12.57
4178,2023-03-10,高雄市,旗山區,14,10919,12.00
4535,2023-03-09,高雄市,旗山區,16,10905,11.57
4892,2023-03-08,高雄市,旗山區,12,10889,12.43
5247,2023-03-07,高雄市,旗山區,7,10877,12.14
5609,2023-03-06,高雄市,旗山區,14,10870,13.57
5970,2023-03-05,高雄市,旗山區,9,10856,13.00
6309,2023-03-04,高雄市,旗山區,12,10847,13.14
6663,2023-03-03,高雄市,旗山區,11,10835,13.57
7023,2023-03-02,高雄市,旗山區,22,10824,13.57
7387,2023-03-01,高雄市,旗山區,10,10802,12.57
7759,2023-02-28,高雄市,旗山區,17,10792,13.14
8123,2023-02-27,高雄市,旗山區,10,10775,13.43
8479,2023-02-26,高雄市,旗山區,10,10765,14.43
8826,2023-02-25,高雄市,旗山區,15,10755,15.29
9195,2023-02-24,高雄市,旗山區,11,10740,15.71
9557,2023-02-23,高雄市,旗山區,15,10729,16.14
9927,2023-02-22,高雄市,旗山區,14,10714,16.00
10302,2023-02-21,高雄市,旗山區,19,10700,15.86
10672,2023-02-20,高雄市,旗山區,17,10681,15.14
11049,2023-02-19,高雄市,旗山區,16,10664,16.57
11409,2023-02-18,高雄市,旗山區,18,10648,15.86
11776,2023-02-17,高雄市,旗山區,14,10630,16.71
12149,2023-02-16,高雄市,旗山區,14,10616,18.29
12523,2023-02-15,高雄市,旗山區,13,10602,20.29
12896,2023-02-14,高雄市,旗山區,14,10589,21.57
13268,2023-02-13,高雄市,旗山區,27,10575,22.29
13647,2023-02-12,高雄市,旗山區,11,10548,22.57
14004,2023-02-11,高雄市,旗山區,24,10537,23.71
14376,2023-02-10,高雄市,旗山區,25,10513,24.29
14749,2023-02-09,高雄市,旗山區,28,10488,24.57
15127,2023-02-08,高雄市,旗山區,22,10460,24.43
15507,2023-02-07,高雄市,旗山區,19,10438,25.57
15885,2023-02-06,高雄市,旗山區,29,10419,25.43
16264,2023-02-05,高雄市,旗山區,19,10390,26.00
16635,2023-02-04,高雄市,旗山區,28,10371,26.00
17015,2023-02-03,高雄市,旗山區,27,10343,26.86
17400,2023-02-02,高雄市,旗山區,27,10316,28.71
17783,2023-02-01,高雄市,旗山區,30,10289,28.00
18161,2023-01-31,高雄市,旗山區,18,10259,27.29
18545,2023-01-30,高雄市,旗山區,33,10241,27.14
18932,2023-01-29,高雄市,旗山區,19,10208,25.14
19310,2023-01-28,高雄市,旗山區,34,10189,24.00
19687,2023-01-27,高雄市,旗山區,40,10155,22.43
20067,2023-01-26,高雄市,旗山區,22,10115,20.14
20440,2023-01-25,高雄市,旗山區,25,10093,19.57
20807,2023-01-24,高雄市,旗山區,17,10068,18.43
21181,2023-01-23,高雄市,旗山區,19,10051,17.29
21549,2023-01-22,高雄市,旗山區,11,10032,17.43
21914,2023-01-21,高雄市,旗山區,23,10021,17.71
22287,2023-01-20,高雄市,旗山區,24,9998,16.29
22653,2023-01-19,高雄市,旗山區,18,9974,16.14
23026,2023-01-18,高雄市,旗山區,17,9956,17.29
23394,2023-01-17,高雄市,旗山區,9,9939,19.29
23761,2023-01-16,高雄市,旗山區,20,9930,21.86
24136,2023-01-15,高雄市,旗山區,13,9910,22.29
24502,2023-01-14,高雄市,旗山區,13,9897,22.29
24869,2023-01-13,高雄市,旗山區,23,9884,22.86
25238,2023-01-12,高雄市,旗山區,26,9861,23.14
25613,2023-01-11,高雄市,旗山區,31,9835,23.29
25989,2023-01-10,高雄市,旗山區,27,9804,22.71
26362,2023-01-09,高雄市,旗山區,23,9777,23.14
26737,2023-01-08,高雄市,旗山區,13,9754,23.57
27098,2023-01-07,高雄市,旗山區,17,9741,24.57
27469,2023-01-06,高雄市,旗山區,25,9724,25.00
27846,2023-01-05,高雄市,旗山區,27,9699,24.57
28225,2023-01-04,高雄市,旗山區,27,9672,22.86
28606,2023-01-03,高雄市,旗山區,30,9645,21.29
28986,2023-01-02,高雄市,旗山區,26,9615,19.43
29360,2023-01-01,高雄市,旗山區,20,9589,18.57
29721,2022-12-31,高雄市,旗山區,20,9569,18.00
30086,2022-12-30,高雄市,旗山區,22,9549,16.29
30461,2022-12-29,高雄市,旗山區,15,9527,15.43
30832,2022-12-28,高雄市,旗山區,16,9512,16.57
31202,2022-12-27,高雄市,旗山區,17,9496,16.86
31578,2022-12-26,高雄市,旗山區,20,9479,16.86
31947,2022-12-25,高雄市,旗山區,16,9459,16.14
32304,2022-12-24,高雄市,旗山區,8,9443,15.57
32663,2022-12-23,高雄市,旗山區,16,9435,17.29
33029,2022-12-22,高雄市,旗山區,23,9419,18.71
33395,2022-12-21,高雄市,旗山區,18,9396,19.14
33764,2022-12-20,高雄市,旗山區,17,9378,20.43
34129,2022-12-19,高雄市,旗山區,15,9361,21.00
34498,2022-12-18,高雄市,旗山區,12,9346,23.71
34846,2022-12-17,高雄市,旗山區,20,9334,23.43
35208,2022-12-16,高雄市,旗山區,26,9314,24.71
35572,2022-12-15,高雄市,旗山區,26,9288,23.29
35941,2022-12-14,高雄市,旗山區,27,9262,22.86
36300,2022-12-13,高雄市,旗山區,21,9235,22.43
36678,2022-12-12,高雄市,旗山區,34,9214,22.43
37044,2022-12-11,高雄市,旗山區,10,9180,21.43
37400,2022-12-10,高雄市,旗山區,29,9170,22.43
37769,2022-12-09,高雄市,旗山區,16,9141,20.86
38133,2022-12-08,高雄市,旗山區,23,9125,20.57
38506,2022-12-07,高雄市,旗山區,24,9102,20.29
38877,2022-12-06,高雄市,旗山區,21,9078,19.00
39251,2022-12-05,高雄市,旗山區,27,9057,19.86
39628,2022-12-04,高雄市,旗山區,17,9030,19.71
39993,2022-12-03,高雄市,旗山區,18,9013,18.57
40364,2022-12-02,高雄市,旗山區,14,8995,18.86
40729,2022-12-01,高雄市,旗山區,21,8981,18.57
41102,2022-11-30,高雄市,旗山區,15,8960,18.14
41474,2022-11-29,高雄市,旗山區,27,8945,18.86
41854,2022-11-28,高雄市,旗山區,26,8918,18.57
42231,2022-11-27,高雄市,旗山區,9,8892,20.14
42589,2022-11-26,高雄市,旗山區,20,8883,22.00
42949,2022-11-25,高雄市,旗山區,12,8863,23.29
43318,2022-11-24,高雄市,旗山區,18,8851,25.29
43687,2022-11-23,高雄市,旗山區,20,8833,27.71
44061,2022-11-22,高雄市,旗山區,25,8813,28.29
44436,2022-11-21,高雄市,旗山區,37,8788,31.29
44816,2022-11-20,高雄市,旗山區,22,8751,30.86
45181,2022-11-19,高雄市,旗山區,29,8729,31.14
45554,2022-11-18,高雄市,旗山區,26,8700,31.43
45927,2022-11-17,高雄市,旗山區,35,8674,32.00
46299,2022-11-16,高雄市,旗山區,24,8639,32.71
46681,2022-11-15,高雄市,旗山區,46,8615,35.14
47059,2022-11-14,高雄市,旗山區,34,8569,34.00
47439,2022-11-13,高雄市,旗山區,24,8535,36.00
47811,2022-11-12,高雄市,旗山區,31,8511,35.71
48187,2022-11-11,高雄市,旗山區,30,8480,37.00
48566,2022-11-10,高雄市,旗山區,40,8450,36.14
48949,2022-11-09,高雄市,旗山區,41,8410,33.86
49335,2022-11-08,高雄市,旗山區,38,8369,31.86
49720,2022-11-07,高雄市,旗山區,48,8331,31.57
50102,2022-11-06,高雄市,旗山區,22,8283,31.43
50472,2022-11-05,高雄市,旗山區,40,8261,33.29
50849,2022-11-04,高雄市,旗山區,24,8221,32.43
51235,2022-11-03,高雄市,旗山區,24,8197,36.29
51613,2022-11-02,高雄市,旗山區,27,8173,40.00
52001,2022-11-01,高雄市,旗山區,36,8146,40.29
52385,2022-10-31,高雄市,旗山區,47,8110,41.29
52769,2022-10-30,高雄市,旗山區,35,8063,46.00
53146,2022-10-29,高雄市,旗山區,34,8028,44.43
53527,2022-10-28,高雄市,旗山區,51,7994,48.29
53914,2022-10-27,高雄市,旗山區,50,7943,48.43
54299,2022-10-26,高雄市,旗山區,29,7893,50.00
54684,2022-10-25,高雄市,旗山區,43,7864,52.71
55074,2022-10-24,高雄市,旗山區,80,7821,54.57
55462,2022-10-23,高雄市,旗山區,24,7741,52.43
55841,2022-10-22,高雄市,旗山區,61,7717,54.57
56226,2022-10-21,高雄市,旗山區,52,7656,55.43
56616,2022-10-20,高雄市,旗山區,61,7604,54.71
57000,2022-10-19,高雄市,旗山區,48,7543,56.14
57388,2022-10-18,高雄市,旗山區,56,7495,60.29
57777,2022-10-17,高雄市,旗山區,65,7439,61.00
58167,2022-10-16,高雄市,旗山區,39,7374,58.57
58551,2022-10-15,高雄市,旗山區,67,7335,60.00
58937,2022-10-14,高雄市,旗山區,47,7268,58.14
59326,2022-10-13,高雄市,旗山區,71,7221,60.43
59717,2022-10-12,高雄市,旗山區,77,7150,57.57
60107,2022-10-11,高雄市,旗山區,61,7073,56.71
60497,2022-10-10,高雄市,旗山區,48,7012,57.00
60882,2022-10-09,高雄市,旗山區,49,6964,61.00
61270,2022-10-08,高雄市,旗山區,54,6915,58.57
61658,2022-10-07,高雄市,旗山區,63,6861,57.71
62045,2022-10-06,高雄市,旗山區,51,6798,56.71
62437,2022-10-05,高雄市,旗山區,71,6747,54.86
62824,2022-10-04,高雄市,旗山區,63,6676,52.00
63212,2022-10-03,高雄市,旗山區,76,6613,50.43
63603,2022-10-02,高雄市,旗山區,32,6537,43.71
63984,2022-10-01,高雄市,旗山區,48,6505,43.43
64370,2022-09-30,高雄市,旗山區,56,6457,40.86
64755,2022-09-29,高雄市,旗山區,38,6401,38.14
65143,2022-09-28,高雄市,旗山區,51,6363,38.43
65531,2022-09-27,高雄市,旗山區,52,6312,36.14
65918,2022-09-26,高雄市,旗山區,29,6260,35.14
66305,2022-09-25,高雄市,旗山區,30,6231,37.57
66690,2022-09-24,高雄市,旗山區,30,6201,37.43
67073,2022-09-23,高雄市,旗山區,37,6171,38.43
67461,2022-09-22,高雄市,旗山區,40,6134,37.29
67849,2022-09-21,高雄市,旗山區,35,6094,38.00
68238,2022-09-20,高雄市,旗山區,45,6059,39.57
68628,2022-09-19,高雄市,旗山區,46,6014,42.00
69018,2022-09-18,高雄市,旗山區,29,5968,41.86
69401,2022-09-17,高雄市,旗山區,37,5939,41.29
69789,2022-09-16,高雄市,旗山區,29,5902,41.29
70174,2022-09-15,高雄市,旗山區,45,5873,41.57
70560,2022-09-14,高雄市,旗山區,46,5828,38.86
70946,2022-09-13,高雄市,旗山區,62,5782,35.29
71335,2022-09-12,高雄市,旗山區,45,5720,32.71
71724,2022-09-11,高雄市,旗山區,25,5675,31.71
72106,2022-09-10,高雄市,旗山區,37,5650,32.43
72488,2022-09-09,高雄市,旗山區,31,5613,32.57
72870,2022-09-08,高雄市,旗山區,26,5582,32.00
73257,2022-09-07,高雄市,旗山區,21,5556,33.43
73641,2022-09-06,高雄市,旗山區,44,5535,32.57
74027,2022-09-05,高雄市,旗山區,38,5491,29.71
74413,2022-09-04,高雄市,旗山區,30,5453,27.00
74796,2022-09-03,高雄市,旗山區,38,5423,23.29
75183,2022-09-02,高雄市,旗山區,27,5385,21.14
75569,2022-09-01,高雄市,旗山區,36,5358,20.29
75958,2022-08-31,高雄市,旗山區,15,5322,18.29
76345,2022-08-30,高雄市,旗山區,24,5307,19.14
76733,2022-08-29,高雄市,旗山區,19,5283,19.43
77122,2022-08-28,高雄市,旗山區,4,5264,19.14
77505,2022-08-27,高雄市,旗山區,23,5260,21.00
77891,2022-08-26,高雄市,旗山區,21,5237,19.14
78276,2022-08-25,高雄市,旗山區,22,5216,18.00
78663,2022-08-24,高雄市,旗山區,21,5194,17.29
79049,2022-08-23,高雄市,旗山區,26,5173,17.00
79432,2022-08-22,高雄市,旗山區,17,5147,15.57
79821,2022-08-21,高雄市,旗山區,17,5130,17.57
80198,2022-08-20,高雄市,旗山區,10,5113,16.71
80582,2022-08-19,高雄市,旗山區,13,5103,18.14
80966,2022-08-18,高雄市,旗山區,17,5090,21.29
81356,2022-08-17,高雄市,旗山區,19,5073,22.29
81740,2022-08-16,高雄市,旗山區,16,5054,21.57
82127,2022-08-15,高雄市,旗山區,31,5038,23.14
82514,2022-08-14,高雄市,旗山區,11,5007,22.71
82891,2022-08-13,高雄市,旗山區,20,4996,23.86
83270,2022-08-12,高雄市,旗山區,35,4976,25.29
83656,2022-08-11,高雄市,旗山區,24,4941,22.71
84042,2022-08-10,高雄市,旗山區,14,4917,22.00
84428,2022-08-09,高雄市,旗山區,27,4903,24.29
84810,2022-08-08,高雄市,旗山區,28,4876,22.71
85193,2022-08-07,高雄市,旗山區,19,4848,21.29
85568,2022-08-06,高雄市,旗山區,30,4829,22.00
85948,2022-08-05,高雄市,旗山區,17,4799,20.29
86334,2022-08-04,高雄市,旗山區,19,4782,20.29
86719,2022-08-03,高雄市,旗山區,30,4763,19.43
87102,2022-08-02,高雄市,旗山區,16,4733,17.86
87487,2022-08-01,高雄市,旗山區,18,4717,18.43
87874,2022-07-31,高雄市,旗山區,24,4699,21.29
88250,2022-07-30,高雄市,旗山區,18,4675,20.71
88628,2022-07-29,高雄市,旗山區,17,4657,21.14
89015,2022-07-28,高雄市,旗山區,13,4640,22.29
89401,2022-07-27,高雄市,旗山區,19,4627,23.86
89791,2022-07-26,高雄市,旗山區,20,4608,24.29
90178,2022-07-25,高雄市,旗山區,38,4588,25.00
90562,2022-07-24,高雄市,旗山區,20,4550,23.86
90939,2022-07-23,高雄市,旗山區,21,4530,22.14
91324,2022-07-22,高雄市,旗山區,25,4509,21.57
91710,2022-07-21,高雄市,旗山區,24,4484,21.57
92094,2022-07-20,高雄市,旗山區,22,4460,21.71
92481,2022-07-19,高雄市,旗山區,25,4438,22.43
92870,2022-07-18,高雄市,旗山區,30,4413,22.57
93257,2022-07-17,高雄市,旗山區,8,4383,23.29
93637,2022-07-16,高雄市,旗山區,17,4375,25.00
94023,2022-07-15,高雄市,旗山區,25,4358,26.43
94410,2022-07-14,高雄市,旗山區,25,4333,29.43
94799,2022-07-13,高雄市,旗山區,27,4308,31.00
95188,2022-07-12,高雄市,旗山區,26,4281,34.86
95575,2022-07-11,高雄市,旗山區,35,4255,38.71
95963,2022-07-10,高雄市,旗山區,20,4220,41.57
96347,2022-07-09,高雄市,旗山區,27,4200,43.43
96734,2022-07-08,高雄市,旗山區,46,4173,45.71
97125,2022-07-07,高雄市,旗山區,36,4127,46.29
97516,2022-07-06,高雄市,旗山區,54,4091,49.14
97905,2022-07-05,高雄市,旗山區,53,4037,48.43
98294,2022-07-04,高雄市,旗山區,55,3984,46.71
98683,2022-07-03,高雄市,旗山區,33,3929,48.43
99067,2022-07-02,高雄市,旗山區,43,3896,52.43
99456,2022-07-01,高雄市,旗山區,50,3853,53.00
99848,2022-06-30,高雄市,旗山區,56,3803,56.00
100239,2022-06-29,高雄市,旗山區,49,3747,58.43
100629,2022-06-28,高雄市,旗山區,41,3698,62.71
101020,2022-06-27,高雄市,旗山區,67,3657,68.71
101408,2022-06-26,高雄市,旗山區,61,3590,73.71
101794,2022-06-25,高雄市,旗山區,47,3529,74.71
102184,2022-06-24,高雄市,旗山區,71,3482,79.14
102575,2022-06-23,高雄市,旗山區,73,3411,80.00
102967,2022-06-22,高雄市,旗山區,79,3338,81.86
103357,2022-06-21,高雄市,旗山區,83,3259,89.43
103748,2022-06-20,高雄市,旗山區,102,3176,93.14
104139,2022-06-19,高雄市,旗山區,68,3074,94.43
104529,2022-06-18,高雄市,旗山區,78,3006,99.14
104920,2022-06-17,高雄市,旗山區,77,2928,111.57
105311,2022-06-16,高雄市,旗山區,86,2851,112.29
105701,2022-06-15,高雄市,旗山區,132,2765,112.29
106090,2022-06-14,高雄市,旗山區,109,2633,110.00
106482,2022-06-13,高雄市,旗山區,111,2524,107.71
106872,2022-06-12,高雄市,旗山區,101,2413,106.43
107259,2022-06-11,高雄市,旗山區,165,2312,102.86
107651,2022-06-10,高雄市,旗山區,82,2147,91.71
108040,2022-06-09,高雄市,旗山區,86,2065,95.29
108430,2022-06-08,高雄市,旗山區,116,1979,97.57
108819,2022-06-07,高雄市,旗山區,93,1863,93.14
109211,2022-06-06,高雄市,旗山區,102,1770,93.43
109601,2022-06-05,高雄市,旗山區,76,1668,88.86
109990,2022-06-04,高雄市,旗山區,87,1592,91.86
110380,2022-06-03,高雄市,旗山區,107,1505,92.14
110771,2022-06-02,高雄市,旗山區,102,1398,85.86
111161,2022-06-01,高雄市,旗山區,85,1296,80.86
111553,2022-05-31,高雄市,旗山區,95,1211,76.71
111944,2022-05-30,高雄市,旗山區,70,1116,70.43
112335,2022-05-29,高雄市,旗山區,97,1046,68.57
112726,2022-05-28,高雄市,旗山區,89,949,62.29
113116,2022-05-27,高雄市,旗山區,63,860,53.71
113506,2022-05-26,高雄市,旗山區,67,797,53.43
113898,2022-05-25,高雄市,旗山區,56,730,50.86
114287,2022-05-24,高雄市,旗山區,51,674,49.00
114679,2022-05-23,高雄市,旗山區,57,623,49.14
115070,2022-05-22,高雄市,旗山區,53,566,46.86
115461,2022-05-21,高雄市,旗山區,29,513,41.86
115846,2022-05-20,高雄市,旗山區,61,484,43.00
116234,2022-05-19,高雄市,旗山區,49,423,36.57
116623,2022-05-18,高雄市,旗山區,43,374,33.86
117013,2022-05-17,高雄市,旗山區,52,331,30.29
117402,2022-05-16,高雄市,旗山區,41,279,27.86
117791,2022-05-15,高雄市,旗山區,18,238,22.86
118176,2022-05-14,高雄市,旗山區,37,220,23.86
118560,2022-05-13,高雄市,旗山區,16,183,18.71
118947,2022-05-12,高雄市,旗山區,30,167,18.43
119331,2022-05-11,高雄市,旗山區,18,137,14.43
119716,2022-05-10,高雄市,旗山區,35,119,12.29
120098,2022-05-09,高雄市,旗山區,6,84,7.71
120479,2022-05-08,高雄市,旗山區,25,78,7.57
120863,2022-05-07,高雄市,旗山區,1,53,4.71
121242,2022-05-06,高雄市,旗山區,14,52,5.00
121620,2022-05-05,高雄市,旗山區,2,38,3.14
121990,2022-05-04,高雄市,旗山區,3,36,3.43
122352,2022-05-03,高雄市,旗山區,3,33,3.14
122710,2022-05-02,高雄市,旗山區,5,30,2.86
123060,2022-05-01,高雄市,旗山區,5,25,2.14
123394,2022-04-30,高雄市,旗山區,3,20,1.43
123724,2022-04-29,高雄市,旗山區,1,17,1.00
124040,2022-04-28,高雄市,旗山區,4,16,1.00
124353,2022-04-27,高雄市,旗山區,1,12,0.71
124648,2022-04-26,高雄市,旗山區,1,11,0.57
125701,2022-04-22,高雄市,旗山區,1,10,0.57
125940,2022-04-21,高雄市,旗山區,2,9,0.57
126379,2022-04-19,高雄市,旗山區,1,7,0.29
127070,2022-04-15,高雄市,旗山區,1,6,0.29
127822,2022-04-10,高雄市,旗山區,1,5,0.29
128284,2022-04-06,高雄市,旗山區,1,4,0.14
131576,2021-06-23,高雄市,旗山區,2,3,0.29
133335,2021-05-27,高雄市,旗山區,1,1,0.14
