UID,個案研判日,縣市別,區域,新增確診人數,累計確診人數,七天移動平均新增確診人數
243,2023-06-14,高雄市,路竹區,8,20962,1.14
578,2023-03-21,高雄市,路竹區,1,20954,13.71
832,2023-03-20,高雄市,路竹區,6,20953,18.00
1144,2023-03-19,高雄市,路竹區,2,20947,21.29
1475,2023-03-18,高雄市,路竹區,21,20945,23.00
1827,2023-03-17,高雄市,路竹區,16,20924,23.57
2175,2023-03-16,高雄市,路竹區,21,20908,24.14
2529,2023-03-15,高雄市,路竹區,29,20887,26.14
2880,2023-03-14,高雄市,路竹區,31,20858,25.29
3237,2023-03-13,高雄市,路竹區,29,20827,24.57
3589,2023-03-12,高雄市,路竹區,14,20798,24.14
3943,2023-03-11,高雄市,路竹區,25,20784,25.00
4294,2023-03-10,高雄市,路竹區,20,20759,25.29
4651,2023-03-09,高雄市,路竹區,35,20739,27.29
5007,2023-03-08,高雄市,路竹區,23,20704,26.86
5361,2023-03-07,高雄市,路竹區,26,20681,28.57
5726,2023-03-06,高雄市,路竹區,26,20655,30.00
6079,2023-03-05,高雄市,路竹區,20,20629,30.00
6423,2023-03-04,高雄市,路竹區,27,20609,29.29
6779,2023-03-03,高雄市,路竹區,34,20582,31.00
7141,2023-03-02,高雄市,路竹區,32,20548,30.14
7506,2023-03-01,高雄市,路竹區,35,20516,30.86
7877,2023-02-28,高雄市,路竹區,36,20481,31.43
8239,2023-02-27,高雄市,路竹區,26,20445,32.71
8584,2023-02-26,高雄市,路竹區,15,20419,36.00
8945,2023-02-25,高雄市,路竹區,39,20404,36.29
9311,2023-02-24,高雄市,路竹區,28,20365,36.43
9676,2023-02-23,高雄市,路竹區,37,20337,37.29
10048,2023-02-22,高雄市,路竹區,39,20300,36.14
10421,2023-02-21,高雄市,路竹區,45,20261,37.43
10793,2023-02-20,高雄市,路竹區,49,20216,38.29
11162,2023-02-19,高雄市,路竹區,17,20167,38.57
11527,2023-02-18,高雄市,路竹區,40,20150,40.29
11895,2023-02-17,高雄市,路竹區,34,20110,42.14
12268,2023-02-16,高雄市,路竹區,29,20076,43.14
12644,2023-02-15,高雄市,路竹區,48,20047,47.86
13019,2023-02-14,高雄市,路竹區,51,19999,47.57
13390,2023-02-13,高雄市,路竹區,51,19948,49.43
13763,2023-02-12,高雄市,路竹區,29,19897,50.43
14126,2023-02-11,高雄市,路竹區,53,19868,52.14
14496,2023-02-10,高雄市,路竹區,41,19815,53.29
14868,2023-02-09,高雄市,路竹區,62,19774,56.86
15250,2023-02-08,高雄市,路竹區,46,19712,58.71
15628,2023-02-07,高雄市,路竹區,64,19666,60.43
16008,2023-02-06,高雄市,路竹區,58,19602,60.71
16383,2023-02-05,高雄市,路竹區,41,19544,63.29
16757,2023-02-04,高雄市,路竹區,61,19503,62.14
17136,2023-02-03,高雄市,路竹區,66,19442,59.57
17523,2023-02-02,高雄市,路竹區,75,19376,55.43
17903,2023-02-01,高雄市,路竹區,58,19301,50.86
18285,2023-01-31,高雄市,路竹區,66,19243,47.86
18670,2023-01-30,高雄市,路竹區,76,19177,43.43
19055,2023-01-29,高雄市,路竹區,33,19101,35.57
19433,2023-01-28,高雄市,路竹區,43,19068,33.14
19809,2023-01-27,高雄市,路竹區,37,19025,32.00
20188,2023-01-26,高雄市,路竹區,43,18988,33.29
20559,2023-01-25,高雄市,路竹區,37,18945,34.00
20928,2023-01-24,高雄市,路竹區,35,18908,35.00
21297,2023-01-23,高雄市,路竹區,21,18873,37.29
21668,2023-01-22,高雄市,路竹區,16,18852,38.14
22036,2023-01-21,高雄市,路竹區,35,18836,40.57
22405,2023-01-20,高雄市,路竹區,46,18801,43.14
22773,2023-01-19,高雄市,路竹區,48,18755,42.29
23145,2023-01-18,高雄市,路竹區,44,18707,42.29
23511,2023-01-17,高雄市,路竹區,51,18663,41.29
23880,2023-01-16,高雄市,路竹區,27,18612,41.43
24254,2023-01-15,高雄市,路竹區,33,18585,45.00
24620,2023-01-14,高雄市,路竹區,53,18552,45.14
24989,2023-01-13,高雄市,路竹區,40,18499,42.43
25361,2023-01-12,高雄市,路竹區,48,18459,44.14
25732,2023-01-11,高雄市,路竹區,37,18411,45.71
26110,2023-01-10,高雄市,路竹區,52,18374,50.71
26484,2023-01-09,高雄市,路竹區,52,18322,51.43
26853,2023-01-08,高雄市,路竹區,34,18270,51.29
27215,2023-01-07,高雄市,路竹區,34,18236,53.57
27589,2023-01-06,高雄市,路竹區,52,18202,57.86
27968,2023-01-05,高雄市,路竹區,59,18150,57.71
28348,2023-01-04,高雄市,路竹區,72,18091,56.14
28730,2023-01-03,高雄市,路竹區,57,18019,55.43
29108,2023-01-02,高雄市,路竹區,51,17962,55.71
29479,2023-01-01,高雄市,路竹區,50,17911,55.29
29839,2022-12-31,高雄市,路竹區,64,17861,52.43
30206,2022-12-30,高雄市,路竹區,51,17797,48.43
30579,2022-12-29,高雄市,路竹區,48,17746,50.00
30952,2022-12-28,高雄市,路竹區,67,17698,47.86
31325,2022-12-27,高雄市,路竹區,59,17631,46.43
31699,2022-12-26,高雄市,路竹區,48,17572,42.86
32061,2022-12-25,高雄市,路竹區,30,17524,43.14
32422,2022-12-24,高雄市,路竹區,36,17494,43.00
32781,2022-12-23,高雄市,路竹區,62,17458,43.43
33147,2022-12-22,高雄市,路竹區,33,17396,41.43
33513,2022-12-21,高雄市,路竹區,57,17363,41.57
33881,2022-12-20,高雄市,路竹區,34,17306,38.29
34247,2022-12-19,高雄市,路竹區,50,17272,40.71
34607,2022-12-18,高雄市,路竹區,29,17222,41.00
34962,2022-12-17,高雄市,路竹區,39,17193,40.86
35329,2022-12-16,高雄市,路竹區,48,17154,40.57
35690,2022-12-15,高雄市,路竹區,34,17106,40.00
36055,2022-12-14,高雄市,路竹區,34,17072,39.29
36421,2022-12-13,高雄市,路竹區,51,17038,39.71
36799,2022-12-12,高雄市,路竹區,52,16987,35.29
37157,2022-12-11,高雄市,路竹區,28,16935,32.86
37519,2022-12-10,高雄市,路竹區,37,16907,32.86
37885,2022-12-09,高雄市,路竹區,44,16870,32.71
38256,2022-12-08,高雄市,路竹區,29,16826,31.14
38630,2022-12-07,高雄市,路竹區,37,16797,32.00
38995,2022-12-06,高雄市,路竹區,20,16760,33.86
39371,2022-12-05,高雄市,路竹區,35,16740,36.43
39745,2022-12-04,高雄市,路竹區,28,16705,38.43
40112,2022-12-03,高雄市,路竹區,36,16677,38.86
40480,2022-12-02,高雄市,路竹區,33,16641,38.57
40849,2022-12-01,高雄市,路竹區,35,16608,38.29
41222,2022-11-30,高雄市,路竹區,50,16573,39.00
41597,2022-11-29,高雄市,路竹區,38,16523,38.00
41975,2022-11-28,高雄市,路竹區,49,16485,37.57
42348,2022-11-27,高雄市,路竹區,31,16436,36.71
42703,2022-11-26,高雄市,路竹區,34,16405,37.57
43068,2022-11-25,高雄市,路竹區,31,16371,37.00
43438,2022-11-24,高雄市,路竹區,40,16340,38.86
43805,2022-11-23,高雄市,路竹區,43,16300,38.43
44179,2022-11-22,高雄市,路竹區,35,16257,39.71
44558,2022-11-21,高雄市,路竹區,43,16222,42.14
44933,2022-11-20,高雄市,路竹區,37,16179,42.86
45301,2022-11-19,高雄市,路竹區,30,16142,45.14
45670,2022-11-18,高雄市,路竹區,44,16112,44.86
46044,2022-11-17,高雄市,路竹區,37,16068,45.00
46420,2022-11-16,高雄市,路竹區,52,16031,47.00
46802,2022-11-15,高雄市,路竹區,52,15979,45.71
47180,2022-11-14,高雄市,路竹區,48,15927,47.86
47557,2022-11-13,高雄市,路竹區,53,15879,49.57
47930,2022-11-12,高雄市,路竹區,28,15826,47.00
48308,2022-11-11,高雄市,路竹區,45,15798,52.00
48688,2022-11-10,高雄市,路竹區,51,15753,53.57
49071,2022-11-09,高雄市,路竹區,43,15702,52.86
49458,2022-11-08,高雄市,路竹區,67,15659,55.57
49843,2022-11-07,高雄市,路竹區,60,15592,54.29
50219,2022-11-06,高雄市,路竹區,35,15532,55.57
50590,2022-11-05,高雄市,路竹區,63,15497,57.71
50974,2022-11-04,高雄市,路竹區,56,15434,59.00
51357,2022-11-03,高雄市,路竹區,46,15378,62.14
51737,2022-11-02,高雄市,路竹區,62,15332,69.86
52124,2022-11-01,高雄市,路竹區,58,15270,70.43
52507,2022-10-31,高雄市,路竹區,69,15212,76.14
52888,2022-10-30,高雄市,路竹區,50,15143,81.29
53267,2022-10-29,高雄市,路竹區,72,15093,83.43
53651,2022-10-28,高雄市,路竹區,78,15021,85.43
54037,2022-10-27,高雄市,路竹區,100,14943,86.29
54422,2022-10-26,高雄市,路竹區,66,14843,85.71
54808,2022-10-25,高雄市,路竹區,98,14777,93.00
55199,2022-10-24,高雄市,路竹區,105,14679,92.14
55583,2022-10-23,高雄市,路竹區,65,14574,92.29
55965,2022-10-22,高雄市,路竹區,86,14509,92.57
56351,2022-10-21,高雄市,路竹區,84,14423,93.14
56737,2022-10-20,高雄市,路竹區,96,14339,95.00
57124,2022-10-19,高雄市,路竹區,117,14243,94.86
57512,2022-10-18,高雄市,路竹區,92,14126,94.86
57902,2022-10-17,高雄市,路竹區,106,14034,104.14
58290,2022-10-16,高雄市,路竹區,67,13928,104.71
58676,2022-10-15,高雄市,路竹區,90,13861,103.00
59062,2022-10-14,高雄市,路竹區,97,13771,112.00
59451,2022-10-13,高雄市,路竹區,95,13674,112.57
59842,2022-10-12,高雄市,路竹區,117,13579,113.00
60232,2022-10-11,高雄市,路竹區,157,13462,111.29
60622,2022-10-10,高雄市,路竹區,110,13305,102.86
61005,2022-10-09,高雄市,路竹區,55,13195,106.29
61394,2022-10-08,高雄市,路竹區,153,13140,108.57
61783,2022-10-07,高雄市,路竹區,101,12987,99.14
62170,2022-10-06,高雄市,路竹區,98,12886,93.86
62561,2022-10-05,高雄市,路竹區,105,12788,91.14
62948,2022-10-04,高雄市,路竹區,98,12683,88.43
63337,2022-10-03,高雄市,路竹區,134,12585,86.14
63726,2022-10-02,高雄市,路竹區,71,12451,75.86
64108,2022-10-01,高雄市,路竹區,87,12380,72.57
64494,2022-09-30,高雄市,路竹區,64,12293,68.29
64879,2022-09-29,高雄市,路竹區,79,12229,66.14
65268,2022-09-28,高雄市,路竹區,86,12150,64.00
65655,2022-09-27,高雄市,路竹區,82,12064,61.29
66041,2022-09-26,高雄市,路竹區,62,11982,57.43
66428,2022-09-25,高雄市,路竹區,48,11920,58.71
66812,2022-09-24,高雄市,路竹區,57,11872,55.71
67198,2022-09-23,高雄市,路竹區,49,11815,54.86
67585,2022-09-22,高雄市,路竹區,64,11766,54.00
67974,2022-09-21,高雄市,路竹區,67,11702,54.00
68363,2022-09-20,高雄市,路竹區,55,11635,50.71
68753,2022-09-19,高雄市,路竹區,71,11580,49.86
69143,2022-09-18,高雄市,路竹區,27,11509,49.00
69526,2022-09-17,高雄市,路竹區,51,11482,49.71
69913,2022-09-16,高雄市,路竹區,43,11431,48.57
70298,2022-09-15,高雄市,路竹區,64,11388,49.14
70685,2022-09-14,高雄市,路竹區,44,11324,47.86
71071,2022-09-13,高雄市,路竹區,49,11280,46.71
71460,2022-09-12,高雄市,路竹區,65,11231,47.57
71847,2022-09-11,高雄市,路竹區,32,11166,44.29
72229,2022-09-10,高雄市,路竹區,43,11134,43.00
72611,2022-09-09,高雄市,路竹區,47,11091,43.57
72995,2022-09-08,高雄市,路竹區,55,11044,42.43
73382,2022-09-07,高雄市,路竹區,36,10989,40.86
73766,2022-09-06,高雄市,路竹區,55,10953,42.14
74152,2022-09-05,高雄市,路竹區,42,10898,39.86
74536,2022-09-04,高雄市,路竹區,23,10856,40.00
74920,2022-09-03,高雄市,路竹區,47,10833,38.57
75308,2022-09-02,高雄市,路竹區,39,10786,35.71
75694,2022-09-01,高雄市,路竹區,44,10747,33.57
76083,2022-08-31,高雄市,路竹區,45,10703,33.14
76470,2022-08-30,高雄市,路竹區,39,10658,30.86
76858,2022-08-29,高雄市,路竹區,43,10619,29.43
77245,2022-08-28,高雄市,路竹區,13,10576,28.00
77630,2022-08-27,高雄市,路竹區,27,10563,28.86
78016,2022-08-26,高雄市,路竹區,24,10536,29.71
78400,2022-08-25,高雄市,路竹區,41,10512,28.86
78785,2022-08-24,高雄市,路竹區,29,10471,26.86
79172,2022-08-23,高雄市,路竹區,29,10442,24.57
79557,2022-08-22,高雄市,路竹區,33,10413,24.71
79941,2022-08-21,高雄市,路竹區,19,10380,25.00
80321,2022-08-20,高雄市,路竹區,33,10361,24.57
80705,2022-08-19,高雄市,路竹區,18,10328,24.00
81091,2022-08-18,高雄市,路竹區,27,10310,26.14
81480,2022-08-17,高雄市,路竹區,13,10283,25.71
81865,2022-08-16,高雄市,路竹區,30,10270,29.86
82252,2022-08-15,高雄市,路竹區,35,10240,32.14
82635,2022-08-14,高雄市,路竹區,16,10205,33.57
83012,2022-08-13,高雄市,路竹區,29,10189,37.71
83394,2022-08-12,高雄市,路竹區,33,10160,38.43
83778,2022-08-11,高雄市,路竹區,24,10127,39.29
84165,2022-08-10,高雄市,路竹區,42,10103,40.29
84548,2022-08-09,高雄市,路竹區,46,10061,37.29
84934,2022-08-08,高雄市,路竹區,45,10015,34.86
85313,2022-08-07,高雄市,路竹區,45,9970,34.29
85688,2022-08-06,高雄市,路竹區,34,9925,31.43
86072,2022-08-05,高雄市,路竹區,39,9891,30.43
86458,2022-08-04,高雄市,路竹區,31,9852,29.29
86843,2022-08-03,高雄市,路竹區,21,9821,30.14
87225,2022-08-02,高雄市,路竹區,29,9800,34.14
87612,2022-08-01,高雄市,路竹區,41,9771,35.14
87995,2022-07-31,高雄市,路竹區,25,9730,35.14
88372,2022-07-30,高雄市,路竹區,27,9705,35.57
88753,2022-07-29,高雄市,路竹區,31,9678,37.14
89139,2022-07-28,高雄市,路竹區,37,9647,39.00
89526,2022-07-27,高雄市,路竹區,49,9610,39.29
89916,2022-07-26,高雄市,路竹區,36,9561,40.00
90303,2022-07-25,高雄市,路竹區,41,9525,41.29
90683,2022-07-24,高雄市,路竹區,28,9484,42.14
91063,2022-07-23,高雄市,路竹區,38,9456,41.29
91449,2022-07-22,高雄市,路竹區,44,9418,46.71
91835,2022-07-21,高雄市,路竹區,39,9374,47.86
92217,2022-07-20,高雄市,路竹區,54,9335,47.86
92606,2022-07-19,高雄市,路竹區,45,9281,46.14
92995,2022-07-18,高雄市,路竹區,47,9236,48.71
93381,2022-07-17,高雄市,路竹區,22,9189,52.29
93760,2022-07-16,高雄市,路竹區,76,9167,56.29
94148,2022-07-15,高雄市,路竹區,52,9091,55.57
94535,2022-07-14,高雄市,路竹區,39,9039,56.43
94924,2022-07-13,高雄市,路竹區,42,9000,60.29
95311,2022-07-12,高雄市,路竹區,63,8958,64.00
95700,2022-07-11,高雄市,路竹區,72,8895,64.71
96086,2022-07-10,高雄市,路竹區,50,8823,70.86
96472,2022-07-09,高雄市,路竹區,71,8773,69.29
96859,2022-07-08,高雄市,路竹區,58,8702,67.86
97250,2022-07-07,高雄市,路竹區,66,8644,72.00
97640,2022-07-06,高雄市,路竹區,68,8578,74.00
98029,2022-07-05,高雄市,路竹區,68,8510,73.00
98418,2022-07-04,高雄市,路竹區,115,8442,72.86
98808,2022-07-03,高雄市,路竹區,39,8327,70.00
99190,2022-07-02,高雄市,路竹區,61,8288,76.29
99581,2022-07-01,高雄市,路竹區,87,8227,77.57
99973,2022-06-30,高雄市,路竹區,80,8140,77.14
100364,2022-06-29,高雄市,路竹區,61,8060,79.71
100754,2022-06-28,高雄市,路竹區,67,7999,86.29
101145,2022-06-27,高雄市,路竹區,95,7932,92.14
101532,2022-06-26,高雄市,路竹區,83,7837,97.29
101919,2022-06-25,高雄市,路竹區,70,7754,97.14
102307,2022-06-24,高雄市,路竹區,84,7684,103.29
102699,2022-06-23,高雄市,路竹區,98,7600,106.86
103092,2022-06-22,高雄市,路竹區,107,7502,116.29
103481,2022-06-21,高雄市,路竹區,108,7395,125.43
103873,2022-06-20,高雄市,路竹區,131,7287,132.43
104263,2022-06-19,高雄市,路竹區,82,7156,138.43
104654,2022-06-18,高雄市,路竹區,113,7074,142.43
105045,2022-06-17,高雄市,路竹區,109,6961,150.57
105435,2022-06-16,高雄市,路竹區,164,6852,157.29
105825,2022-06-15,高雄市,路竹區,171,6688,163.00
106215,2022-06-14,高雄市,路竹區,157,6517,163.71
106607,2022-06-13,高雄市,路竹區,173,6360,165.57
106997,2022-06-12,高雄市,路竹區,110,6187,172.14
107384,2022-06-11,高雄市,路竹區,170,6077,175.43
107776,2022-06-10,高雄市,路竹區,156,5907,173.29
108165,2022-06-09,高雄市,路竹區,204,5751,179.00
108554,2022-06-08,高雄市,路竹區,176,5547,172.43
108944,2022-06-07,高雄市,路竹區,170,5371,172.29
109336,2022-06-06,高雄市,路竹區,219,5201,183.71
109726,2022-06-05,高雄市,路竹區,133,4982,184.29
110115,2022-06-04,高雄市,路竹區,155,4849,187.71
110505,2022-06-03,高雄市,路竹區,196,4694,203.86
110896,2022-06-02,高雄市,路竹區,158,4498,221.00
111286,2022-06-01,高雄市,路竹區,175,4340,221.86
111678,2022-05-31,高雄市,路竹區,250,4165,225.00
112069,2022-05-30,高雄市,路竹區,223,3915,228.71
112460,2022-05-29,高雄市,路竹區,157,3692,235.14
112850,2022-05-28,高雄市,路竹區,268,3535,235.86
113241,2022-05-27,高雄市,路竹區,316,3267,228.71
113631,2022-05-26,高雄市,路竹區,164,2951,212.29
114022,2022-05-25,高雄市,路竹區,197,2787,218.71
114412,2022-05-24,高雄市,路竹區,276,2590,210.86
114804,2022-05-23,高雄市,路竹區,268,2314,199.86
115195,2022-05-22,高雄市,路竹區,162,2046,172.86
115586,2022-05-21,高雄市,路竹區,218,1884,166.00
115971,2022-05-20,高雄市,路竹區,201,1666,146.86
116359,2022-05-19,高雄市,路竹區,209,1465,131.29
116747,2022-05-18,高雄市,路竹區,142,1256,117.43
117138,2022-05-17,高雄市,路竹區,199,1114,106.43
117526,2022-05-16,高雄市,路竹區,79,915,88.14
117914,2022-05-15,高雄市,路竹區,114,836,83.86
118298,2022-05-14,高雄市,路竹區,84,722,70.00
118683,2022-05-13,高雄市,路竹區,92,638,64.14
119071,2022-05-12,高雄市,路竹區,112,546,56.43
119453,2022-05-11,高雄市,路竹區,65,434,44.00
119840,2022-05-10,高雄市,路竹區,71,369,37.00
120222,2022-05-09,高雄市,路竹區,49,298,29.14
120602,2022-05-08,高雄市,路竹區,17,249,23.00
120988,2022-05-07,高雄市,路竹區,43,232,22.29
121366,2022-05-06,高雄市,路竹區,38,189,16.86
121740,2022-05-05,高雄市,路竹區,25,151,12.71
122108,2022-05-04,高雄市,路竹區,16,126,10.43
122471,2022-05-03,高雄市,路竹區,16,110,9.43
122826,2022-05-02,高雄市,路竹區,6,94,8.86
123166,2022-05-01,高雄市,路竹區,12,88,9.43
123501,2022-04-30,高雄市,路竹區,5,76,8.71
123825,2022-04-29,高雄市,路竹區,9,71,8.14
124140,2022-04-28,高雄市,路竹區,9,62,7.29
124445,2022-04-27,高雄市,路竹區,9,53,6.29
124741,2022-04-26,高雄市,路竹區,12,44,5.00
125020,2022-04-25,高雄市,路竹區,10,32,4.14
125281,2022-04-24,高雄市,路竹區,7,22,2.71
125519,2022-04-23,高雄市,路竹區,1,15,1.71
125766,2022-04-22,高雄市,路竹區,3,14,1.71
126003,2022-04-21,高雄市,路竹區,2,11,1.43
126428,2022-04-19,高雄市,路竹區,6,9,1.29
126935,2022-04-16,高雄市,路竹區,1,3,0.43
127106,2022-04-15,高雄市,路竹區,1,2,0.29
127431,2022-04-13,高雄市,路竹區,1,1,0.14
