UID,個案研判日,縣市別,區域,新增確診人數,累計確診人數,七天移動平均新增確診人數
257,2023-06-14,高雄市,茄萣區,3,10188,0.43
863,2023-03-20,高雄市,茄萣區,2,10185,8.00
1188,2023-03-19,高雄市,茄萣區,3,10183,9.86
1527,2023-03-18,高雄市,茄萣區,4,10180,10.00
1877,2023-03-17,高雄市,茄萣區,6,10176,10.29
2228,2023-03-16,高雄市,茄萣區,13,10170,10.57
2581,2023-03-15,高雄市,茄萣區,13,10157,9.86
2938,2023-03-14,高雄市,茄萣區,15,10144,9.71
3295,2023-03-13,高雄市,茄萣區,15,10129,8.86
3640,2023-03-12,高雄市,茄萣區,4,10114,9.14
3996,2023-03-11,高雄市,茄萣區,6,10110,8.86
4348,2023-03-10,高雄市,茄萣區,8,10104,9.00
4704,2023-03-09,高雄市,茄萣區,8,10096,9.86
5060,2023-03-08,高雄市,茄萣區,12,10088,10.43
5419,2023-03-07,高雄市,茄萣區,9,10076,10.29
5784,2023-03-06,高雄市,茄萣區,17,10067,10.57
6125,2023-03-05,高雄市,茄萣區,2,10050,9.00
6479,2023-03-04,高雄市,茄萣區,7,10048,9.43
6836,2023-03-03,高雄市,茄萣區,14,10041,10.57
7197,2023-03-02,高雄市,茄萣區,12,10027,10.00
7567,2023-03-01,高雄市,茄萣區,11,10015,9.57
7932,2023-02-28,高雄市,茄萣區,11,10004,9.29
8292,2023-02-27,高雄市,茄萣區,6,9993,8.71
8639,2023-02-26,高雄市,茄萣區,5,9987,10.00
9008,2023-02-25,高雄市,茄萣區,15,9982,10.86
9367,2023-02-24,高雄市,茄萣區,10,9967,11.43
9736,2023-02-23,高雄市,茄萣區,9,9957,12.00
10111,2023-02-22,高雄市,茄萣區,9,9948,12.71
10482,2023-02-21,高雄市,茄萣區,7,9939,14.29
10857,2023-02-20,高雄市,茄萣區,15,9932,14.43
11217,2023-02-19,高雄市,茄萣區,11,9917,15.29
11586,2023-02-18,高雄市,茄萣區,19,9906,15.29
11957,2023-02-17,高雄市,茄萣區,14,9887,14.86
12332,2023-02-16,高雄市,茄萣區,14,9873,15.71
12704,2023-02-15,高雄市,茄萣區,20,9859,17.57
13079,2023-02-14,高雄市,茄萣區,8,9839,17.86
13455,2023-02-13,高雄市,茄萣區,21,9831,20.43
13817,2023-02-12,高雄市,茄萣區,11,9810,20.29
14190,2023-02-11,高雄市,茄萣區,16,9799,21.57
14557,2023-02-10,高雄市,茄萣區,20,9783,23.00
14932,2023-02-09,高雄市,茄萣區,27,9763,23.57
15311,2023-02-08,高雄市,茄萣區,22,9736,24.57
15692,2023-02-07,高雄市,茄萣區,26,9714,24.00
16072,2023-02-06,高雄市,茄萣區,20,9688,24.29
16442,2023-02-05,高雄市,茄萣區,20,9668,24.57
16820,2023-02-04,高雄市,茄萣區,26,9648,23.86
17204,2023-02-03,高雄市,茄萣區,24,9622,24.29
17587,2023-02-02,高雄市,茄萣區,34,9598,23.86
17966,2023-02-01,高雄市,茄萣區,18,9564,21.00
18349,2023-01-31,高雄市,茄萣區,28,9546,20.71
18737,2023-01-30,高雄市,茄萣區,22,9518,17.57
19118,2023-01-29,高雄市,茄萣區,15,9496,16.57
19497,2023-01-28,高雄市,茄萣區,29,9481,16.00
19873,2023-01-27,高雄市,茄萣區,21,9452,13.14
20250,2023-01-26,高雄市,茄萣區,14,9431,11.43
20622,2023-01-25,高雄市,茄萣區,16,9417,11.43
20990,2023-01-24,高雄市,茄萣區,6,9401,11.57
21359,2023-01-23,高雄市,茄萣區,15,9395,12.14
21725,2023-01-22,高雄市,茄萣區,11,9380,11.71
22097,2023-01-21,高雄市,茄萣區,9,9369,10.86
22463,2023-01-20,高雄市,茄萣區,9,9360,12.29
22833,2023-01-19,高雄市,茄萣區,14,9351,12.57
23205,2023-01-18,高雄市,茄萣區,17,9337,13.00
23569,2023-01-17,高雄市,茄萣區,10,9320,12.57
23945,2023-01-16,高雄市,茄萣區,12,9310,14.71
24316,2023-01-15,高雄市,茄萣區,5,9298,16.29
24680,2023-01-14,高雄市,茄萣區,19,9293,19.71
25047,2023-01-13,高雄市,茄萣區,11,9274,20.57
25424,2023-01-12,高雄市,茄萣區,17,9263,21.86
25797,2023-01-11,高雄市,茄萣區,14,9246,23.14
26170,2023-01-10,高雄市,茄萣區,25,9232,24.00
26548,2023-01-09,高雄市,茄萣區,23,9207,22.86
26914,2023-01-08,高雄市,茄萣區,29,9184,22.86
27279,2023-01-07,高雄市,茄萣區,25,9155,19.86
27650,2023-01-06,高雄市,茄萣區,20,9130,18.14
28032,2023-01-05,高雄市,茄萣區,26,9110,18.00
28412,2023-01-04,高雄市,茄萣區,20,9084,18.43
28794,2023-01-03,高雄市,茄萣區,17,9064,19.86
29168,2023-01-02,高雄市,茄萣區,23,9047,19.86
29531,2023-01-01,高雄市,茄萣區,8,9024,20.86
29898,2022-12-31,高雄市,茄萣區,13,9016,21.29
30269,2022-12-30,高雄市,茄萣區,19,9003,21.43
30640,2022-12-29,高雄市,茄萣區,29,8984,20.29
31013,2022-12-28,高雄市,茄萣區,30,8955,18.43
31389,2022-12-27,高雄市,茄萣區,17,8925,16.57
31761,2022-12-26,高雄市,茄萣區,30,8908,17.57
32117,2022-12-25,高雄市,茄萣區,11,8878,16.43
32477,2022-12-24,高雄市,茄萣區,14,8867,15.29
32838,2022-12-23,高雄市,茄萣區,11,8853,14.86
33207,2022-12-22,高雄市,茄萣區,16,8842,14.86
33577,2022-12-21,高雄市,茄萣區,17,8826,15.29
33939,2022-12-20,高雄市,茄萣區,24,8809,14.71
34310,2022-12-19,高雄市,茄萣區,22,8785,13.43
34661,2022-12-18,高雄市,茄萣區,3,8763,12.14
35022,2022-12-17,高雄市,茄萣區,11,8760,12.86
35385,2022-12-16,高雄市,茄萣區,11,8749,13.86
35753,2022-12-15,高雄市,茄萣區,19,8738,15.57
36112,2022-12-14,高雄市,茄萣區,13,8719,16.00
36485,2022-12-13,高雄市,茄萣區,15,8706,15.71
36860,2022-12-12,高雄市,茄萣區,13,8691,16.86
37210,2022-12-11,高雄市,茄萣區,8,8678,17.57
37580,2022-12-10,高雄市,茄萣區,18,8670,18.14
37943,2022-12-09,高雄市,茄萣區,23,8652,18.14
38315,2022-12-08,高雄市,茄萣區,22,8629,17.86
38690,2022-12-07,高雄市,茄萣區,11,8607,15.71
39058,2022-12-06,高雄市,茄萣區,23,8596,17.14
39435,2022-12-05,高雄市,茄萣區,18,8573,16.00
39804,2022-12-04,高雄市,茄萣區,12,8555,16.86
40174,2022-12-03,高雄市,茄萣區,18,8543,17.57
40544,2022-12-02,高雄市,茄萣區,21,8525,18.57
40910,2022-12-01,高雄市,茄萣區,7,8504,19.14
41284,2022-11-30,高雄市,茄萣區,21,8497,21.71
41661,2022-11-29,高雄市,茄萣區,15,8476,21.86
42040,2022-11-28,高雄市,茄萣區,24,8461,24.00
42404,2022-11-27,高雄市,茄萣區,17,8437,24.57
42758,2022-11-26,高雄市,茄萣區,25,8420,24.71
43130,2022-11-25,高雄市,茄萣區,25,8395,22.86
43499,2022-11-24,高雄市,茄萣區,25,8370,21.71
43868,2022-11-23,高雄市,茄萣區,22,8345,22.00
44241,2022-11-22,高雄市,茄萣區,30,8323,22.71
44622,2022-11-21,高雄市,茄萣區,28,8293,21.57
44992,2022-11-20,高雄市,茄萣區,18,8265,20.57
45362,2022-11-19,高雄市,茄萣區,12,8247,20.71
45732,2022-11-18,高雄市,茄萣區,17,8235,21.86
46105,2022-11-17,高雄市,茄萣區,27,8218,24.00
46485,2022-11-16,高雄市,茄萣區,27,8191,23.71
46866,2022-11-15,高雄市,茄萣區,22,8164,24.14
47246,2022-11-14,高雄市,茄萣區,21,8142,25.43
47619,2022-11-13,高雄市,茄萣區,19,8121,27.71
47992,2022-11-12,高雄市,茄萣區,20,8102,27.43
48374,2022-11-11,高雄市,茄萣區,32,8082,27.14
48755,2022-11-10,高雄市,茄萣區,25,8050,26.71
49139,2022-11-09,高雄市,茄萣區,30,8025,28.14
49524,2022-11-08,高雄市,茄萣區,31,7995,28.71
49908,2022-11-07,高雄市,茄萣區,37,7964,27.29
50280,2022-11-06,高雄市,茄萣區,17,7927,25.29
50652,2022-11-05,高雄市,茄萣區,18,7910,25.00
51038,2022-11-04,高雄市,茄萣區,29,7892,27.86
51421,2022-11-03,高雄市,茄萣區,35,7863,26.86
51803,2022-11-02,高雄市,茄萣區,34,7828,27.00
52191,2022-11-01,高雄市,茄萣區,21,7794,28.43
52572,2022-10-31,高雄市,茄萣區,23,7773,33.71
52952,2022-10-30,高雄市,茄萣區,15,7750,35.43
53332,2022-10-29,高雄市,茄萣區,38,7735,37.86
53718,2022-10-28,高雄市,茄萣區,22,7697,35.00
54103,2022-10-27,高雄市,茄萣區,36,7675,38.71
54488,2022-10-26,高雄市,茄萣區,44,7639,39.14
54876,2022-10-25,高雄市,茄萣區,58,7595,38.29
55266,2022-10-24,高雄市,茄萣區,35,7537,35.00
55645,2022-10-23,高雄市,茄萣區,32,7502,34.43
56031,2022-10-22,高雄市,茄萣區,18,7470,34.57
56419,2022-10-21,高雄市,茄萣區,48,7452,38.43
56805,2022-10-20,高雄市,茄萣區,39,7404,36.29
57192,2022-10-19,高雄市,茄萣區,38,7365,36.29
57580,2022-10-18,高雄市,茄萣區,35,7327,38.57
57970,2022-10-17,高雄市,茄萣區,31,7292,40.14
58356,2022-10-16,高雄市,茄萣區,33,7261,39.57
58742,2022-10-15,高雄市,茄萣區,45,7228,40.43
59130,2022-10-14,高雄市,茄萣區,33,7183,39.00
59519,2022-10-13,高雄市,茄萣區,39,7150,38.71
59909,2022-10-12,高雄市,茄萣區,54,7111,40.57
60300,2022-10-11,高雄市,茄萣區,46,7057,36.14
60687,2022-10-10,高雄市,茄萣區,27,7011,37.14
61071,2022-10-09,高雄市,茄萣區,39,6984,39.14
61460,2022-10-08,高雄市,茄萣區,35,6945,38.43
61849,2022-10-07,高雄市,茄萣區,31,6910,37.14
62238,2022-10-06,高雄市,茄萣區,52,6879,38.00
62627,2022-10-05,高雄市,茄萣區,23,6827,34.29
63014,2022-10-04,高雄市,茄萣區,53,6804,39.29
63403,2022-10-03,高雄市,茄萣區,41,6751,39.00
63790,2022-10-02,高雄市,茄萣區,34,6710,36.86
64174,2022-10-01,高雄市,茄萣區,26,6676,33.71
64560,2022-09-30,高雄市,茄萣區,37,6650,35.29
64946,2022-09-29,高雄市,茄萣區,26,6613,36.57
65334,2022-09-28,高雄市,茄萣區,58,6587,37.29
65723,2022-09-27,高雄市,茄萣區,51,6529,32.57
66109,2022-09-26,高雄市,茄萣區,26,6478,30.57
66494,2022-09-25,高雄市,茄萣區,12,6452,31.00
66878,2022-09-24,高雄市,茄萣區,37,6440,31.86
67265,2022-09-23,高雄市,茄萣區,46,6403,30.57
67653,2022-09-22,高雄市,茄萣區,31,6357,27.57
68041,2022-09-21,高雄市,茄萣區,25,6326,26.29
68430,2022-09-20,高雄市,茄萣區,37,6301,26.14
68821,2022-09-19,高雄市,茄萣區,29,6264,24.71
69205,2022-09-18,高雄市,茄萣區,18,6235,24.29
69590,2022-09-17,高雄市,茄萣區,28,6217,23.57
69978,2022-09-16,高雄市,茄萣區,25,6189,22.71
70364,2022-09-15,高雄市,茄萣區,22,6164,22.29
70749,2022-09-14,高雄市,茄萣區,24,6142,22.29
71137,2022-09-13,高雄市,茄萣區,27,6118,20.86
71527,2022-09-12,高雄市,茄萣區,26,6091,19.86
71912,2022-09-11,高雄市,茄萣區,13,6065,19.71
72293,2022-09-10,高雄市,茄萣區,22,6052,19.71
72675,2022-09-09,高雄市,茄萣區,22,6030,20.00
73060,2022-09-08,高雄市,茄萣區,22,6008,19.29
73448,2022-09-07,高雄市,茄萣區,14,5986,19.29
73831,2022-09-06,高雄市,茄萣區,20,5972,20.43
74218,2022-09-05,高雄市,茄萣區,25,5952,19.57
74601,2022-09-04,高雄市,茄萣區,13,5927,19.86
74988,2022-09-03,高雄市,茄萣區,24,5914,20.29
75373,2022-09-02,高雄市,茄萣區,17,5890,19.71
75762,2022-09-01,高雄市,茄萣區,22,5873,20.14
76149,2022-08-31,高雄市,茄萣區,22,5851,21.00
76537,2022-08-30,高雄市,茄萣區,14,5829,21.14
76926,2022-08-29,高雄市,茄萣區,27,5815,23.43
77308,2022-08-28,高雄市,茄萣區,16,5788,23.14
77696,2022-08-27,高雄市,茄萣區,20,5772,23.86
78081,2022-08-26,高雄市,茄萣區,20,5752,24.43
78468,2022-08-25,高雄市,茄萣區,28,5732,23.86
78852,2022-08-24,高雄市,茄萣區,23,5704,22.71
79237,2022-08-23,高雄市,茄萣區,30,5681,22.57
79625,2022-08-22,高雄市,茄萣區,25,5651,22.00
80003,2022-08-21,高雄市,茄萣區,21,5626,22.71
80386,2022-08-20,高雄市,茄萣區,24,5605,21.00
80772,2022-08-19,高雄市,茄萣區,16,5581,21.57
81159,2022-08-18,高雄市,茄萣區,20,5565,22.14
81546,2022-08-17,高雄市,茄萣區,22,5545,23.00
81931,2022-08-16,高雄市,茄萣區,26,5523,23.14
82319,2022-08-15,高雄市,茄萣區,30,5497,23.29
82697,2022-08-14,高雄市,茄萣區,9,5467,21.29
83075,2022-08-13,高雄市,茄萣區,28,5458,20.57
83459,2022-08-12,高雄市,茄萣區,20,5430,21.29
83845,2022-08-11,高雄市,茄萣區,26,5410,21.29
84233,2022-08-10,高雄市,茄萣區,23,5384,20.71
84615,2022-08-09,高雄市,茄萣區,27,5361,19.00
84999,2022-08-08,高雄市,茄萣區,16,5334,18.14
85374,2022-08-07,高雄市,茄萣區,4,5318,19.00
85752,2022-08-06,高雄市,茄萣區,33,5314,20.86
86136,2022-08-05,高雄市,茄萣區,20,5281,18.00
86522,2022-08-04,高雄市,茄萣區,22,5261,17.71
86908,2022-08-03,高雄市,茄萣區,11,5239,17.86
87290,2022-08-02,高雄市,茄萣區,21,5228,18.71
87679,2022-08-01,高雄市,茄萣區,22,5207,19.29
88057,2022-07-31,高雄市,茄萣區,17,5185,18.86
88435,2022-07-30,高雄市,茄萣區,13,5168,17.57
88817,2022-07-29,高雄市,茄萣區,18,5155,19.00
89204,2022-07-28,高雄市,茄萣區,23,5137,19.57
89593,2022-07-27,高雄市,茄萣區,17,5114,20.86
89981,2022-07-26,高雄市,茄萣區,25,5097,21.29
90369,2022-07-25,高雄市,茄萣區,19,5072,21.57
90746,2022-07-24,高雄市,茄萣區,8,5053,24.29
91127,2022-07-23,高雄市,茄萣區,23,5045,24.43
91515,2022-07-22,高雄市,茄萣區,22,5022,24.43
91900,2022-07-21,高雄市,茄萣區,32,5000,24.57
92285,2022-07-20,高雄市,茄萣區,20,4968,22.57
92671,2022-07-19,高雄市,茄萣區,27,4948,23.71
93062,2022-07-18,高雄市,茄萣區,38,4921,25.57
93441,2022-07-17,高雄市,茄萣區,9,4883,26.43
93826,2022-07-16,高雄市,茄萣區,23,4874,29.43
94215,2022-07-15,高雄市,茄萣區,23,4851,31.14
94601,2022-07-14,高雄市,茄萣區,18,4828,33.14
94990,2022-07-13,高雄市,茄萣區,28,4810,35.71
95378,2022-07-12,高雄市,茄萣區,40,4782,35.43
95767,2022-07-11,高雄市,茄萣區,44,4742,34.43
96151,2022-07-10,高雄市,茄萣區,30,4698,36.29
96538,2022-07-09,高雄市,茄萣區,35,4668,33.29
96926,2022-07-08,高雄市,茄萣區,37,4633,36.43
97317,2022-07-07,高雄市,茄萣區,36,4596,36.29
97707,2022-07-06,高雄市,茄萣區,26,4560,36.57
98096,2022-07-05,高雄市,茄萣區,33,4534,38.43
98484,2022-07-04,高雄市,茄萣區,57,4501,40.14
98872,2022-07-03,高雄市,茄萣區,9,4444,39.86
99257,2022-07-02,高雄市,茄萣區,57,4435,44.00
99649,2022-07-01,高雄市,茄萣區,36,4378,42.00
100041,2022-06-30,高雄市,茄萣區,38,4342,43.43
100430,2022-06-29,高雄市,茄萣區,39,4304,46.00
100821,2022-06-28,高雄市,茄萣區,45,4265,54.14
101211,2022-06-27,高雄市,茄萣區,55,4220,57.57
101596,2022-06-26,高雄市,茄萣區,38,4165,63.29
101985,2022-06-25,高雄市,茄萣區,43,4127,65.14
102375,2022-06-24,高雄市,茄萣區,46,4084,68.57
102767,2022-06-23,高雄市,茄萣區,56,4038,71.71
103158,2022-06-22,高雄市,茄萣區,96,3982,73.57
103549,2022-06-21,高雄市,茄萣區,69,3886,74.00
103941,2022-06-20,高雄市,茄萣區,95,3817,75.29
104330,2022-06-19,高雄市,茄萣區,51,3722,75.86
104722,2022-06-18,高雄市,茄萣區,67,3671,72.86
105113,2022-06-17,高雄市,茄萣區,68,3604,76.57
105503,2022-06-16,高雄市,茄萣區,69,3536,78.29
105893,2022-06-15,高雄市,茄萣區,99,3467,83.29
106283,2022-06-14,高雄市,茄萣區,78,3368,85.29
106675,2022-06-13,高雄市,茄萣區,99,3290,93.14
107063,2022-06-12,高雄市,茄萣區,30,3191,91.71
107452,2022-06-11,高雄市,茄萣區,93,3161,97.14
107843,2022-06-10,高雄市,茄萣區,80,3068,95.86
108232,2022-06-09,高雄市,茄萣區,104,2988,96.71
108621,2022-06-08,高雄市,茄萣區,113,2884,94.71
109012,2022-06-07,高雄市,茄萣區,133,2771,92.57
109403,2022-06-06,高雄市,茄萣區,89,2638,87.00
109793,2022-06-05,高雄市,茄萣區,68,2549,84.14
110181,2022-06-04,高雄市,茄萣區,84,2481,85.14
110573,2022-06-03,高雄市,茄萣區,86,2397,86.14
110964,2022-06-02,高雄市,茄萣區,90,2311,92.14
111354,2022-06-01,高雄市,茄萣區,98,2221,94.29
111746,2022-05-31,高雄市,茄萣區,94,2123,91.29
112136,2022-05-30,高雄市,茄萣區,69,2029,92.86
112528,2022-05-29,高雄市,茄萣區,75,1960,102.14
112917,2022-05-28,高雄市,茄萣區,91,1885,104.43
113309,2022-05-27,高雄市,茄萣區,128,1794,109.00
113699,2022-05-26,高雄市,茄萣區,105,1666,108.86
114089,2022-05-25,高雄市,茄萣區,77,1561,108.14
114480,2022-05-24,高雄市,茄萣區,105,1484,113.29
114872,2022-05-23,高雄市,茄萣區,134,1379,117.29
115262,2022-05-22,高雄市,茄萣區,91,1245,108.86
115652,2022-05-21,高雄市,茄萣區,123,1154,104.29
116038,2022-05-20,高雄市,茄萣區,127,1031,95.29
116426,2022-05-19,高雄市,茄萣區,100,904,87.57
116815,2022-05-18,高雄市,茄萣區,113,804,80.71
117205,2022-05-17,高雄市,茄萣區,133,691,69.29
117592,2022-05-16,高雄市,茄萣區,75,558,57.14
117979,2022-05-15,高雄市,茄萣區,59,483,49.71
118363,2022-05-14,高雄市,茄萣區,60,424,44.57
118750,2022-05-13,高雄市,茄萣區,73,364,40.29
119135,2022-05-12,高雄市,茄萣區,52,291,34.57
119518,2022-05-11,高雄市,茄萣區,33,239,29.29
119906,2022-05-10,高雄市,茄萣區,48,206,25.86
120287,2022-05-09,高雄市,茄萣區,23,158,20.29
120667,2022-05-08,高雄市,茄萣區,23,135,17.57
121051,2022-05-07,高雄市,茄萣區,30,112,14.71
121430,2022-05-06,高雄市,茄萣區,33,82,10.57
121801,2022-05-05,高雄市,茄萣區,15,49,6.00
122166,2022-05-04,高雄市,茄萣區,9,34,4.14
122527,2022-05-03,高雄市,茄萣區,9,25,3.14
122877,2022-05-02,高雄市,茄萣區,4,16,2.29
123214,2022-05-01,高雄市,茄萣區,3,12,1.71
123550,2022-04-30,高雄市,茄萣區,1,9,1.29
123866,2022-04-29,高雄市,茄萣區,1,8,1.14
124183,2022-04-28,高雄市,茄萣區,2,7,1.00
124481,2022-04-27,高雄市,茄萣區,2,5,0.71
124777,2022-04-26,高雄市,茄萣區,3,3,0.43
