UID,個案研判日,縣市別,區域,新增確診人數,累計確診人數,七天移動平均新增確診人數
1887,2023-03-17,高雄市,甲仙區,1,946,0.57
2239,2023-03-16,高雄市,甲仙區,1,945,0.57
2948,2023-03-14,高雄市,甲仙區,2,944,1.00
4359,2023-03-10,高雄市,甲仙區,1,942,1.14
4718,2023-03-09,高雄市,甲仙區,3,941,1.14
5072,2023-03-08,高雄市,甲仙區,1,938,0.86
5796,2023-03-06,高雄市,甲仙區,3,937,0.86
6847,2023-03-03,高雄市,甲仙區,1,934,0.57
7210,2023-03-02,高雄市,甲仙區,1,933,0.57
7581,2023-03-01,高雄市,甲仙區,1,932,0.57
9019,2023-02-25,高雄市,甲仙區,1,931,1.00
9380,2023-02-24,高雄市,甲仙區,1,930,1.57
9749,2023-02-23,高雄市,甲仙區,1,929,1.43
10123,2023-02-22,高雄市,甲仙區,1,928,1.29
10872,2023-02-20,高雄市,甲仙區,2,927,1.29
11231,2023-02-19,高雄市,甲仙區,1,925,1.43
11598,2023-02-18,高雄市,甲仙區,5,924,1.29
12717,2023-02-15,高雄市,甲仙區,1,919,1.14
13469,2023-02-13,高雄市,甲仙區,3,918,1.57
14572,2023-02-10,高雄市,甲仙區,1,915,1.29
14948,2023-02-09,高雄市,甲仙區,3,914,1.57
15326,2023-02-08,高雄市,甲仙區,2,911,2.14
15706,2023-02-07,高雄市,甲仙區,2,909,2.86
16835,2023-02-04,高雄市,甲仙區,1,907,4.00
17220,2023-02-03,高雄市,甲仙區,3,906,4.29
17603,2023-02-02,高雄市,甲仙區,7,903,3.86
17980,2023-02-01,高雄市,甲仙區,7,896,2.86
18366,2023-01-31,高雄市,甲仙區,2,889,1.86
18754,2023-01-30,高雄市,甲仙區,7,887,2.14
19130,2023-01-29,高雄市,甲仙區,1,880,1.86
19510,2023-01-28,高雄市,甲仙區,3,879,1.71
21005,2023-01-24,高雄市,甲仙區,4,876,3.86
21371,2023-01-23,高雄市,甲仙區,5,872,3.71
22110,2023-01-21,高雄市,甲仙區,1,867,3.86
22476,2023-01-20,高雄市,甲仙區,7,866,3.86
22847,2023-01-19,高雄市,甲仙區,6,859,3.43
23219,2023-01-18,高雄市,甲仙區,4,853,2.71
23583,2023-01-17,高雄市,甲仙區,3,849,2.29
23959,2023-01-16,高雄市,甲仙區,5,846,2.00
24326,2023-01-15,高雄市,甲仙區,1,841,1.86
24692,2023-01-14,高雄市,甲仙區,1,840,2.00
25061,2023-01-13,高雄市,甲仙區,4,839,1.86
25435,2023-01-12,高雄市,甲仙區,1,835,1.43
25812,2023-01-11,高雄市,甲仙區,1,834,1.86
26184,2023-01-10,高雄市,甲仙區,1,833,1.86
26562,2023-01-09,高雄市,甲仙區,4,832,1.86
26921,2023-01-08,高雄市,甲仙區,2,828,1.57
27666,2023-01-06,高雄市,甲仙區,1,826,1.43
28046,2023-01-05,高雄市,甲仙區,4,825,1.29
28427,2023-01-04,高雄市,甲仙區,1,821,0.71
28809,2023-01-03,高雄市,甲仙區,1,820,0.57
29181,2023-01-02,高雄市,甲仙區,2,819,1.00
29545,2023-01-01,高雄市,甲仙區,1,817,1.14
31402,2022-12-27,高雄市,甲仙區,4,816,1.43
31774,2022-12-26,高雄市,甲仙區,3,812,0.86
32852,2022-12-23,高雄市,甲仙區,1,809,0.71
33218,2022-12-22,高雄市,甲仙區,1,808,0.71
33590,2022-12-21,高雄市,甲仙區,1,807,0.86
35032,2022-12-17,高雄市,甲仙區,2,806,2.00
35396,2022-12-16,高雄市,甲仙區,1,804,1.86
35768,2022-12-15,高雄市,甲仙區,2,803,2.00
36126,2022-12-14,高雄市,甲仙區,1,801,1.71
36498,2022-12-13,高雄市,甲仙區,1,800,1.86
36873,2022-12-12,高雄市,甲仙區,6,799,2.00
37222,2022-12-11,高雄市,甲仙區,1,793,1.57
37592,2022-12-10,高雄市,甲仙區,1,792,1.43
37957,2022-12-09,高雄市,甲仙區,2,791,1.43
38702,2022-12-07,高雄市,甲仙區,2,789,1.71
39072,2022-12-06,高雄市,甲仙區,2,787,2.00
39450,2022-12-05,高雄市,甲仙區,3,785,2.29
40186,2022-12-03,高雄市,甲仙區,1,782,3.00
40556,2022-12-02,高雄市,甲仙區,1,781,3.57
40924,2022-12-01,高雄市,甲仙區,3,780,3.57
41297,2022-11-30,高雄市,甲仙區,4,777,3.43
41675,2022-11-29,高雄市,甲仙區,4,773,3.29
42053,2022-11-28,高雄市,甲仙區,7,769,3.00
42416,2022-11-27,高雄市,甲仙區,1,762,3.43
42770,2022-11-26,高雄市,甲仙區,5,761,3.29
43142,2022-11-25,高雄市,甲仙區,1,756,2.57
43513,2022-11-24,高雄市,甲仙區,2,755,3.00
43883,2022-11-23,高雄市,甲仙區,3,753,2.71
44256,2022-11-22,高雄市,甲仙區,2,750,2.71
44638,2022-11-21,高雄市,甲仙區,10,748,2.71
45747,2022-11-18,高雄市,甲仙區,4,738,1.86
46501,2022-11-16,高雄市,甲仙區,3,734,1.71
46882,2022-11-15,高雄市,甲仙區,2,731,2.00
47262,2022-11-14,高雄市,甲仙區,2,729,1.86
47632,2022-11-13,高雄市,甲仙區,1,727,2.14
48009,2022-11-12,高雄市,甲仙區,1,726,2.00
48388,2022-11-11,高雄市,甲仙區,2,725,2.14
48771,2022-11-10,高雄市,甲仙區,1,723,3.43
49154,2022-11-09,高雄市,甲仙區,5,722,3.57
49539,2022-11-08,高雄市,甲仙區,1,717,4.00
49924,2022-11-07,高雄市,甲仙區,4,716,4.57
50668,2022-11-05,高雄市,甲仙區,2,712,5.71
51054,2022-11-04,高雄市,甲仙區,11,710,6.00
51435,2022-11-03,高雄市,甲仙區,2,699,5.43
51820,2022-11-02,高雄市,甲仙區,8,697,6.29
52206,2022-11-01,高雄市,甲仙區,5,689,6.57
52589,2022-10-31,高雄市,甲仙區,12,684,6.14
53346,2022-10-29,高雄市,甲仙區,4,672,5.00
53734,2022-10-28,高雄市,甲仙區,7,668,4.57
54119,2022-10-27,高雄市,甲仙區,8,661,4.86
54504,2022-10-26,高雄市,甲仙區,10,653,4.00
54892,2022-10-25,高雄市,甲仙區,2,643,3.29
55283,2022-10-24,高雄市,甲仙區,2,641,4.14
55661,2022-10-23,高雄市,甲仙區,2,639,5.71
56047,2022-10-22,高雄市,甲仙區,1,637,5.43
56435,2022-10-21,高雄市,甲仙區,9,636,6.00
56821,2022-10-20,高雄市,甲仙區,2,627,5.86
57208,2022-10-19,高雄市,甲仙區,5,625,5.71
57597,2022-10-18,高雄市,甲仙區,8,620,5.71
57987,2022-10-17,高雄市,甲仙區,13,612,5.43
58757,2022-10-15,高雄市,甲仙區,5,599,4.29
59146,2022-10-14,高雄市,甲仙區,8,594,3.86
59536,2022-10-13,高雄市,甲仙區,1,586,3.71
59926,2022-10-12,高雄市,甲仙區,5,585,4.57
60316,2022-10-11,高雄市,甲仙區,6,580,4.71
60703,2022-10-10,高雄市,甲仙區,3,574,4.43
61088,2022-10-09,高雄市,甲仙區,2,571,5.71
61477,2022-10-08,高雄市,甲仙區,2,569,5.57
61866,2022-10-07,高雄市,甲仙區,7,567,5.43
62255,2022-10-06,高雄市,甲仙區,7,560,4.57
62644,2022-10-05,高雄市,甲仙區,6,553,4.00
63030,2022-10-04,高雄市,甲仙區,4,547,3.29
63420,2022-10-03,高雄市,甲仙區,12,543,3.14
63804,2022-10-02,高雄市,甲仙區,1,531,2.29
64191,2022-10-01,高雄市,甲仙區,1,530,2.29
64576,2022-09-30,高雄市,甲仙區,1,529,2.14
64963,2022-09-29,高雄市,甲仙區,3,528,2.14
65350,2022-09-28,高雄市,甲仙區,1,525,2.57
65738,2022-09-27,高雄市,甲仙區,3,524,2.57
66126,2022-09-26,高雄市,甲仙區,6,521,2.43
66510,2022-09-25,高雄市,甲仙區,1,515,2.14
67281,2022-09-23,高雄市,甲仙區,1,514,3.00
67669,2022-09-22,高雄市,甲仙區,6,513,2.86
68056,2022-09-21,高雄市,甲仙區,1,507,2.29
68447,2022-09-20,高雄市,甲仙區,2,506,2.29
68838,2022-09-19,高雄市,甲仙區,4,504,2.29
69220,2022-09-18,高雄市,甲仙區,3,500,2.00
69607,2022-09-17,高雄市,甲仙區,4,497,1.71
70381,2022-09-15,高雄市,甲仙區,2,493,1.43
70765,2022-09-14,高雄市,甲仙區,1,491,1.43
71154,2022-09-13,高雄市,甲仙區,2,490,1.29
71544,2022-09-12,高雄市,甲仙區,2,488,1.57
71927,2022-09-11,高雄市,甲仙區,1,486,2.00
72309,2022-09-10,高雄市,甲仙區,1,485,2.00
72691,2022-09-09,高雄市,甲仙區,1,484,1.86
73077,2022-09-08,高雄市,甲仙區,2,483,2.29
73847,2022-09-06,高雄市,甲仙區,4,481,3.71
74234,2022-09-05,高雄市,甲仙區,5,477,3.43
74617,2022-09-04,高雄市,甲仙區,1,472,3.29
75390,2022-09-02,高雄市,甲仙區,4,471,3.57
75778,2022-09-01,高雄市,甲仙區,8,467,3.14
76165,2022-08-31,高雄市,甲仙區,4,459,2.00
76553,2022-08-30,高雄市,甲仙區,2,455,1.57
76943,2022-08-29,高雄市,甲仙區,4,453,1.57
77324,2022-08-28,高雄市,甲仙區,2,449,1.71
77712,2022-08-27,高雄市,甲仙區,1,447,1.57
78097,2022-08-26,高雄市,甲仙區,1,446,1.86
78869,2022-08-24,高雄市,甲仙區,1,445,2.00
79253,2022-08-23,高雄市,甲仙區,2,444,1.86
79641,2022-08-22,高雄市,甲仙區,5,442,1.57
80018,2022-08-21,高雄市,甲仙區,1,437,1.00
80402,2022-08-20,高雄市,甲仙區,3,436,1.00
80787,2022-08-19,高雄市,甲仙區,1,433,0.86
81176,2022-08-18,高雄市,甲仙區,1,432,0.86
82334,2022-08-15,高雄市,甲仙區,1,431,1.43
82710,2022-08-14,高雄市,甲仙區,1,430,1.86
83090,2022-08-13,高雄市,甲仙區,2,429,1.71
83475,2022-08-12,高雄市,甲仙區,1,427,1.57
83862,2022-08-11,高雄市,甲仙區,2,426,2.57
84248,2022-08-10,高雄市,甲仙區,3,424,2.57
85014,2022-08-08,高雄市,甲仙區,4,421,3.00
85767,2022-08-06,高雄市,甲仙區,1,417,3.57
86153,2022-08-05,高雄市,甲仙區,8,416,3.43
86537,2022-08-04,高雄市,甲仙區,2,408,2.57
86924,2022-08-03,高雄市,甲仙區,4,406,3.43
87306,2022-08-02,高雄市,甲仙區,2,402,3.00
87695,2022-08-01,高雄市,甲仙區,7,400,3.14
88072,2022-07-31,高雄市,甲仙區,1,393,2.86
88833,2022-07-29,高雄市,甲仙區,2,392,3.00
89220,2022-07-28,高雄市,甲仙區,8,390,4.00
89610,2022-07-27,高雄市,甲仙區,1,382,3.71
89997,2022-07-26,高雄市,甲仙區,3,381,3.86
90383,2022-07-25,高雄市,甲仙區,5,378,4.29
91143,2022-07-23,高雄市,甲仙區,2,373,5.00
91531,2022-07-22,高雄市,甲仙區,9,371,5.43
91915,2022-07-21,高雄市,甲仙區,6,362,4.43
92301,2022-07-20,高雄市,甲仙區,2,356,3.86
92688,2022-07-19,高雄市,甲仙區,6,354,4.14
93077,2022-07-18,高雄市,甲仙區,6,348,3.71
93455,2022-07-17,高雄市,甲仙區,4,342,3.43
93843,2022-07-16,高雄市,甲仙區,5,338,3.00
94230,2022-07-15,高雄市,甲仙區,2,333,2.57
94617,2022-07-14,高雄市,甲仙區,2,331,3.14
95007,2022-07-13,高雄市,甲仙區,4,329,3.57
95394,2022-07-12,高雄市,甲仙區,3,325,3.00
95784,2022-07-11,高雄市,甲仙區,4,322,3.00
96167,2022-07-10,高雄市,甲仙區,1,318,2.57
96555,2022-07-09,高雄市,甲仙區,2,317,2.43
96943,2022-07-08,高雄市,甲仙區,6,315,2.43
97334,2022-07-07,高雄市,甲仙區,5,309,2.14
98112,2022-07-05,高雄市,甲仙區,3,304,2.00
98501,2022-07-04,高雄市,甲仙區,1,301,2.00
99274,2022-07-02,高雄市,甲仙區,2,300,2.86
99666,2022-07-01,高雄市,甲仙區,4,298,3.43
100058,2022-06-30,高雄市,甲仙區,3,294,3.29
100447,2022-06-29,高雄市,甲仙區,1,291,3.57
100838,2022-06-28,高雄市,甲仙區,3,290,3.86
101228,2022-06-27,高雄市,甲仙區,6,287,4.14
101613,2022-06-26,高雄市,甲仙區,1,281,4.14
102002,2022-06-25,高雄市,甲仙區,6,280,4.43
102392,2022-06-24,高雄市,甲仙區,3,274,4.14
102784,2022-06-23,高雄市,甲仙區,5,271,5.14
103175,2022-06-22,高雄市,甲仙區,3,266,5.57
103566,2022-06-21,高雄市,甲仙區,5,263,5.57
103958,2022-06-20,高雄市,甲仙區,6,258,5.86
104347,2022-06-19,高雄市,甲仙區,3,252,6.14
104739,2022-06-18,高雄市,甲仙區,4,249,6.14
105130,2022-06-17,高雄市,甲仙區,10,245,5.86
105520,2022-06-16,高雄市,甲仙區,8,235,5.29
105910,2022-06-15,高雄市,甲仙區,3,227,4.86
106300,2022-06-14,高雄市,甲仙區,7,224,5.71
106692,2022-06-13,高雄市,甲仙區,8,217,6.57
107080,2022-06-12,高雄市,甲仙區,3,209,7.57
107469,2022-06-11,高雄市,甲仙區,2,206,8.14
107860,2022-06-10,高雄市,甲仙區,6,204,9.00
108249,2022-06-09,高雄市,甲仙區,5,198,8.57
108638,2022-06-08,高雄市,甲仙區,9,193,8.57
109029,2022-06-07,高雄市,甲仙區,13,184,8.14
109420,2022-06-06,高雄市,甲仙區,15,171,8.29
109810,2022-06-05,高雄市,甲仙區,7,156,7.86
110198,2022-06-04,高雄市,甲仙區,8,149,8.00
110590,2022-06-03,高雄市,甲仙區,3,141,7.43
110981,2022-06-02,高雄市,甲仙區,5,138,9.14
111371,2022-06-01,高雄市,甲仙區,6,133,9.86
111763,2022-05-31,高雄市,甲仙區,14,127,9.43
112153,2022-05-30,高雄市,甲仙區,12,113,9.00
112545,2022-05-29,高雄市,甲仙區,8,101,8.29
112934,2022-05-28,高雄市,甲仙區,4,93,7.29
113326,2022-05-27,高雄市,甲仙區,15,89,7.43
113716,2022-05-26,高雄市,甲仙區,10,74,5.86
114106,2022-05-25,高雄市,甲仙區,3,64,5.14
114497,2022-05-24,高雄市,甲仙區,11,61,5.43
114889,2022-05-23,高雄市,甲仙區,7,50,4.86
115279,2022-05-22,高雄市,甲仙區,1,43,4.57
115667,2022-05-21,高雄市,甲仙區,5,42,4.57
116054,2022-05-20,高雄市,甲仙區,4,37,4.00
116442,2022-05-19,高雄市,甲仙區,5,33,3.57
116832,2022-05-18,高雄市,甲仙區,5,28,3.00
117222,2022-05-17,高雄市,甲仙區,7,23,2.57
117609,2022-05-16,高雄市,甲仙區,5,16,1.71
117996,2022-05-15,高雄市,甲仙區,1,11,1.14
118380,2022-05-14,高雄市,甲仙區,1,10,1.14
118766,2022-05-13,高雄市,甲仙區,1,9,1.00
119151,2022-05-12,高雄市,甲仙區,1,8,0.86
119535,2022-05-11,高雄市,甲仙區,2,7,0.86
119921,2022-05-10,高雄市,甲仙區,1,5,0.71
120302,2022-05-09,高雄市,甲仙區,1,4,0.57
120683,2022-05-08,高雄市,甲仙區,1,3,0.43
121815,2022-05-05,高雄市,甲仙區,1,2,0.29
122176,2022-05-04,高雄市,甲仙區,1,1,0.14
