UID,個案研判日,縣市別,區域,新增確診人數,累計確診人數,七天移動平均新增確診人數
254,2023-06-14,高雄市,永安區,2,4022,0.29
1176,2023-03-19,高雄市,永安區,1,4020,1.71
1509,2023-03-18,高雄市,永安區,2,4019,1.71
1863,2023-03-17,高雄市,永安區,1,4017,1.57
2209,2023-03-16,高雄市,永安區,2,4016,1.43
2562,2023-03-15,高雄市,永安區,3,4014,2.14
2918,2023-03-14,高雄市,永安區,2,4011,2.86
3277,2023-03-13,高雄市,永安區,1,4009,3.14
3624,2023-03-12,高雄市,永安區,1,4008,3.57
3980,2023-03-11,高雄市,永安區,1,4007,3.86
4685,2023-03-09,高雄市,永安區,7,4006,4.71
5044,2023-03-08,高雄市,永安區,8,3999,4.57
5399,2023-03-07,高雄市,永安區,4,3991,4.29
5766,2023-03-06,高雄市,永安區,4,3987,4.14
6110,2023-03-05,高雄市,永安區,3,3983,4.43
6461,2023-03-04,高雄市,永安區,1,3980,4.43
6815,2023-03-03,高雄市,永安區,6,3979,4.43
7180,2023-03-02,高雄市,永安區,6,3973,3.86
7545,2023-03-01,高雄市,永安區,6,3967,3.71
7914,2023-02-28,高雄市,永安區,3,3961,3.57
8274,2023-02-27,高雄市,永安區,6,3958,3.57
8622,2023-02-26,高雄市,永安區,3,3952,3.71
8986,2023-02-25,高雄市,永安區,1,3949,3.86
9349,2023-02-24,高雄市,永安區,2,3948,4.29
9716,2023-02-23,高雄市,永安區,5,3946,4.43
10091,2023-02-22,高雄市,永安區,5,3941,4.00
10462,2023-02-21,高雄市,永安區,3,3936,3.71
10835,2023-02-20,高雄市,永安區,7,3933,3.29
11197,2023-02-19,高雄市,永安區,4,3926,2.57
11565,2023-02-18,高雄市,永安區,4,3922,2.86
11937,2023-02-17,高雄市,永安區,3,3918,2.71
12311,2023-02-16,高雄市,永安區,2,3915,3.43
12683,2023-02-15,高雄市,永安區,3,3913,3.86
13434,2023-02-13,高雄市,永安區,2,3910,5.14
13800,2023-02-12,高雄市,永安區,6,3908,7.57
14169,2023-02-11,高雄市,永安區,3,3902,7.71
14536,2023-02-10,高雄市,永安區,8,3899,8.71
14911,2023-02-09,高雄市,永安區,5,3891,10.00
15290,2023-02-08,高雄市,永安區,4,3886,10.57
15671,2023-02-07,高雄市,永安區,8,3882,11.29
16050,2023-02-06,高雄市,永安區,19,3874,12.43
16423,2023-02-05,高雄市,永安區,7,3855,11.57
16800,2023-02-04,高雄市,永安區,10,3848,11.29
17180,2023-02-03,高雄市,永安區,17,3838,11.71
17566,2023-02-02,高雄市,永安區,9,3821,10.86
17946,2023-02-01,高雄市,永安區,9,3812,9.86
18329,2023-01-31,高雄市,永安區,16,3803,9.29
18714,2023-01-30,高雄市,永安區,13,3787,7.71
19098,2023-01-29,高雄市,永安區,5,3774,6.29
19476,2023-01-28,高雄市,永安區,13,3769,6.00
19852,2023-01-27,高雄市,永安區,11,3756,4.57
20229,2023-01-26,高雄市,永安區,2,3745,4.86
20601,2023-01-25,高雄市,永安區,5,3743,5.29
20970,2023-01-24,高雄市,永安區,5,3738,5.14
21338,2023-01-23,高雄市,永安區,3,3733,4.86
21707,2023-01-22,高雄市,永安區,3,3730,5.86
22077,2023-01-21,高雄市,永安區,3,3727,5.86
22444,2023-01-20,高雄市,永安區,13,3724,6.43
22812,2023-01-19,高雄市,永安區,5,3711,5.14
23184,2023-01-18,高雄市,永安區,4,3706,5.86
23550,2023-01-17,高雄市,永安區,3,3702,5.71
23923,2023-01-16,高雄市,永安區,10,3699,6.71
24295,2023-01-15,高雄市,永安區,3,3689,7.43
24661,2023-01-14,高雄市,永安區,7,3686,8.29
25029,2023-01-13,高雄市,永安區,4,3679,8.57
25403,2023-01-12,高雄市,永安區,10,3675,8.86
25776,2023-01-11,高雄市,永安區,3,3665,8.43
26150,2023-01-10,高雄市,永安區,10,3662,9.86
26527,2023-01-09,高雄市,永安區,15,3652,9.14
26893,2023-01-08,高雄市,永安區,9,3637,9.57
27258,2023-01-07,高雄市,永安區,9,3628,9.71
27630,2023-01-06,高雄市,永安區,6,3619,10.71
28011,2023-01-05,高雄市,永安區,7,3613,11.57
28391,2023-01-04,高雄市,永安區,13,3606,13.00
28772,2023-01-03,高雄市,永安區,5,3593,13.71
29147,2023-01-02,高雄市,永安區,18,3588,16.14
29513,2023-01-01,高雄市,永安區,10,3570,17.00
29880,2022-12-31,高雄市,永安區,16,3560,16.14
30247,2022-12-30,高雄市,永安區,12,3544,14.86
30619,2022-12-29,高雄市,永安區,17,3532,14.43
30991,2022-12-28,高雄市,永安區,18,3515,13.43
31366,2022-12-27,高雄市,永安區,22,3497,12.29
31740,2022-12-26,高雄市,永安區,24,3475,10.43
32098,2022-12-25,高雄市,永安區,4,3451,8.29
32458,2022-12-24,高雄市,永安區,7,3447,8.71
32818,2022-12-23,高雄市,永安區,9,3440,10.14
33185,2022-12-22,高雄市,永安區,10,3431,10.71
33556,2022-12-21,高雄市,永安區,10,3421,11.43
33921,2022-12-20,高雄市,永安區,9,3411,11.86
34288,2022-12-19,高雄市,永安區,9,3402,12.71
34642,2022-12-18,高雄市,永安區,7,3393,14.00
35003,2022-12-17,高雄市,永安區,17,3386,13.14
35366,2022-12-16,高雄市,永安區,13,3369,11.14
35732,2022-12-15,高雄市,永安區,15,3356,10.29
36092,2022-12-14,高雄市,永安區,13,3341,9.14
36463,2022-12-13,高雄市,永安區,15,3328,8.29
36840,2022-12-12,高雄市,永安區,18,3313,7.14
37192,2022-12-11,高雄市,永安區,1,3295,5.71
37559,2022-12-10,高雄市,永安區,3,3294,6.14
37925,2022-12-09,高雄市,永安區,7,3291,6.43
38296,2022-12-08,高雄市,永安區,7,3284,6.43
38669,2022-12-07,高雄市,永安區,7,3277,6.14
39036,2022-12-06,高雄市,永安區,7,3270,6.14
39413,2022-12-05,高雄市,永安區,8,3263,5.57
39785,2022-12-04,高雄市,永安區,4,3255,5.57
40154,2022-12-03,高雄市,永安區,5,3251,5.29
40522,2022-12-02,高雄市,永安區,7,3246,5.71
40889,2022-12-01,高雄市,永安區,5,3239,5.43
41262,2022-11-30,高雄市,永安區,7,3234,5.43
41638,2022-11-29,高雄市,永安區,3,3227,5.57
42017,2022-11-28,高雄市,永安區,8,3224,6.57
42386,2022-11-27,高雄市,永安區,2,3216,6.00
42739,2022-11-26,高雄市,永安區,8,3214,6.86
43109,2022-11-25,高雄市,永安區,5,3206,6.29
43479,2022-11-24,高雄市,永安區,5,3201,6.57
43847,2022-11-23,高雄市,永安區,8,3196,6.57
44222,2022-11-22,高雄市,永安區,10,3188,6.71
44600,2022-11-21,高雄市,永安區,4,3178,6.29
44972,2022-11-20,高雄市,永安區,8,3174,7.00
45341,2022-11-19,高雄市,永安區,4,3166,6.29
45711,2022-11-18,高雄市,永安區,7,3162,6.14
46084,2022-11-17,高雄市,永安區,5,3155,5.71
46462,2022-11-16,高雄市,永安區,9,3150,5.86
46843,2022-11-15,高雄市,永安區,7,3141,6.14
47222,2022-11-14,高雄市,永安區,9,3134,6.43
47598,2022-11-13,高雄市,永安區,3,3125,7.00
47971,2022-11-12,高雄市,永安區,3,3122,8.00
48351,2022-11-11,高雄市,永安區,4,3119,10.00
48732,2022-11-10,高雄市,永安區,6,3115,10.86
49115,2022-11-09,高雄市,永安區,11,3109,11.86
49501,2022-11-08,高雄市,永安區,9,3098,12.14
49885,2022-11-07,高雄市,永安區,13,3089,11.86
50258,2022-11-06,高雄市,永安區,10,3076,11.86
50632,2022-11-05,高雄市,永安區,17,3066,11.57
51014,2022-11-04,高雄市,永安區,10,3049,11.57
51399,2022-11-03,高雄市,永安區,13,3039,12.00
51780,2022-11-02,高雄市,永安區,13,3026,13.57
52168,2022-11-01,高雄市,永安區,7,3013,14.29
52549,2022-10-31,高雄市,永安區,13,3006,16.00
52931,2022-10-30,高雄市,永安區,8,2993,17.00
53310,2022-10-29,高雄市,永安區,17,2985,17.71
53694,2022-10-28,高雄市,永安區,13,2968,18.14
54080,2022-10-27,高雄市,永安區,24,2955,18.86
54464,2022-10-26,高雄市,永安區,18,2931,17.86
54852,2022-10-25,高雄市,永安區,19,2913,18.29
55242,2022-10-24,高雄市,永安區,20,2894,18.57
55624,2022-10-23,高雄市,永安區,13,2874,20.00
56007,2022-10-22,高雄市,永安區,20,2861,20.29
56395,2022-10-21,高雄市,永安區,18,2841,19.43
56781,2022-10-20,高雄市,永安區,17,2823,20.00
57168,2022-10-19,高雄市,永安區,21,2806,22.00
57556,2022-10-18,高雄市,永安區,21,2785,21.29
57946,2022-10-17,高雄市,永安區,30,2764,20.43
58334,2022-10-16,高雄市,永安區,15,2734,18.43
58720,2022-10-15,高雄市,永安區,14,2719,18.14
59106,2022-10-14,高雄市,永安區,22,2705,19.43
59495,2022-10-13,高雄市,永安區,31,2683,18.57
59886,2022-10-12,高雄市,永安區,16,2652,17.43
60276,2022-10-11,高雄市,永安區,15,2636,16.57
60666,2022-10-10,高雄市,永安區,16,2621,15.00
61047,2022-10-09,高雄市,永安區,13,2605,15.00
61437,2022-10-08,高雄市,永安區,23,2592,14.29
61827,2022-10-07,高雄市,永安區,16,2569,12.29
62214,2022-10-06,高雄市,永安區,23,2553,11.86
62604,2022-10-05,高雄市,永安區,10,2530,11.29
62991,2022-10-04,高雄市,永安區,4,2520,12.29
63380,2022-10-03,高雄市,永安區,16,2516,13.00
63769,2022-10-02,高雄市,永安區,8,2500,12.57
64152,2022-10-01,高雄市,永安區,9,2492,13.14
64537,2022-09-30,高雄市,永安區,13,2483,14.14
64923,2022-09-29,高雄市,永安區,19,2470,15.57
65311,2022-09-28,高雄市,永安區,17,2451,14.71
65699,2022-09-27,高雄市,永安區,9,2434,14.29
66085,2022-09-26,高雄市,永安區,13,2425,15.00
66472,2022-09-25,高雄市,永安區,12,2412,15.43
66855,2022-09-24,高雄市,永安區,16,2400,14.57
67242,2022-09-23,高雄市,永安區,23,2384,13.86
67629,2022-09-22,高雄市,永安區,13,2361,12.14
68018,2022-09-21,高雄市,永安區,14,2348,11.71
68406,2022-09-20,高雄市,永安區,14,2334,11.14
68797,2022-09-19,高雄市,永安區,16,2320,10.43
69184,2022-09-18,高雄市,永安區,6,2304,10.00
69569,2022-09-17,高雄市,永安區,11,2298,11.00
69956,2022-09-16,高雄市,永安區,11,2287,10.86
70341,2022-09-15,高雄市,永安區,10,2276,11.00
70726,2022-09-14,高雄市,永安區,10,2266,10.00
71114,2022-09-13,高雄市,永安區,9,2256,9.43
71504,2022-09-12,高雄市,永安區,13,2247,9.57
71890,2022-09-11,高雄市,永安區,13,2234,9.00
72272,2022-09-10,高雄市,永安區,10,2221,7.57
72653,2022-09-09,高雄市,永安區,12,2211,6.71
73038,2022-09-08,高雄市,永安區,3,2199,5.86
73424,2022-09-07,高雄市,永安區,6,2196,7.14
73808,2022-09-06,高雄市,永安區,10,2190,7.57
74195,2022-09-05,高雄市,永安區,9,2180,7.00
74580,2022-09-04,高雄市,永安區,3,2171,6.86
74964,2022-09-03,高雄市,永安區,4,2168,6.86
75350,2022-09-02,高雄市,永安區,6,2164,6.71
75738,2022-09-01,高雄市,永安區,12,2158,6.57
76125,2022-08-31,高雄市,永安區,9,2146,6.00
76514,2022-08-30,高雄市,永安區,6,2137,6.14
76902,2022-08-29,高雄市,永安區,8,2131,6.86
77287,2022-08-28,高雄市,永安區,3,2123,6.14
77674,2022-08-27,高雄市,永安區,3,2120,7.00
78059,2022-08-26,高雄市,永安區,5,2117,7.86
78444,2022-08-25,高雄市,永安區,8,2112,7.86
78829,2022-08-24,高雄市,永安區,10,2104,8.00
79216,2022-08-23,高雄市,永安區,11,2094,6.86
79601,2022-08-22,高雄市,永安區,3,2083,5.86
79982,2022-08-21,高雄市,永安區,9,2080,7.86
80363,2022-08-20,高雄市,永安區,9,2071,6.86
80748,2022-08-19,高雄市,永安區,5,2062,6.00
81135,2022-08-18,高雄市,永安區,9,2057,6.00
81523,2022-08-17,高雄市,永安區,2,2048,5.29
81909,2022-08-16,高雄市,永安區,4,2046,5.71
82296,2022-08-15,高雄市,永安區,17,2042,5.57
82677,2022-08-14,高雄市,永安區,2,2025,4.14
83055,2022-08-13,高雄市,永安區,3,2023,4.29
83437,2022-08-12,高雄市,永安區,5,2020,4.43
83822,2022-08-11,高雄市,永安區,4,2015,4.00
84209,2022-08-10,高雄市,永安區,5,2011,3.71
84592,2022-08-09,高雄市,永安區,3,2006,4.29
84978,2022-08-08,高雄市,永安區,7,2003,5.00
85355,2022-08-07,高雄市,永安區,3,1996,5.57
85731,2022-08-06,高雄市,永安區,4,1993,6.29
86115,2022-08-05,高雄市,永安區,2,1989,6.71
86501,2022-08-04,高雄市,永安區,2,1987,8.00
86885,2022-08-03,高雄市,永安區,9,1985,8.29
87269,2022-08-02,高雄市,永安區,8,1976,7.71
87656,2022-08-01,高雄市,永安區,11,1968,7.43
88036,2022-07-31,高雄市,永安區,8,1957,6.43
88413,2022-07-30,高雄市,永安區,7,1949,6.86
88796,2022-07-29,高雄市,永安區,11,1942,7.00
89181,2022-07-28,高雄市,永安區,4,1931,5.86
89570,2022-07-27,高雄市,永安區,5,1927,7.00
89958,2022-07-26,高雄市,永安區,6,1922,7.14
90346,2022-07-25,高雄市,永安區,4,1916,10.43
90724,2022-07-24,高雄市,永安區,11,1912,11.57
91107,2022-07-23,高雄市,永安區,8,1901,10.86
91491,2022-07-22,高雄市,永安區,3,1893,10.43
91879,2022-07-21,高雄市,永安區,12,1890,12.14
92261,2022-07-20,高雄市,永安區,6,1878,11.86
92650,2022-07-19,高雄市,永安區,29,1872,13.14
93039,2022-07-18,高雄市,永安區,12,1843,10.57
93423,2022-07-17,高雄市,永安區,6,1831,10.57
93804,2022-07-16,高雄市,永安區,5,1825,10.43
94192,2022-07-15,高雄市,永安區,15,1820,11.86
94578,2022-07-14,高雄市,永安區,10,1805,11.29
94967,2022-07-13,高雄市,永安區,15,1795,10.43
95355,2022-07-12,高雄市,永安區,11,1780,9.43
95743,2022-07-11,高雄市,永安區,12,1769,10.00
96128,2022-07-10,高雄市,永安區,5,1757,12.00
96515,2022-07-09,高雄市,永安區,15,1752,12.14
96903,2022-07-08,高雄市,永安區,11,1737,10.14
97294,2022-07-07,高雄市,永安區,4,1726,10.14
97683,2022-07-06,高雄市,永安區,8,1722,11.71
98073,2022-07-05,高雄市,永安區,15,1714,12.71
98462,2022-07-04,高雄市,永安區,26,1699,13.71
98851,2022-07-03,高雄市,永安區,6,1673,13.00
99233,2022-07-02,高雄市,永安區,1,1667,13.86
99625,2022-07-01,高雄市,永安區,11,1666,16.29
100017,2022-06-30,高雄市,永安區,15,1655,16.29
100408,2022-06-29,高雄市,永安區,15,1640,17.71
100798,2022-06-28,高雄市,永安區,22,1625,18.71
101189,2022-06-27,高雄市,永安區,21,1603,19.29
101574,2022-06-26,高雄市,永安區,12,1582,23.71
101961,2022-06-25,高雄市,永安區,18,1570,24.86
102351,2022-06-24,高雄市,永安區,11,1552,26.14
102743,2022-06-23,高雄市,永安區,25,1541,30.14
103136,2022-06-22,高雄市,永安區,22,1516,31.00
103525,2022-06-21,高雄市,永安區,26,1494,34.71
103917,2022-06-20,高雄市,永安區,52,1468,39.29
104307,2022-06-19,高雄市,永安區,20,1416,39.29
104698,2022-06-18,高雄市,永安區,27,1396,40.14
105089,2022-06-17,高雄市,永安區,39,1369,42.86
105479,2022-06-16,高雄市,永安區,31,1330,42.86
105869,2022-06-15,高雄市,永安區,48,1299,43.14
106259,2022-06-14,高雄市,永安區,58,1251,42.43
106651,2022-06-13,高雄市,永安區,52,1193,41.29
107041,2022-06-12,高雄市,永安區,26,1141,43.86
107428,2022-06-11,高雄市,永安區,46,1115,46.14
107820,2022-06-10,高雄市,永安區,39,1069,46.00
108209,2022-06-09,高雄市,永安區,33,1030,45.86
108598,2022-06-08,高雄市,永安區,43,997,47.00
108988,2022-06-07,高雄市,永安區,50,954,45.57
109380,2022-06-06,高雄市,永安區,70,904,43.86
109770,2022-06-05,高雄市,永安區,42,834,38.71
110159,2022-06-04,高雄市,永安區,45,792,37.00
110549,2022-06-03,高雄市,永安區,38,747,33.71
110940,2022-06-02,高雄市,永安區,41,709,34.14
111330,2022-06-01,高雄市,永安區,33,668,31.29
111722,2022-05-31,高雄市,永安區,38,635,30.43
112113,2022-05-30,高雄市,永安區,34,597,31.14
112504,2022-05-29,高雄市,永安區,30,563,29.43
112894,2022-05-28,高雄市,永安區,22,533,29.00
113285,2022-05-27,高雄市,永安區,41,511,30.00
113675,2022-05-26,高雄市,永安區,21,470,27.43
114066,2022-05-25,高雄市,永安區,27,449,28.57
114456,2022-05-24,高雄市,永安區,43,422,28.57
114848,2022-05-23,高雄市,永安區,22,379,28.14
115239,2022-05-22,高雄市,永安區,27,357,27.29
115630,2022-05-21,高雄市,永安區,29,330,25.14
116015,2022-05-20,高雄市,永安區,23,301,22.71
116403,2022-05-19,高雄市,永安區,29,278,21.57
116791,2022-05-18,高雄市,永安區,27,249,19.86
117182,2022-05-17,高雄市,永安區,40,222,19.14
117570,2022-05-16,高雄市,永安區,16,182,16.29
117958,2022-05-15,高雄市,永安區,12,166,15.43
118342,2022-05-14,高雄市,永安區,12,154,14.29
118727,2022-05-13,高雄市,永安區,15,142,13.71
119115,2022-05-12,高雄市,永安區,17,127,12.29
119497,2022-05-11,高雄市,永安區,22,110,11.71
119884,2022-05-10,高雄市,永安區,20,88,8.86
120266,2022-05-09,高雄市,永安區,10,68,6.43
120646,2022-05-08,高雄市,永安區,4,58,5.14
121031,2022-05-07,高雄市,永安區,8,54,5.43
121408,2022-05-06,高雄市,永安區,5,46,4.29
121782,2022-05-05,高雄市,永安區,13,41,4.00
122146,2022-05-04,高雄市,永安區,2,28,3.00
122509,2022-05-03,高雄市,永安區,3,26,3.00
122863,2022-05-02,高雄市,永安區,1,23,2.57
123200,2022-05-01,高雄市,永安區,6,22,2.57
123856,2022-04-29,高雄市,永安區,3,16,2.14
124172,2022-04-28,高雄市,永安區,6,13,1.71
124472,2022-04-27,高雄市,永安區,2,7,1.00
125042,2022-04-25,高雄市,永安區,1,5,0.71
125292,2022-04-24,高雄市,永安區,2,4,0.57
125537,2022-04-23,高雄市,永安區,1,2,0.29
126023,2022-04-21,高雄市,永安區,1,1,0.14
