UID,個案研判日,縣市別,區域,新增確診人數,累計確診人數,七天移動平均新增確診人數
4717,2023-03-09,高雄市,茂林區,1,721,0.29
5070,2023-03-08,高雄市,茂林區,1,720,0.29
7208,2023-03-02,高雄市,茂林區,1,719,0.43
7943,2023-02-28,高雄市,茂林區,1,718,0.43
8304,2023-02-27,高雄市,茂林區,1,717,0.29
9748,2023-02-23,高雄市,茂林區,1,716,0.57
10870,2023-02-20,高雄市,茂林區,1,715,0.43
11596,2023-02-18,高雄市,茂林區,1,714,0.43
11969,2023-02-17,高雄市,茂林區,1,713,0.29
13467,2023-02-13,高雄市,茂林區,1,712,1.43
14571,2023-02-10,高雄市,茂林區,3,711,1.71
14946,2023-02-09,高雄市,茂林區,2,708,1.29
15324,2023-02-08,高雄市,茂林區,1,706,1.14
15704,2023-02-07,高雄市,茂林區,3,705,1.00
16087,2023-02-06,高雄市,茂林區,2,702,0.71
16455,2023-02-05,高雄市,茂林區,1,700,0.57
17601,2023-02-02,高雄市,茂林區,1,699,0.71
18364,2023-01-31,高雄市,茂林區,1,698,0.57
18752,2023-01-30,高雄市,茂林區,1,697,0.43
19128,2023-01-29,高雄市,茂林區,1,696,0.29
19887,2023-01-27,高雄市,茂林區,1,695,0.14
23217,2023-01-18,高雄市,茂林區,1,694,0.14
27292,2023-01-07,高雄市,茂林區,1,693,0.29
29179,2023-01-02,高雄市,茂林區,1,692,0.29
31400,2022-12-27,高雄市,茂林區,1,691,0.57
32850,2022-12-23,高雄市,茂林區,1,690,0.43
33588,2022-12-21,高雄市,茂林區,2,689,0.43
35395,2022-12-16,高雄市,茂林區,1,687,0.29
36124,2022-12-14,高雄市,茂林區,1,686,0.29
37955,2022-12-09,高雄市,茂林區,1,685,0.29
39815,2022-12-04,高雄市,茂林區,1,684,0.14
44254,2022-11-22,高雄市,茂林區,1,683,0.86
44636,2022-11-21,高雄市,茂林區,1,682,1.14
45376,2022-11-19,高雄市,茂林區,1,681,2.00
45745,2022-11-18,高雄市,茂林區,1,680,2.14
46119,2022-11-17,高雄市,茂林區,1,679,2.00
46500,2022-11-16,高雄市,茂林區,1,678,2.43
46880,2022-11-15,高雄市,茂林區,3,677,2.71
47260,2022-11-14,高雄市,茂林區,3,674,3.00
47630,2022-11-13,高雄市,茂林區,4,671,2.86
48007,2022-11-12,高雄市,茂林區,2,667,2.43
48769,2022-11-10,高雄市,茂林區,4,665,2.43
49152,2022-11-09,高雄市,茂林區,3,661,1.86
49537,2022-11-08,高雄市,茂林區,5,658,2.00
49922,2022-11-07,高雄市,茂林區,2,653,1.71
50293,2022-11-06,高雄市,茂林區,1,651,2.14
50666,2022-11-05,高雄市,茂林區,1,650,2.57
51052,2022-11-04,高雄市,茂林區,1,649,2.86
51818,2022-11-02,高雄市,茂林區,4,648,3.14
52204,2022-11-01,高雄市,茂林區,3,644,3.14
52587,2022-10-31,高雄市,茂林區,5,641,3.14
52966,2022-10-30,高雄市,茂林區,4,636,2.71
53344,2022-10-29,高雄市,茂林區,3,632,2.71
54117,2022-10-27,高雄市,茂林區,3,629,2.86
54502,2022-10-26,高雄市,茂林區,4,626,2.43
54890,2022-10-25,高雄市,茂林區,3,622,2.14
55281,2022-10-24,高雄市,茂林區,2,619,1.86
55659,2022-10-23,高雄市,茂林區,4,617,2.00
56433,2022-10-21,高雄市,茂林區,4,613,2.14
57206,2022-10-19,高雄市,茂林區,2,609,2.29
57595,2022-10-18,高雄市,茂林區,1,607,2.29
57985,2022-10-17,高雄市,茂林區,3,606,3.14
58370,2022-10-16,高雄市,茂林區,5,603,3.14
59144,2022-10-14,高雄市,茂林區,4,598,2.86
59534,2022-10-13,高雄市,茂林區,1,594,2.43
59924,2022-10-12,高雄市,茂林區,2,593,2.43
60314,2022-10-11,高雄市,茂林區,7,591,2.71
60701,2022-10-10,高雄市,茂林區,3,584,2.29
61086,2022-10-09,高雄市,茂林區,2,581,2.43
61475,2022-10-08,高雄市,茂林區,1,579,2.43
61864,2022-10-07,高雄市,茂林區,1,578,2.43
62253,2022-10-06,高雄市,茂林區,1,577,2.29
62642,2022-10-05,高雄市,茂林區,4,576,2.29
63028,2022-10-04,高雄市,茂林區,4,572,1.86
63418,2022-10-03,高雄市,茂林區,4,568,1.29
63802,2022-10-02,高雄市,茂林區,2,564,0.86
64189,2022-10-01,高雄市,茂林區,1,562,1.00
64961,2022-09-29,高雄市,茂林區,1,561,1.00
65348,2022-09-28,高雄市,茂林區,1,560,1.00
66124,2022-09-26,高雄市,茂林區,1,559,1.29
66508,2022-09-25,高雄市,茂林區,3,558,1.43
66892,2022-09-24,高雄市,茂林區,1,555,1.00
67667,2022-09-22,高雄市,茂林區,1,554,1.14
68445,2022-09-20,高雄市,茂林區,3,553,1.14
68836,2022-09-19,高雄市,茂林區,2,550,0.86
69605,2022-09-17,高雄市,茂林區,1,548,1.00
69992,2022-09-16,高雄市,茂林區,1,547,1.00
70379,2022-09-15,高雄市,茂林區,1,546,0.86
71152,2022-09-13,高雄市,茂林區,1,545,1.00
71542,2022-09-12,高雄市,茂林區,3,544,1.00
72307,2022-09-10,高雄市,茂林區,1,541,0.86
73075,2022-09-08,高雄市,茂林區,2,540,1.29
73845,2022-09-06,高雄市,茂林區,1,538,2.00
74615,2022-09-04,高雄市,茂林區,2,537,2.29
75002,2022-09-03,高雄市,茂林區,1,535,2.71
75388,2022-09-02,高雄市,茂林區,3,534,4.00
75776,2022-09-01,高雄市,茂林區,7,531,3.71
76551,2022-08-30,高雄市,茂林區,2,524,3.43
76941,2022-08-29,高雄市,茂林區,1,522,3.29
77322,2022-08-28,高雄市,茂林區,5,521,3.71
77710,2022-08-27,高雄市,茂林區,10,516,4.29
78095,2022-08-26,高雄市,茂林區,1,506,3.86
78482,2022-08-25,高雄市,茂林區,2,505,4.86
78867,2022-08-24,高雄市,茂林區,3,503,5.57
79251,2022-08-23,高雄市,茂林區,1,500,6.86
79639,2022-08-22,高雄市,茂林區,4,499,8.43
80016,2022-08-21,高雄市,茂林區,9,495,10.00
80400,2022-08-20,高雄市,茂林區,7,486,8.71
80785,2022-08-19,高雄市,茂林區,8,479,8.29
81174,2022-08-18,高雄市,茂林區,7,471,7.14
81560,2022-08-17,高雄市,茂林區,12,464,6.29
81945,2022-08-16,高雄市,茂林區,12,452,4.57
82332,2022-08-15,高雄市,茂林區,15,440,2.86
83088,2022-08-13,高雄市,茂林區,4,425,0.86
83860,2022-08-11,高雄市,茂林區,1,421,0.71
85387,2022-08-07,高雄市,茂林區,1,420,0.57
86151,2022-08-05,高雄市,茂林區,3,419,0.57
88449,2022-07-30,高雄市,茂林區,1,416,0.57
89608,2022-07-27,高雄市,茂林區,1,415,1.86
90760,2022-07-24,高雄市,茂林區,2,414,2.71
91141,2022-07-23,高雄市,茂林區,3,412,3.57
91529,2022-07-22,高雄市,茂林區,2,409,4.43
91913,2022-07-21,高雄市,茂林區,5,407,4.86
92299,2022-07-20,高雄市,茂林區,2,402,5.86
92686,2022-07-19,高雄市,茂林區,5,400,6.57
93453,2022-07-17,高雄市,茂林區,8,395,8.57
93841,2022-07-16,高雄市,茂林區,9,387,8.43
94228,2022-07-15,高雄市,茂林區,5,378,7.43
94615,2022-07-14,高雄市,茂林區,12,373,7.71
95005,2022-07-13,高雄市,茂林區,7,361,6.86
95392,2022-07-12,高雄市,茂林區,9,354,6.71
95782,2022-07-11,高雄市,茂林區,10,345,6.29
96165,2022-07-10,高雄市,茂林區,7,335,5.00
96553,2022-07-09,高雄市,茂林區,2,328,4.29
96941,2022-07-08,高雄市,茂林區,7,326,4.14
97332,2022-07-07,高雄市,茂林區,6,319,3.43
97722,2022-07-06,高雄市,茂林區,6,313,3.14
98110,2022-07-05,高雄市,茂林區,6,307,2.71
98499,2022-07-04,高雄市,茂林區,1,301,3.00
98886,2022-07-03,高雄市,茂林區,2,300,3.00
99272,2022-07-02,高雄市,茂林區,1,298,3.00
99664,2022-07-01,高雄市,茂林區,2,297,3.43
100056,2022-06-30,高雄市,茂林區,4,295,3.86
100445,2022-06-29,高雄市,茂林區,3,291,3.71
100836,2022-06-28,高雄市,茂林區,8,288,4.14
101226,2022-06-27,高雄市,茂林區,1,280,3.29
101611,2022-06-26,高雄市,茂林區,2,279,4.00
102000,2022-06-25,高雄市,茂林區,4,277,4.14
102390,2022-06-24,高雄市,茂林區,5,273,4.71
102782,2022-06-23,高雄市,茂林區,3,268,4.86
103173,2022-06-22,高雄市,茂林區,6,265,5.00
103564,2022-06-21,高雄市,茂林區,2,259,5.00
103956,2022-06-20,高雄市,茂林區,6,257,5.14
104345,2022-06-19,高雄市,茂林區,3,251,5.29
104737,2022-06-18,高雄市,茂林區,8,248,5.57
105128,2022-06-17,高雄市,茂林區,6,240,5.57
105518,2022-06-16,高雄市,茂林區,4,234,5.86
105908,2022-06-15,高雄市,茂林區,6,230,5.86
106298,2022-06-14,高雄市,茂林區,3,224,6.86
106690,2022-06-13,高雄市,茂林區,7,221,7.71
107078,2022-06-12,高雄市,茂林區,5,214,8.29
107467,2022-06-11,高雄市,茂林區,8,209,8.43
107858,2022-06-10,高雄市,茂林區,8,201,8.57
108247,2022-06-09,高雄市,茂林區,4,193,8.29
108636,2022-06-08,高雄市,茂林區,13,189,8.43
109027,2022-06-07,高雄市,茂林區,9,176,7.43
109418,2022-06-06,高雄市,茂林區,11,167,7.43
109808,2022-06-05,高雄市,茂林區,6,156,6.71
110196,2022-06-04,高雄市,茂林區,9,150,7.00
110588,2022-06-03,高雄市,茂林區,6,141,6.43
110979,2022-06-02,高雄市,茂林區,5,135,6.86
111369,2022-06-01,高雄市,茂林區,6,130,7.14
111761,2022-05-31,高雄市,茂林區,9,124,6.71
112151,2022-05-30,高雄市,茂林區,6,115,5.86
112543,2022-05-29,高雄市,茂林區,8,109,6.29
112932,2022-05-28,高雄市,茂林區,5,101,5.71
113324,2022-05-27,高雄市,茂林區,9,96,5.57
113714,2022-05-26,高雄市,茂林區,7,87,5.00
114104,2022-05-25,高雄市,茂林區,3,80,5.14
114495,2022-05-24,高雄市,茂林區,3,77,5.43
114887,2022-05-23,高雄市,茂林區,9,74,5.29
115277,2022-05-22,高雄市,茂林區,4,65,4.43
115665,2022-05-21,高雄市,茂林區,4,61,5.29
116052,2022-05-20,高雄市,茂林區,5,57,5.14
116440,2022-05-19,高雄市,茂林區,8,52,4.57
116830,2022-05-18,高雄市,茂林區,5,44,4.14
117220,2022-05-17,高雄市,茂林區,2,39,4.29
117607,2022-05-16,高雄市,茂林區,3,37,4.29
117994,2022-05-15,高雄市,茂林區,10,34,4.00
118378,2022-05-14,高雄市,茂林區,3,24,2.71
118764,2022-05-13,高雄市,茂林區,1,21,2.71
119149,2022-05-12,高雄市,茂林區,5,20,2.57
119533,2022-05-11,高雄市,茂林區,6,15,2.00
119919,2022-05-10,高雄市,茂林區,2,9,1.14
120300,2022-05-09,高雄市,茂林區,1,7,1.00
120681,2022-05-08,高雄市,茂林區,1,6,0.86
121063,2022-05-07,高雄市,茂林區,3,5,0.71
121813,2022-05-05,高雄市,茂林區,1,2,0.29
122535,2022-05-03,高雄市,茂林區,1,1,0.14
