UID,個案研判日,縣市別,區域,新增確診人數,累計確診人數,七天移動平均新增確診人數
239,2023-06-14,高雄市,梓官區,3,14127,0.43
576,2023-03-21,高雄市,梓官區,2,14124,13.00
825,2023-03-20,高雄市,梓官區,8,14122,15.29
1136,2023-03-19,高雄市,梓官區,6,14114,17.29
1468,2023-03-18,高雄市,梓官區,23,14108,18.29
1819,2023-03-17,高雄市,梓官區,10,14085,16.71
2168,2023-03-16,高雄市,梓官區,20,14075,16.86
2522,2023-03-15,高雄市,梓官區,22,14055,15.71
2873,2023-03-14,高雄市,梓官區,18,14033,13.29
3230,2023-03-13,高雄市,梓官區,22,14015,14.43
3582,2023-03-12,高雄市,梓官區,13,13993,13.71
3935,2023-03-11,高雄市,梓官區,12,13980,13.14
4287,2023-03-10,高雄市,梓官區,11,13968,15.71
4643,2023-03-09,高雄市,梓官區,12,13957,16.57
4999,2023-03-08,高雄市,梓官區,5,13945,19.71
5353,2023-03-07,高雄市,梓官區,26,13940,21.14
5719,2023-03-06,高雄市,梓官區,17,13914,20.00
6073,2023-03-05,高雄市,梓官區,9,13897,19.14
6416,2023-03-04,高雄市,梓官區,30,13888,19.57
6771,2023-03-03,高雄市,梓官區,17,13858,20.71
7133,2023-03-02,高雄市,梓官區,34,13841,21.43
7498,2023-03-01,高雄市,梓官區,15,13807,20.86
7869,2023-02-28,高雄市,梓官區,18,13792,21.57
8231,2023-02-27,高雄市,梓官區,11,13774,21.43
8577,2023-02-26,高雄市,梓官區,12,13763,22.57
8937,2023-02-25,高雄市,梓官區,38,13751,23.43
9304,2023-02-24,高雄市,梓官區,22,13713,21.57
9669,2023-02-23,高雄市,梓官區,30,13691,20.86
10040,2023-02-22,高雄市,梓官區,20,13661,19.43
10413,2023-02-21,高雄市,梓官區,17,13641,19.14
10785,2023-02-20,高雄市,梓官區,19,13624,19.86
11155,2023-02-19,高雄市,梓官區,18,13605,21.43
11519,2023-02-18,高雄市,梓官區,25,13587,22.14
11887,2023-02-17,高雄市,梓官區,17,13562,22.29
12260,2023-02-16,高雄市,梓官區,20,13545,24.29
12636,2023-02-15,高雄市,梓官區,18,13525,27.29
13011,2023-02-14,高雄市,梓官區,22,13507,29.29
13382,2023-02-13,高雄市,梓官區,30,13485,29.57
13756,2023-02-12,高雄市,梓官區,23,13455,30.00
14118,2023-02-11,高雄市,梓官區,26,13432,29.29
14488,2023-02-10,高雄市,梓官區,31,13406,28.57
14861,2023-02-09,高雄市,梓官區,41,13375,27.29
15242,2023-02-08,高雄市,梓官區,32,13334,26.00
15620,2023-02-07,高雄市,梓官區,24,13302,25.14
16000,2023-02-06,高雄市,梓官區,33,13278,25.29
16375,2023-02-05,高雄市,梓官區,18,13245,26.00
16749,2023-02-04,高雄市,梓官區,21,13227,27.57
17128,2023-02-03,高雄市,梓官區,22,13206,30.86
17515,2023-02-02,高雄市,梓官區,32,13184,32.86
17895,2023-02-01,高雄市,梓官區,26,13152,30.71
18277,2023-01-31,高雄市,梓官區,25,13126,31.86
18662,2023-01-30,高雄市,梓官區,38,13101,30.00
19047,2023-01-29,高雄市,梓官區,29,13063,26.43
19425,2023-01-28,高雄市,梓官區,44,13034,25.14
19801,2023-01-27,高雄市,梓官區,36,12990,23.14
20180,2023-01-26,高雄市,梓官區,17,12954,20.71
20551,2023-01-25,高雄市,梓官區,34,12937,22.43
20921,2023-01-24,高雄市,梓官區,12,12903,20.14
21289,2023-01-23,高雄市,梓官區,13,12891,21.14
21661,2023-01-22,高雄市,梓官區,20,12878,22.00
22028,2023-01-21,高雄市,梓官區,30,12858,21.29
22398,2023-01-20,高雄市,梓官區,19,12828,21.29
22766,2023-01-19,高雄市,梓官區,29,12809,22.00
23137,2023-01-18,高雄市,梓官區,18,12780,21.57
23504,2023-01-17,高雄市,梓官區,19,12762,22.14
23872,2023-01-16,高雄市,梓官區,19,12743,24.00
24246,2023-01-15,高雄市,梓官區,15,12724,27.71
24613,2023-01-14,高雄市,梓官區,30,12709,28.00
24981,2023-01-13,高雄市,梓官區,24,12679,28.57
25353,2023-01-12,高雄市,梓官區,26,12655,31.71
25724,2023-01-11,高雄市,梓官區,22,12629,34.43
26102,2023-01-10,高雄市,梓官區,32,12607,37.00
26476,2023-01-09,高雄市,梓官區,45,12575,39.43
26845,2023-01-08,高雄市,梓官區,17,12530,36.14
27207,2023-01-07,高雄市,梓官區,34,12513,35.43
27581,2023-01-06,高雄市,梓官區,46,12479,34.71
27960,2023-01-05,高雄市,梓官區,45,12433,30.71
28340,2023-01-04,高雄市,梓官區,40,12388,29.00
28722,2023-01-03,高雄市,梓官區,49,12348,26.14
29101,2023-01-02,高雄市,梓官區,22,12299,23.57
29471,2023-01-01,高雄市,梓官區,12,12277,25.29
29831,2022-12-31,高雄市,梓官區,29,12265,25.14
30198,2022-12-30,高雄市,梓官區,18,12236,24.57
30572,2022-12-29,高雄市,梓官區,33,12218,25.86
30944,2022-12-28,高雄市,梓官區,20,12185,25.57
31317,2022-12-27,高雄市,梓官區,31,12165,25.43
31691,2022-12-26,高雄市,梓官區,34,12134,25.29
32054,2022-12-25,高雄市,梓官區,11,12100,23.86
32415,2022-12-24,高雄市,梓官區,25,12089,24.00
32773,2022-12-23,高雄市,梓官區,27,12064,23.43
33139,2022-12-22,高雄市,梓官區,31,12037,21.29
33505,2022-12-21,高雄市,梓官區,19,12006,20.71
33873,2022-12-20,高雄市,梓官區,30,11987,20.14
34239,2022-12-19,高雄市,梓官區,24,11957,19.00
34601,2022-12-18,高雄市,梓官區,12,11933,18.14
34954,2022-12-17,高雄市,梓官區,21,11921,17.29
35322,2022-12-16,高雄市,梓官區,12,11900,18.43
35683,2022-12-15,高雄市,梓官區,27,11888,18.00
36047,2022-12-14,高雄市,梓官區,15,11861,16.29
36413,2022-12-13,高雄市,梓官區,22,11846,17.29
36791,2022-12-12,高雄市,梓官區,18,11824,17.00
37150,2022-12-11,高雄市,梓官區,6,11806,16.71
37512,2022-12-10,高雄市,梓官區,29,11800,17.29
37877,2022-12-09,高雄市,梓官區,9,11771,15.14
38248,2022-12-08,高雄市,梓官區,15,11762,16.00
38622,2022-12-07,高雄市,梓官區,22,11747,18.14
38987,2022-12-06,高雄市,梓官區,20,11725,17.43
39364,2022-12-05,高雄市,梓官區,16,11705,17.43
39739,2022-12-04,高雄市,梓官區,10,11689,18.71
40105,2022-12-03,高雄市,梓官區,14,11679,18.71
40472,2022-12-02,高雄市,梓官區,15,11665,19.71
40841,2022-12-01,高雄市,梓官區,30,11650,19.86
41214,2022-11-30,高雄市,梓官區,17,11620,18.29
41589,2022-11-29,高雄市,梓官區,20,11603,19.29
41967,2022-11-28,高雄市,梓官區,25,11583,20.86
42340,2022-11-27,高雄市,梓官區,10,11558,22.00
42695,2022-11-26,高雄市,梓官區,21,11548,22.57
43060,2022-11-25,高雄市,梓官區,16,11527,23.43
43430,2022-11-24,高雄市,梓官區,19,11511,23.57
43798,2022-11-23,高雄市,梓官區,24,11492,26.00
44171,2022-11-22,高雄市,梓官區,31,11468,27.00
44550,2022-11-21,高雄市,梓官區,33,11437,28.71
44926,2022-11-20,高雄市,梓官區,14,11404,25.86
45293,2022-11-19,高雄市,梓官區,27,11390,28.14
45663,2022-11-18,高雄市,梓官區,17,11363,29.14
46036,2022-11-17,高雄市,梓官區,36,11346,32.14
46412,2022-11-16,高雄市,梓官區,31,11310,31.57
46794,2022-11-15,高雄市,梓官區,43,11279,30.43
47172,2022-11-14,高雄市,梓官區,13,11236,31.00
47549,2022-11-13,高雄市,梓官區,30,11223,33.71
47922,2022-11-12,高雄市,梓官區,34,11193,32.71
48300,2022-11-11,高雄市,梓官區,38,11159,35.43
48680,2022-11-10,高雄市,梓官區,32,11121,35.43
49063,2022-11-09,高雄市,梓官區,23,11089,36.29
49450,2022-11-08,高雄市,梓官區,47,11066,38.71
49835,2022-11-07,高雄市,梓官區,32,11019,38.14
50212,2022-11-06,高雄市,梓官區,23,10987,39.00
50582,2022-11-05,高雄市,梓官區,53,10964,38.00
50966,2022-11-04,高雄市,梓官區,38,10911,38.57
51349,2022-11-03,高雄市,梓官區,38,10873,38.57
51729,2022-11-02,高雄市,梓官區,40,10835,38.71
52116,2022-11-01,高雄市,梓官區,43,10795,38.86
52499,2022-10-31,高雄市,梓官區,38,10752,42.00
52880,2022-10-30,高雄市,梓官區,16,10714,45.43
53259,2022-10-29,高雄市,梓官區,57,10698,47.86
53643,2022-10-28,高雄市,梓官區,38,10641,46.14
54029,2022-10-27,高雄市,梓官區,39,10603,49.43
54414,2022-10-26,高雄市,梓官區,41,10564,53.14
54800,2022-10-25,高雄市,梓官區,65,10523,53.86
55191,2022-10-24,高雄市,梓官區,62,10458,50.86
55576,2022-10-23,高雄市,梓官區,33,10396,53.57
55957,2022-10-22,高雄市,梓官區,45,10363,53.57
56343,2022-10-21,高雄市,梓官區,61,10318,55.71
56729,2022-10-20,高雄市,梓官區,65,10257,52.00
57116,2022-10-19,高雄市,梓官區,46,10192,52.00
57504,2022-10-18,高雄市,梓官區,44,10146,54.14
57894,2022-10-17,高雄市,梓官區,81,10102,55.71
58282,2022-10-16,高雄市,梓官區,33,10021,49.71
58668,2022-10-15,高雄市,梓官區,60,9988,48.71
59054,2022-10-14,高雄市,梓官區,35,9928,49.29
59443,2022-10-13,高雄市,梓官區,65,9893,51.29
59834,2022-10-12,高雄市,梓官區,61,9828,49.86
60224,2022-10-11,高雄市,梓官區,55,9767,48.86
60614,2022-10-10,高雄市,梓官區,39,9712,49.71
60997,2022-10-09,高雄市,梓官區,26,9673,51.57
61386,2022-10-08,高雄市,梓官區,64,9647,54.57
61775,2022-10-07,高雄市,梓官區,49,9583,51.43
62162,2022-10-06,高雄市,梓官區,55,9534,50.29
62553,2022-10-05,高雄市,梓官區,54,9479,48.14
62940,2022-10-04,高雄市,梓官區,61,9425,47.29
63329,2022-10-03,高雄市,梓官區,52,9364,45.71
63719,2022-10-02,高雄市,梓官區,47,9312,46.86
64100,2022-10-01,高雄市,梓官區,42,9265,44.71
64486,2022-09-30,高雄市,梓官區,41,9223,46.86
64871,2022-09-29,高雄市,梓官區,40,9182,49.71
65260,2022-09-28,高雄市,梓官區,48,9142,51.43
65647,2022-09-27,高雄市,梓官區,50,9094,53.57
66033,2022-09-26,高雄市,梓官區,60,9044,53.14
66420,2022-09-25,高雄市,梓官區,32,8984,50.86
66804,2022-09-24,高雄市,梓官區,57,8952,50.57
67190,2022-09-23,高雄市,梓官區,61,8895,50.71
67577,2022-09-22,高雄市,梓官區,52,8834,48.29
67966,2022-09-21,高雄市,梓官區,63,8782,46.14
68355,2022-09-20,高雄市,梓官區,47,8719,43.57
68745,2022-09-19,高雄市,梓官區,44,8672,41.57
69135,2022-09-18,高雄市,梓官區,30,8628,43.00
69518,2022-09-17,高雄市,梓官區,58,8598,42.00
69905,2022-09-16,高雄市,梓官區,44,8540,38.86
70290,2022-09-15,高雄市,梓官區,37,8496,36.14
70677,2022-09-14,高雄市,梓官區,45,8459,37.00
71063,2022-09-13,高雄市,梓官區,33,8414,36.71
71452,2022-09-12,高雄市,梓官區,54,8381,38.00
71839,2022-09-11,高雄市,梓官區,23,8327,35.43
72221,2022-09-10,高雄市,梓官區,36,8304,35.71
72603,2022-09-09,高雄市,梓官區,25,8268,34.00
72987,2022-09-08,高雄市,梓官區,43,8243,33.00
73374,2022-09-07,高雄市,梓官區,43,8200,30.86
73758,2022-09-06,高雄市,梓官區,42,8157,27.86
74144,2022-09-05,高雄市,梓官區,36,8115,26.43
74528,2022-09-04,高雄市,梓官區,25,8079,26.14
74912,2022-09-03,高雄市,梓官區,24,8054,23.43
75300,2022-09-02,高雄市,梓官區,18,8030,23.14
75686,2022-09-01,高雄市,梓官區,28,8012,23.43
76075,2022-08-31,高雄市,梓官區,22,7984,22.43
76462,2022-08-30,高雄市,梓官區,32,7962,22.29
76850,2022-08-29,高雄市,梓官區,34,7930,20.29
77237,2022-08-28,高雄市,梓官區,6,7896,17.86
77622,2022-08-27,高雄市,梓官區,22,7890,19.29
78008,2022-08-26,高雄市,梓官區,20,7868,17.86
78392,2022-08-25,高雄市,梓官區,21,7848,18.00
78777,2022-08-24,高雄市,梓官區,21,7827,18.00
79164,2022-08-23,高雄市,梓官區,18,7806,17.29
79549,2022-08-22,高雄市,梓官區,17,7788,20.00
79933,2022-08-21,高雄市,梓官區,16,7771,21.86
80313,2022-08-20,高雄市,梓官區,12,7755,22.29
80697,2022-08-19,高雄市,梓官區,21,7743,22.57
81083,2022-08-18,高雄市,梓官區,21,7722,21.86
81472,2022-08-17,高雄市,梓官區,16,7701,21.14
81857,2022-08-16,高雄市,梓官區,37,7685,21.14
82244,2022-08-15,高雄市,梓官區,30,7648,17.71
82627,2022-08-14,高雄市,梓官區,19,7618,16.86
83004,2022-08-13,高雄市,梓官區,14,7599,16.29
83386,2022-08-12,高雄市,梓官區,16,7585,17.29
83770,2022-08-11,高雄市,梓官區,16,7569,18.43
84157,2022-08-10,高雄市,梓官區,16,7553,20.71
84540,2022-08-09,高雄市,梓官區,13,7537,21.00
84926,2022-08-08,高雄市,梓官區,24,7524,22.14
85305,2022-08-07,高雄市,梓官區,15,7500,23.86
85680,2022-08-06,高雄市,梓官區,21,7485,23.86
86064,2022-08-05,高雄市,梓官區,24,7464,25.14
86450,2022-08-04,高雄市,梓官區,32,7440,25.43
86835,2022-08-03,高雄市,梓官區,18,7408,27.43
87217,2022-08-02,高雄市,梓官區,21,7390,29.43
87604,2022-08-01,高雄市,梓官區,36,7369,31.57
87987,2022-07-31,高雄市,梓官區,15,7333,31.29
88364,2022-07-30,高雄市,梓官區,30,7318,32.57
88745,2022-07-29,高雄市,梓官區,26,7288,33.14
89131,2022-07-28,高雄市,梓官區,46,7262,32.86
89518,2022-07-27,高雄市,梓官區,32,7216,30.14
89908,2022-07-26,高雄市,梓官區,36,7184,29.43
90295,2022-07-25,高雄市,梓官區,34,7148,29.43
90675,2022-07-24,高雄市,梓官區,24,7114,29.57
91055,2022-07-23,高雄市,梓官區,34,7090,29.00
91441,2022-07-22,高雄市,梓官區,24,7056,28.43
91827,2022-07-21,高雄市,梓官區,27,7032,31.29
92209,2022-07-20,高雄市,梓官區,27,7005,33.29
92598,2022-07-19,高雄市,梓官區,36,6978,34.57
92987,2022-07-18,高雄市,梓官區,35,6942,35.00
93373,2022-07-17,高雄市,梓官區,20,6907,38.43
93752,2022-07-16,高雄市,梓官區,30,6887,38.57
94140,2022-07-15,高雄市,梓官區,44,6857,42.57
94527,2022-07-14,高雄市,梓官區,41,6813,42.29
94916,2022-07-13,高雄市,梓官區,36,6772,43.43
95303,2022-07-12,高雄市,梓官區,39,6736,46.00
95692,2022-07-11,高雄市,梓官區,59,6697,46.43
96078,2022-07-10,高雄市,梓官區,21,6638,44.86
96464,2022-07-09,高雄市,梓官區,58,6617,44.86
96851,2022-07-08,高雄市,梓官區,42,6559,43.86
97242,2022-07-07,高雄市,梓官區,49,6517,45.00
97632,2022-07-06,高雄市,梓官區,54,6468,46.14
98021,2022-07-05,高雄市,梓官區,42,6414,45.86
98410,2022-07-04,高雄市,梓官區,48,6372,48.86
98800,2022-07-03,高雄市,梓官區,21,6324,53.29
99182,2022-07-02,高雄市,梓官區,51,6303,55.14
99573,2022-07-01,高雄市,梓官區,50,6252,58.71
99965,2022-06-30,高雄市,梓官區,57,6202,64.43
100356,2022-06-29,高雄市,梓官區,52,6145,62.57
100746,2022-06-28,高雄市,梓官區,63,6093,69.43
101137,2022-06-27,高雄市,梓官區,79,6030,73.00
101524,2022-06-26,高雄市,梓官區,34,5951,78.43
101911,2022-06-25,高雄市,梓官區,76,5917,82.29
102299,2022-06-24,高雄市,梓官區,90,5841,84.86
102691,2022-06-23,高雄市,梓官區,44,5751,87.00
103084,2022-06-22,高雄市,梓官區,100,5707,95.57
103473,2022-06-21,高雄市,梓官區,88,5607,100.00
103865,2022-06-20,高雄市,梓官區,117,5519,116.14
104255,2022-06-19,高雄市,梓官區,61,5402,121.14
104646,2022-06-18,高雄市,梓官區,94,5341,123.57
105037,2022-06-17,高雄市,梓官區,105,5247,137.57
105427,2022-06-16,高雄市,梓官區,104,5142,146.57
105817,2022-06-15,高雄市,梓官區,131,5038,155.71
106207,2022-06-14,高雄市,梓官區,201,4907,159.29
106599,2022-06-13,高雄市,梓官區,152,4706,154.14
106989,2022-06-12,高雄市,梓官區,78,4554,166.57
107376,2022-06-11,高雄市,梓官區,192,4476,172.71
107768,2022-06-10,高雄市,梓官區,168,4284,166.00
108157,2022-06-09,高雄市,梓官區,168,4116,161.57
108546,2022-06-08,高雄市,梓官區,156,3948,168.43
108936,2022-06-07,高雄市,梓官區,165,3792,168.71
109328,2022-06-06,高雄市,梓官區,239,3627,169.29
109718,2022-06-05,高雄市,梓官區,121,3388,160.29
110107,2022-06-04,高雄市,梓官區,145,3267,163.57
110497,2022-06-03,高雄市,梓官區,137,3122,165.57
110888,2022-06-02,高雄市,梓官區,216,2985,175.86
111278,2022-06-01,高雄市,梓官區,158,2769,163.86
111670,2022-05-31,高雄市,梓官區,169,2611,156.57
112061,2022-05-30,高雄市,梓官區,176,2442,154.71
112452,2022-05-29,高雄市,梓官區,144,2266,151.43
112842,2022-05-28,高雄市,梓官區,159,2122,148.71
113233,2022-05-27,高雄市,梓官區,209,1963,146.14
113623,2022-05-26,高雄市,梓官區,132,1754,133.86
114014,2022-05-25,高雄市,梓官區,107,1622,127.71
114404,2022-05-24,高雄市,梓官區,156,1515,126.14
114796,2022-05-23,高雄市,梓官區,153,1359,119.00
115187,2022-05-22,高雄市,梓官區,125,1206,106.29
115578,2022-05-21,高雄市,梓官區,141,1081,95.00
115963,2022-05-20,高雄市,梓官區,123,940,83.29
116351,2022-05-19,高雄市,梓官區,89,817,71.29
116739,2022-05-18,高雄市,梓官區,96,728,66.29
117130,2022-05-17,高雄市,梓官區,106,632,57.43
117518,2022-05-16,高雄市,梓官區,64,526,48.86
117906,2022-05-15,高雄市,梓官區,46,462,43.14
118290,2022-05-14,高雄市,梓官區,59,416,39.29
118675,2022-05-13,高雄市,梓官區,39,357,36.29
119063,2022-05-12,高雄市,梓官區,54,318,33.43
119446,2022-05-11,高雄市,梓官區,34,264,29.29
119832,2022-05-10,高雄市,梓官區,46,230,25.71
120214,2022-05-09,高雄市,梓官區,24,184,21.43
120594,2022-05-08,高雄市,梓官區,19,160,19.00
120980,2022-05-07,高雄市,梓官區,38,141,16.86
121358,2022-05-06,高雄市,梓官區,19,103,12.14
121732,2022-05-05,高雄市,梓官區,25,84,10.00
122101,2022-05-04,高雄市,梓官區,9,59,6.86
122464,2022-05-03,高雄市,梓官區,16,50,6.14
122819,2022-05-02,高雄市,梓官區,7,34,3.86
123159,2022-05-01,高雄市,梓官區,4,27,2.86
123493,2022-04-30,高雄市,梓官區,5,23,2.57
123817,2022-04-29,高雄市,梓官區,4,18,2.00
124134,2022-04-28,高雄市,梓官區,3,14,1.57
124438,2022-04-27,高雄市,梓官區,4,11,1.29
125275,2022-04-24,高雄市,梓官區,2,7,0.86
125513,2022-04-23,高雄市,梓官區,1,5,0.57
125760,2022-04-22,高雄市,梓官區,1,4,0.43
125999,2022-04-21,高雄市,梓官區,1,3,0.29
126614,2022-04-18,高雄市,梓官區,1,2,0.14
127722,2022-04-11,高雄市,梓官區,1,1,0.14
