UID,個案研判日,縣市別,區域,新增確診人數,累計確診人數,七天移動平均新增確診人數
571,2023-03-21,高雄市,美濃區,1,9832,7.43
813,2023-03-20,高雄市,美濃區,7,9831,9.00
1118,2023-03-19,高雄市,美濃區,6,9824,9.57
1453,2023-03-18,高雄市,美濃區,5,9818,10.14
1801,2023-03-17,高雄市,美濃區,13,9813,11.14
2149,2023-03-16,高雄市,美濃區,7,9800,10.71
2505,2023-03-15,高雄市,美濃區,13,9793,11.14
2855,2023-03-14,高雄市,美濃區,12,9780,10.14
3211,2023-03-13,高雄市,美濃區,11,9768,9.71
3566,2023-03-12,高雄市,美濃區,10,9757,9.29
3916,2023-03-11,高雄市,美濃區,12,9747,8.86
4266,2023-03-10,高雄市,美濃區,10,9735,8.29
4623,2023-03-09,高雄市,美濃區,10,9725,8.71
4979,2023-03-08,高雄市,美濃區,6,9715,9.14
5336,2023-03-07,高雄市,美濃區,9,9709,9.57
5700,2023-03-06,高雄市,美濃區,8,9700,12.00
6054,2023-03-05,高雄市,美濃區,7,9692,12.57
6397,2023-03-04,高雄市,美濃區,8,9685,12.43
6751,2023-03-03,高雄市,美濃區,13,9677,14.14
7113,2023-03-02,高雄市,美濃區,13,9664,14.29
7476,2023-03-01,高雄市,美濃區,9,9651,13.86
7848,2023-02-28,高雄市,美濃區,26,9642,13.86
8212,2023-02-27,高雄市,美濃區,12,9616,12.86
8563,2023-02-26,高雄市,美濃區,6,9604,12.29
8917,2023-02-25,高雄市,美濃區,20,9598,13.43
9285,2023-02-24,高雄市,美濃區,14,9578,12.14
9648,2023-02-23,高雄市,美濃區,10,9564,13.00
10020,2023-02-22,高雄市,美濃區,9,9554,12.86
10392,2023-02-21,高雄市,美濃區,19,9545,15.43
10764,2023-02-20,高雄市,美濃區,8,9526,14.57
11135,2023-02-19,高雄市,美濃區,14,9518,17.00
11499,2023-02-18,高雄市,美濃區,11,9504,16.14
11866,2023-02-17,高雄市,美濃區,20,9493,17.14
12241,2023-02-16,高雄市,美濃區,9,9473,16.29
12614,2023-02-15,高雄市,美濃區,27,9464,17.86
12990,2023-02-14,高雄市,美濃區,13,9437,16.29
13360,2023-02-13,高雄市,美濃區,25,9424,17.00
13736,2023-02-12,高雄市,美濃區,8,9399,17.14
14099,2023-02-11,高雄市,美濃區,18,9391,18.43
14467,2023-02-10,高雄市,美濃區,14,9373,19.86
14840,2023-02-09,高雄市,美濃區,20,9359,22.57
15221,2023-02-08,高雄市,美濃區,16,9339,22.14
15599,2023-02-07,高雄市,美濃區,18,9323,24.14
15978,2023-02-06,高雄市,美濃區,26,9305,27.00
16354,2023-02-05,高雄市,美濃區,17,9279,29.29
16729,2023-02-04,高雄市,美濃區,28,9262,29.86
17107,2023-02-03,高雄市,美濃區,33,9234,30.57
17493,2023-02-02,高雄市,美濃區,17,9201,30.00
17874,2023-02-01,高雄市,美濃區,30,9184,29.71
18255,2023-01-31,高雄市,美濃區,38,9154,29.14
18640,2023-01-30,高雄市,美濃區,42,9116,25.86
19026,2023-01-29,高雄市,美濃區,21,9074,21.71
19403,2023-01-28,高雄市,美濃區,33,9053,20.43
19780,2023-01-27,高雄市,美濃區,29,9020,18.86
20160,2023-01-26,高雄市,美濃區,15,8991,18.00
20531,2023-01-25,高雄市,美濃區,26,8976,18.86
20899,2023-01-24,高雄市,美濃區,15,8950,17.43
21271,2023-01-23,高雄市,美濃區,13,8935,18.71
21640,2023-01-22,高雄市,美濃區,12,8922,19.14
22008,2023-01-21,高雄市,美濃區,22,8910,19.71
22379,2023-01-20,高雄市,美濃區,23,8888,18.57
22746,2023-01-19,高雄市,美濃區,21,8865,17.29
23118,2023-01-18,高雄市,美濃區,16,8844,17.00
23484,2023-01-17,高雄市,美濃區,24,8828,17.43
23851,2023-01-16,高雄市,美濃區,16,8804,16.29
24228,2023-01-15,高雄市,美濃區,16,8788,17.00
24593,2023-01-14,高雄市,美濃區,14,8772,16.29
24960,2023-01-13,高雄市,美濃區,14,8758,17.43
25332,2023-01-12,高雄市,美濃區,19,8744,17.00
25703,2023-01-11,高雄市,美濃區,19,8725,17.43
26080,2023-01-10,高雄市,美濃區,16,8706,16.71
26454,2023-01-09,高雄市,美濃區,21,8690,18.57
26827,2023-01-08,高雄市,美濃區,11,8669,19.43
27188,2023-01-07,高雄市,美濃區,22,8658,19.71
27561,2023-01-06,高雄市,美濃區,11,8636,19.71
27939,2023-01-05,高雄市,美濃區,22,8625,20.86
28318,2023-01-04,高雄市,美濃區,14,8603,20.00
28700,2023-01-03,高雄市,美濃區,29,8589,19.29
29080,2023-01-02,高雄市,美濃區,27,8560,17.14
29451,2023-01-01,高雄市,美濃區,13,8533,15.14
29811,2022-12-31,高雄市,美濃區,22,8520,14.57
30178,2022-12-30,高雄市,美濃區,19,8498,13.43
30552,2022-12-29,高雄市,美濃區,16,8479,12.43
30924,2022-12-28,高雄市,美濃區,9,8463,13.29
31295,2022-12-27,高雄市,美濃區,14,8454,13.57
31670,2022-12-26,高雄市,美濃區,13,8440,13.57
32036,2022-12-25,高雄市,美濃區,9,8427,13.71
32396,2022-12-24,高雄市,美濃區,14,8418,13.71
32752,2022-12-23,高雄市,美濃區,12,8404,12.71
33121,2022-12-22,高雄市,美濃區,22,8392,12.29
33486,2022-12-21,高雄市,美濃區,11,8370,11.14
33852,2022-12-20,高雄市,美濃區,14,8359,11.43
34219,2022-12-19,高雄市,美濃區,14,8345,11.57
34583,2022-12-18,高雄市,美濃區,9,8331,12.29
34936,2022-12-17,高雄市,美濃區,7,8322,12.00
35300,2022-12-16,高雄市,美濃區,9,8315,13.71
35663,2022-12-15,高雄市,美濃區,14,8306,15.29
36029,2022-12-14,高雄市,美濃區,13,8292,16.00
36392,2022-12-13,高雄市,美濃區,15,8279,16.86
36770,2022-12-12,高雄市,美濃區,19,8264,19.00
37132,2022-12-11,高雄市,美濃區,7,8245,18.57
37492,2022-12-10,高雄市,美濃區,19,8238,19.43
37857,2022-12-09,高雄市,美濃區,20,8219,19.57
38226,2022-12-08,高雄市,美濃區,19,8199,19.43
38601,2022-12-07,高雄市,美濃區,19,8180,18.71
38967,2022-12-06,高雄市,美濃區,30,8161,20.14
39343,2022-12-05,高雄市,美濃區,16,8131,18.86
39718,2022-12-04,高雄市,美濃區,13,8115,20.00
40085,2022-12-03,高雄市,美濃區,20,8102,20.14
40452,2022-12-02,高雄市,美濃區,19,8082,19.86
40821,2022-12-01,高雄市,美濃區,14,8063,18.57
41192,2022-11-30,高雄市,美濃區,29,8049,20.29
41567,2022-11-29,高雄市,美濃區,21,8020,19.43
41945,2022-11-28,高雄市,美濃區,24,7999,20.14
42320,2022-11-27,高雄市,美濃區,14,7975,21.00
42676,2022-11-26,高雄市,美濃區,18,7961,21.86
43040,2022-11-25,高雄市,美濃區,10,7943,22.14
43409,2022-11-24,高雄市,美濃區,26,7933,23.86
43778,2022-11-23,高雄市,美濃區,23,7907,25.57
44151,2022-11-22,高雄市,美濃區,26,7884,28.00
44529,2022-11-21,高雄市,美濃區,30,7858,30.29
44906,2022-11-20,高雄市,美濃區,20,7828,32.00
45274,2022-11-19,高雄市,美濃區,20,7808,33.71
45644,2022-11-18,高雄市,美濃區,22,7788,36.14
46017,2022-11-17,高雄市,美濃區,38,7766,38.29
46390,2022-11-16,高雄市,美濃區,40,7728,38.43
46773,2022-11-15,高雄市,美濃區,42,7688,40.29
47152,2022-11-14,高雄市,美濃區,42,7646,40.71
47530,2022-11-13,高雄市,美濃區,32,7604,39.86
47901,2022-11-12,高雄市,美濃區,37,7572,38.00
48279,2022-11-11,高雄市,美濃區,37,7535,36.14
48659,2022-11-10,高雄市,美濃區,39,7498,37.14
49042,2022-11-09,高雄市,美濃區,53,7459,37.57
49429,2022-11-08,高雄市,美濃區,45,7406,37.29
49813,2022-11-07,高雄市,美濃區,36,7361,38.29
50191,2022-11-06,高雄市,美濃區,19,7325,41.14
50561,2022-11-05,高雄市,美濃區,24,7306,43.57
50944,2022-11-04,高雄市,美濃區,44,7282,45.71
51327,2022-11-03,高雄市,美濃區,42,7238,47.14
51707,2022-11-02,高雄市,美濃區,51,7196,49.29
52094,2022-11-01,高雄市,美濃區,52,7145,48.86
52477,2022-10-31,高雄市,美濃區,56,7093,49.43
52860,2022-10-30,高雄市,美濃區,36,7037,49.57
53237,2022-10-29,高雄市,美濃區,39,7001,48.86
53621,2022-10-28,高雄市,美濃區,54,6962,49.29
54007,2022-10-27,高雄市,美濃區,57,6908,49.43
54392,2022-10-26,高雄市,美濃區,48,6851,51.00
54778,2022-10-25,高雄市,美濃區,56,6803,52.86
55169,2022-10-24,高雄市,美濃區,57,6747,52.29
55554,2022-10-23,高雄市,美濃區,31,6690,51.86
55935,2022-10-22,高雄市,美濃區,42,6659,51.57
56321,2022-10-21,高雄市,美濃區,55,6617,54.86
56709,2022-10-20,高雄市,美濃區,68,6562,54.00
57095,2022-10-19,高雄市,美濃區,61,6494,53.00
57482,2022-10-18,高雄市,美濃區,52,6433,54.29
57872,2022-10-17,高雄市,美濃區,54,6381,56.29
58261,2022-10-16,高雄市,美濃區,29,6327,56.57
58646,2022-10-15,高雄市,美濃區,65,6298,57.14
59032,2022-10-14,高雄市,美濃區,49,6233,52.14
59421,2022-10-13,高雄市,美濃區,61,6184,50.43
59812,2022-10-12,高雄市,美濃區,70,6123,47.29
60202,2022-10-11,高雄市,美濃區,66,6053,42.29
60592,2022-10-10,高雄市,美濃區,56,5987,36.86
60976,2022-10-09,高雄市,美濃區,33,5931,34.86
61364,2022-10-08,高雄市,美濃區,30,5898,33.14
61753,2022-10-07,高雄市,美濃區,37,5868,33.14
62140,2022-10-06,高雄市,美濃區,39,5831,33.43
62531,2022-10-05,高雄市,美濃區,35,5792,33.14
62918,2022-10-04,高雄市,美濃區,28,5757,33.86
63307,2022-10-03,高雄市,美濃區,42,5729,36.14
63697,2022-10-02,高雄市,美濃區,21,5687,37.00
64078,2022-10-01,高雄市,美濃區,30,5666,37.29
64464,2022-09-30,高雄市,美濃區,39,5636,39.71
64850,2022-09-29,高雄市,美濃區,37,5597,37.43
65238,2022-09-28,高雄市,美濃區,40,5560,35.71
65625,2022-09-27,高雄市,美濃區,44,5520,35.00
66011,2022-09-26,高雄市,美濃區,48,5476,33.86
66398,2022-09-25,高雄市,美濃區,23,5428,34.00
66783,2022-09-24,高雄市,美濃區,47,5405,33.00
67168,2022-09-23,高雄市,美濃區,23,5358,32.43
67555,2022-09-22,高雄市,美濃區,25,5335,33.57
67944,2022-09-21,高雄市,美濃區,35,5310,35.00
68333,2022-09-20,高雄市,美濃區,36,5275,37.14
68723,2022-09-19,高雄市,美濃區,49,5239,37.43
69113,2022-09-18,高雄市,美濃區,16,5190,37.29
69496,2022-09-17,高雄市,美濃區,43,5174,38.00
69883,2022-09-16,高雄市,美濃區,31,5131,36.86
70268,2022-09-15,高雄市,美濃區,35,5100,37.57
70655,2022-09-14,高雄市,美濃區,50,5065,36.43
71041,2022-09-13,高雄市,美濃區,38,5015,34.00
71430,2022-09-12,高雄市,美濃區,48,4977,33.14
71817,2022-09-11,高雄市,美濃區,21,4929,33.00
72200,2022-09-10,高雄市,美濃區,35,4908,33.00
72581,2022-09-09,高雄市,美濃區,36,4873,32.71
72965,2022-09-08,高雄市,美濃區,27,4837,31.57
73352,2022-09-07,高雄市,美濃區,33,4810,30.86
73736,2022-09-06,高雄市,美濃區,32,4777,29.43
74122,2022-09-05,高雄市,美濃區,47,4745,28.57
74507,2022-09-04,高雄市,美濃區,21,4698,25.71
74890,2022-09-03,高雄市,美濃區,33,4677,23.43
75278,2022-09-02,高雄市,美濃區,28,4644,21.43
75664,2022-09-01,高雄市,美濃區,22,4616,19.86
76053,2022-08-31,高雄市,美濃區,23,4594,18.86
76440,2022-08-30,高雄市,美濃區,26,4571,17.86
76828,2022-08-29,高雄市,美濃區,27,4545,17.14
77215,2022-08-28,高雄市,美濃區,5,4518,15.43
77600,2022-08-27,高雄市,美濃區,19,4513,15.71
77986,2022-08-26,高雄市,美濃區,17,4494,14.71
78370,2022-08-25,高雄市,美濃區,15,4477,14.57
78755,2022-08-24,高雄市,美濃區,16,4462,16.43
79143,2022-08-23,高雄市,美濃區,21,4446,18.14
79527,2022-08-22,高雄市,美濃區,15,4425,18.43
79912,2022-08-21,高雄市,美濃區,7,4410,20.71
80291,2022-08-20,高雄市,美濃區,12,4403,21.43
80675,2022-08-19,高雄市,美濃區,16,4391,23.14
81061,2022-08-18,高雄市,美濃區,28,4375,23.43
81450,2022-08-17,高雄市,美濃區,28,4347,22.00
81835,2022-08-16,高雄市,美濃區,23,4319,20.43
82222,2022-08-15,高雄市,美濃區,31,4296,21.00
82606,2022-08-14,高雄市,美濃區,12,4265,21.00
82983,2022-08-13,高雄市,美濃區,24,4253,22.86
83364,2022-08-12,高雄市,美濃區,18,4229,22.86
83749,2022-08-11,高雄市,美濃區,18,4211,23.00
84135,2022-08-10,高雄市,美濃區,17,4193,22.14
84519,2022-08-09,高雄市,美濃區,27,4176,23.29
84904,2022-08-08,高雄市,美濃區,31,4149,20.43
85285,2022-08-07,高雄市,美濃區,25,4118,20.29
85659,2022-08-06,高雄市,美濃區,24,4093,19.29
86042,2022-08-05,高雄市,美濃區,19,4069,19.57
86428,2022-08-04,高雄市,美濃區,12,4050,18.29
86813,2022-08-03,高雄市,美濃區,25,4038,20.14
87195,2022-08-02,高雄市,美濃區,7,4013,19.29
87582,2022-08-01,高雄市,美濃區,30,4006,21.00
87966,2022-07-31,高雄市,美濃區,18,3976,21.14
88344,2022-07-30,高雄市,美濃區,26,3958,20.57
88723,2022-07-29,高雄市,美濃區,10,3932,19.57
89109,2022-07-28,高雄市,美濃區,25,3922,23.43
89496,2022-07-27,高雄市,美濃區,19,3897,23.29
89886,2022-07-26,高雄市,美濃區,19,3878,24.71
90273,2022-07-25,高雄市,美濃區,31,3859,27.43
90654,2022-07-24,高雄市,美濃區,14,3828,29.14
91033,2022-07-23,高雄市,美濃區,19,3814,29.71
91419,2022-07-22,高雄市,美濃區,37,3795,30.86
91805,2022-07-21,高雄市,美濃區,24,3758,30.43
92187,2022-07-20,高雄市,美濃區,29,3734,30.29
92576,2022-07-19,高雄市,美濃區,38,3705,29.86
92965,2022-07-18,高雄市,美濃區,43,3667,29.57
93351,2022-07-17,高雄市,美濃區,18,3624,30.57
93730,2022-07-16,高雄市,美濃區,27,3606,30.86
94118,2022-07-15,高雄市,美濃區,34,3579,33.00
94505,2022-07-14,高雄市,美濃區,23,3545,32.29
94894,2022-07-13,高雄市,美濃區,26,3522,33.86
95281,2022-07-12,高雄市,美濃區,36,3496,36.86
95670,2022-07-11,高雄市,美濃區,50,3460,37.86
96057,2022-07-10,高雄市,美濃區,20,3410,38.43
96442,2022-07-09,高雄市,美濃區,42,3390,41.71
96829,2022-07-08,高雄市,美濃區,29,3348,40.14
97220,2022-07-07,高雄市,美濃區,34,3319,43.43
97610,2022-07-06,高雄市,美濃區,47,3285,44.14
97999,2022-07-05,高雄市,美濃區,43,3238,42.86
98388,2022-07-04,高雄市,美濃區,54,3195,42.86
98778,2022-07-03,高雄市,美濃區,43,3141,43.71
99160,2022-07-02,高雄市,美濃區,31,3098,42.00
99551,2022-07-01,高雄市,美濃區,52,3067,46.43
99943,2022-06-30,高雄市,美濃區,39,3015,44.14
100334,2022-06-29,高雄市,美濃區,38,2976,47.00
100724,2022-06-28,高雄市,美濃區,43,2938,51.71
101115,2022-06-27,高雄市,美濃區,60,2895,55.71
101502,2022-06-26,高雄市,美濃區,31,2835,58.86
101889,2022-06-25,高雄市,美濃區,62,2804,61.57
102277,2022-06-24,高雄市,美濃區,36,2742,62.14
102669,2022-06-23,高雄市,美濃區,59,2706,67.71
103062,2022-06-22,高雄市,美濃區,71,2647,72.43
103451,2022-06-21,高雄市,美濃區,71,2576,75.14
103843,2022-06-20,高雄市,美濃區,82,2505,79.71
104233,2022-06-19,高雄市,美濃區,50,2423,78.29
104624,2022-06-18,高雄市,美濃區,66,2373,77.71
105015,2022-06-17,高雄市,美濃區,75,2307,87.71
105405,2022-06-16,高雄市,美濃區,92,2232,87.71
105795,2022-06-15,高雄市,美濃區,90,2140,86.00
106185,2022-06-14,高雄市,美濃區,103,2050,87.14
106577,2022-06-13,高雄市,美濃區,72,1947,82.43
106967,2022-06-12,高雄市,美濃區,46,1875,83.57
107354,2022-06-11,高雄市,美濃區,136,1829,85.86
107746,2022-06-10,高雄市,美濃區,75,1693,76.57
108135,2022-06-09,高雄市,美濃區,80,1618,75.86
108524,2022-06-08,高雄市,美濃區,98,1538,72.86
108914,2022-06-07,高雄市,美濃區,70,1440,68.43
109306,2022-06-06,高雄市,美濃區,80,1370,68.14
109696,2022-06-05,高雄市,美濃區,62,1290,66.71
110085,2022-06-04,高雄市,美濃區,71,1228,66.43
110475,2022-06-03,高雄市,美濃區,70,1157,67.00
110866,2022-06-02,高雄市,美濃區,59,1087,65.14
111256,2022-06-01,高雄市,美濃區,67,1028,63.00
111648,2022-05-31,高雄市,美濃區,68,961,60.29
112039,2022-05-30,高雄市,美濃區,70,893,56.71
112430,2022-05-29,高雄市,美濃區,60,823,53.29
112821,2022-05-28,高雄市,美濃區,75,763,51.57
113211,2022-05-27,高雄市,美濃區,57,688,46.29
113601,2022-05-26,高雄市,美濃區,44,631,44.29
113992,2022-05-25,高雄市,美濃區,48,587,44.00
114382,2022-05-24,高雄市,美濃區,43,539,40.86
114774,2022-05-23,高雄市,美濃區,46,496,39.14
115165,2022-05-22,高雄市,美濃區,48,450,34.71
115556,2022-05-21,高雄市,美濃區,38,402,29.86
115941,2022-05-20,高雄市,美濃區,43,364,27.57
116329,2022-05-19,高雄市,美濃區,42,321,22.57
116717,2022-05-18,高雄市,美濃區,26,279,18.14
117108,2022-05-17,高雄市,美濃區,31,253,17.29
117497,2022-05-16,高雄市,美濃區,15,222,15.14
117885,2022-05-15,高雄市,美濃區,14,207,14.14
118269,2022-05-14,高雄市,美濃區,22,193,13.57
118654,2022-05-13,高雄市,美濃區,8,171,10.86
119041,2022-05-12,高雄市,美濃區,11,163,12.00
119424,2022-05-11,高雄市,美濃區,20,152,12.14
119810,2022-05-10,高雄市,美濃區,16,132,9.71
120192,2022-05-09,高雄市,美濃區,8,116,9.00
120572,2022-05-08,高雄市,美濃區,10,108,8.43
120958,2022-05-07,高雄市,美濃區,3,98,8.29
121336,2022-05-06,高雄市,美濃區,16,95,8.29
121713,2022-05-05,高雄市,美濃區,12,79,6.57
122079,2022-05-04,高雄市,美濃區,3,67,5.29
122444,2022-05-03,高雄市,美濃區,11,64,5.14
122799,2022-05-02,高雄市,美濃區,4,53,4.14
123142,2022-05-01,高雄市,美濃區,9,49,3.86
123478,2022-04-30,高雄市,美濃區,3,40,2.71
123802,2022-04-29,高雄市,美濃區,4,37,2.29
124117,2022-04-28,高雄市,美濃區,3,33,1.86
124425,2022-04-27,高雄市,美濃區,2,30,2.00
124721,2022-04-26,高雄市,美濃區,4,28,1.71
125001,2022-04-25,高雄市,美濃區,2,24,2.00
125266,2022-04-24,高雄市,美濃區,1,22,2.57
125754,2022-04-22,高雄市,美濃區,1,21,2.57
125991,2022-04-21,高雄市,美濃區,4,20,2.57
126418,2022-04-19,高雄市,美濃區,6,16,2.00
126607,2022-04-18,高雄市,美濃區,6,10,1.14
126927,2022-04-16,高雄市,美濃區,1,4,0.43
127099,2022-04-15,高雄市,美濃區,1,3,0.29
127843,2022-04-10,高雄市,美濃區,1,2,0.29
128307,2022-04-06,高雄市,美濃區,1,1,0.14
