UID,個案研判日,縣市別,區域,新增確診人數,累計確診人數,七天移動平均新增確診人數
261,2023-06-14,高雄市,田寮區,1,1575,0.14
1886,2023-03-17,高雄市,田寮區,2,1574,2.00
2237,2023-03-16,高雄市,田寮區,1,1572,1.86
2589,2023-03-15,高雄市,田寮區,2,1571,1.86
3305,2023-03-13,高雄市,田寮區,3,1569,1.57
3648,2023-03-12,高雄市,田寮區,3,1566,1.71
4004,2023-03-11,高雄市,田寮區,3,1563,1.43
4356,2023-03-10,高雄市,田寮區,1,1560,1.43
4716,2023-03-09,高雄市,田寮區,1,1559,1.71
5794,2023-03-06,高雄市,田寮區,4,1558,3.00
6134,2023-03-05,高雄市,田寮區,1,1554,2.86
6487,2023-03-04,高雄市,田寮區,3,1553,2.86
6845,2023-03-03,高雄市,田寮區,3,1550,2.86
7207,2023-03-02,高雄市,田寮區,5,1547,2.57
7578,2023-03-01,高雄市,田寮區,2,1542,2.00
7941,2023-02-28,高雄市,田寮區,3,1540,2.00
8303,2023-02-27,高雄市,田寮區,3,1537,1.57
8647,2023-02-26,高雄市,田寮區,1,1534,1.71
9017,2023-02-25,高雄市,田寮區,3,1533,1.71
9378,2023-02-24,高雄市,田寮區,1,1530,1.57
9746,2023-02-23,高雄市,田寮區,1,1529,1.57
10121,2023-02-22,高雄市,田寮區,2,1528,1.57
10868,2023-02-20,高雄市,田寮區,4,1526,1.57
11228,2023-02-19,高雄市,田寮區,1,1522,1.14
11594,2023-02-18,高雄市,田寮區,2,1521,1.29
11968,2023-02-17,高雄市,田寮區,1,1519,1.29
12343,2023-02-16,高雄市,田寮區,1,1518,1.43
12714,2023-02-15,高雄市,田寮區,2,1517,1.86
13465,2023-02-13,高雄市,田寮區,1,1515,2.29
13825,2023-02-12,高雄市,田寮區,2,1514,2.57
14199,2023-02-11,高雄市,田寮區,2,1512,2.57
14569,2023-02-10,高雄市,田寮區,2,1510,2.86
14944,2023-02-09,高雄市,田寮區,4,1508,2.86
15322,2023-02-08,高雄市,田寮區,3,1504,2.86
15702,2023-02-07,高雄市,田寮區,2,1501,2.71
16085,2023-02-06,高雄市,田寮區,3,1499,2.57
16453,2023-02-05,高雄市,田寮區,2,1496,2.71
16832,2023-02-04,高雄市,田寮區,4,1494,2.57
17217,2023-02-03,高雄市,田寮區,2,1490,2.71
17599,2023-02-02,高雄市,田寮區,4,1488,2.43
17977,2023-02-01,高雄市,田寮區,2,1484,2.14
18362,2023-01-31,高雄市,田寮區,1,1482,2.43
18750,2023-01-30,高雄市,田寮區,4,1481,2.86
19126,2023-01-29,高雄市,田寮區,1,1477,2.71
19507,2023-01-28,高雄市,田寮區,5,1476,2.57
20263,2023-01-26,高雄市,田寮區,2,1471,2.71
20630,2023-01-25,高雄市,田寮區,4,1469,3.14
21002,2023-01-24,高雄市,田寮區,4,1465,2.86
21368,2023-01-23,高雄市,田寮區,3,1461,2.71
22473,2023-01-20,高雄市,田寮區,6,1458,2.86
22845,2023-01-19,高雄市,田寮區,5,1452,2.29
23215,2023-01-18,高雄市,田寮區,2,1447,2.29
23581,2023-01-17,高雄市,田寮區,3,1445,2.29
23956,2023-01-16,高雄市,田寮區,1,1442,2.14
24324,2023-01-15,高雄市,田寮區,1,1441,2.57
24689,2023-01-14,高雄市,田寮區,2,1440,2.43
25058,2023-01-13,高雄市,田寮區,2,1438,2.43
25432,2023-01-12,高雄市,田寮區,5,1436,2.57
25809,2023-01-11,高雄市,田寮區,2,1431,2.71
26182,2023-01-10,高雄市,田寮區,2,1429,3.00
26559,2023-01-09,高雄市,田寮區,4,1427,3.29
27291,2023-01-07,高雄市,田寮區,2,1423,3.86
27663,2023-01-06,高雄市,田寮區,3,1421,4.14
28044,2023-01-05,高雄市,田寮區,6,1418,4.43
28424,2023-01-04,高雄市,田寮區,4,1412,4.57
28806,2023-01-03,高雄市,田寮區,4,1408,4.14
29178,2023-01-02,高雄市,田寮區,6,1404,4.29
29543,2023-01-01,高雄市,田寮區,2,1398,4.14
29908,2022-12-31,高雄市,田寮區,4,1396,4.71
30281,2022-12-30,高雄市,田寮區,5,1392,4.71
30651,2022-12-29,高雄市,田寮區,7,1387,4.29
31023,2022-12-28,高雄市,田寮區,1,1380,3.57
31398,2022-12-27,高雄市,田寮區,5,1379,3.86
31771,2022-12-26,高雄市,田寮區,5,1374,3.57
32126,2022-12-25,高雄市,田寮區,6,1369,3.43
32486,2022-12-24,高雄市,田寮區,4,1363,2.57
32848,2022-12-23,高雄市,田寮區,2,1359,2.29
33215,2022-12-22,高雄市,田寮區,2,1357,2.29
33586,2022-12-21,高雄市,田寮區,3,1355,2.14
33949,2022-12-20,高雄市,田寮區,3,1352,2.00
34322,2022-12-19,高雄市,田寮區,4,1349,1.86
35030,2022-12-17,高雄市,田寮區,2,1345,1.57
35394,2022-12-16,高雄市,田寮區,2,1343,1.71
35766,2022-12-15,高雄市,田寮區,1,1341,1.57
36123,2022-12-14,高雄市,田寮區,2,1340,1.71
36496,2022-12-13,高雄市,田寮區,2,1338,1.57
36871,2022-12-12,高雄市,田寮區,1,1336,1.57
37219,2022-12-11,高雄市,田寮區,1,1335,1.71
37590,2022-12-10,高雄市,田寮區,3,1334,1.71
37954,2022-12-09,高雄市,田寮區,1,1331,1.43
38328,2022-12-08,高雄市,田寮區,2,1330,1.43
38700,2022-12-07,高雄市,田寮區,1,1328,1.29
39069,2022-12-06,高雄市,田寮區,2,1327,1.86
39447,2022-12-05,高雄市,田寮區,2,1325,1.57
39813,2022-12-04,高雄市,田寮區,1,1323,2.00
40185,2022-12-03,高雄市,田寮區,1,1322,2.14
40554,2022-12-02,高雄市,田寮區,1,1321,2.43
40921,2022-12-01,高雄市,田寮區,1,1320,2.57
41295,2022-11-30,高雄市,田寮區,5,1319,2.86
42050,2022-11-28,高雄市,田寮區,5,1314,2.71
42413,2022-11-27,高雄市,田寮區,2,1309,2.14
42768,2022-11-26,高雄市,田寮區,3,1307,2.43
43139,2022-11-25,高雄市,田寮區,2,1304,2.14
43510,2022-11-24,高雄市,田寮區,3,1302,2.14
43880,2022-11-23,高雄市,田寮區,1,1299,2.71
44253,2022-11-22,高雄市,田寮區,3,1298,2.86
44635,2022-11-21,高雄市,田寮區,1,1295,3.00
45002,2022-11-20,高雄市,田寮區,4,1294,4.14
45374,2022-11-19,高雄市,田寮區,1,1290,4.00
45744,2022-11-18,高雄市,田寮區,2,1289,4.29
46118,2022-11-17,高雄市,田寮區,7,1287,4.00
46498,2022-11-16,高雄市,田寮區,2,1280,3.29
46878,2022-11-15,高雄市,田寮區,4,1278,4.00
47258,2022-11-14,高雄市,田寮區,9,1274,4.00
47628,2022-11-13,高雄市,田寮區,3,1265,4.00
48005,2022-11-12,高雄市,田寮區,3,1262,4.00
48768,2022-11-10,高雄市,田寮區,2,1259,5.43
49150,2022-11-09,高雄市,田寮區,7,1257,7.14
49536,2022-11-08,高雄市,田寮區,4,1250,7.14
49921,2022-11-07,高雄市,田寮區,9,1246,7.00
50292,2022-11-06,高雄市,田寮區,3,1237,7.29
50665,2022-11-05,高雄市,田寮區,9,1234,7.57
51051,2022-11-04,高雄市,田寮區,4,1225,6.71
51434,2022-11-03,高雄市,田寮區,14,1221,6.86
51816,2022-11-02,高雄市,田寮區,7,1207,6.14
52203,2022-11-01,高雄市,田寮區,3,1200,5.43
52585,2022-10-31,高雄市,田寮區,11,1197,6.57
52964,2022-10-30,高雄市,田寮區,5,1186,7.43
53343,2022-10-29,高雄市,田寮區,3,1181,7.43
53731,2022-10-28,高雄市,田寮區,5,1178,8.00
54116,2022-10-27,高雄市,田寮區,9,1173,8.71
54500,2022-10-26,高雄市,田寮區,2,1164,9.14
54889,2022-10-25,高雄市,田寮區,11,1162,10.00
55279,2022-10-24,高雄市,田寮區,17,1151,9.57
55657,2022-10-23,高雄市,田寮區,5,1134,8.71
56044,2022-10-22,高雄市,田寮區,7,1129,9.14
56432,2022-10-21,高雄市,田寮區,10,1122,9.29
56818,2022-10-20,高雄市,田寮區,12,1112,8.43
57204,2022-10-19,高雄市,田寮區,8,1100,7.43
57593,2022-10-18,高雄市,田寮區,8,1092,6.86
57983,2022-10-17,高雄市,田寮區,11,1084,6.29
58368,2022-10-16,高雄市,田寮區,8,1073,5.71
58755,2022-10-15,高雄市,田寮區,8,1065,4.86
59142,2022-10-14,高雄市,田寮區,4,1057,4.71
59532,2022-10-13,高雄市,田寮區,5,1053,6.14
59922,2022-10-12,高雄市,田寮區,4,1048,6.86
60312,2022-10-11,高雄市,田寮區,4,1044,7.57
60699,2022-10-10,高雄市,田寮區,7,1040,8.00
61084,2022-10-09,高雄市,田寮區,2,1033,8.86
61473,2022-10-08,高雄市,田寮區,7,1031,8.86
61862,2022-10-07,高雄市,田寮區,14,1024,8.86
62251,2022-10-06,高雄市,田寮區,10,1010,7.57
62640,2022-10-05,高雄市,田寮區,9,1000,7.00
63026,2022-10-04,高雄市,田寮區,7,991,6.14
63416,2022-10-03,高雄市,田寮區,13,984,6.29
63800,2022-10-02,高雄市,田寮區,2,971,5.43
64187,2022-10-01,高雄市,田寮區,7,969,5.43
64573,2022-09-30,高雄市,田寮區,5,962,5.14
64959,2022-09-29,高雄市,田寮區,6,957,5.29
65346,2022-09-28,高雄市,田寮區,3,951,4.71
65735,2022-09-27,高雄市,田寮區,8,948,4.57
66122,2022-09-26,高雄市,田寮區,7,940,4.14
66506,2022-09-25,高雄市,田寮區,2,933,4.14
66891,2022-09-24,高雄市,田寮區,5,931,4.00
67278,2022-09-23,高雄市,田寮區,6,926,4.86
67666,2022-09-22,高雄市,田寮區,2,920,4.43
68053,2022-09-21,高雄市,田寮區,2,918,4.43
68443,2022-09-20,高雄市,田寮區,5,916,4.71
68834,2022-09-19,高雄市,田寮區,7,911,5.00
69217,2022-09-18,高雄市,田寮區,1,904,5.14
69603,2022-09-17,高雄市,田寮區,11,903,5.14
69990,2022-09-16,高雄市,田寮區,3,892,4.14
70377,2022-09-15,高雄市,田寮區,2,889,4.14
70762,2022-09-14,高雄市,田寮區,4,887,4.43
71150,2022-09-13,高雄市,田寮區,7,883,4.14
71540,2022-09-12,高雄市,田寮區,8,876,3.43
71924,2022-09-11,高雄市,田寮區,1,868,3.00
72305,2022-09-10,高雄市,田寮區,4,867,2.86
72688,2022-09-09,高雄市,田寮區,3,863,2.57
73073,2022-09-08,高雄市,田寮區,4,860,2.86
73460,2022-09-07,高雄市,田寮區,2,856,2.57
73844,2022-09-06,高雄市,田寮區,2,854,2.57
74231,2022-09-05,高雄市,田寮區,5,852,2.43
75000,2022-09-03,高雄市,田寮區,2,847,3.29
75386,2022-09-02,高雄市,田寮區,5,845,3.86
75774,2022-09-01,高雄市,田寮區,2,840,3.71
76162,2022-08-31,高雄市,田寮區,2,838,4.14
76549,2022-08-30,高雄市,田寮區,1,836,4.57
76939,2022-08-29,高雄市,田寮區,6,835,4.86
77320,2022-08-28,高雄市,田寮區,5,829,4.86
77708,2022-08-27,高雄市,田寮區,6,824,4.29
78094,2022-08-26,高雄市,田寮區,4,818,4.86
78481,2022-08-25,高雄市,田寮區,5,814,4.86
78865,2022-08-24,高雄市,田寮區,5,809,4.86
79249,2022-08-23,高雄市,田寮區,3,804,4.57
79637,2022-08-22,高雄市,田寮區,6,801,4.57
80014,2022-08-21,高雄市,田寮區,1,795,3.86
80398,2022-08-20,高雄市,田寮區,10,794,4.00
80783,2022-08-19,高雄市,田寮區,4,784,2.57
81172,2022-08-18,高雄市,田寮區,5,780,2.14
81558,2022-08-17,高雄市,田寮區,3,775,1.57
81943,2022-08-16,高雄市,田寮區,3,772,1.43
82331,2022-08-15,高雄市,田寮區,1,769,1.14
82708,2022-08-14,高雄市,田寮區,2,768,1.43
83472,2022-08-12,高雄市,田寮區,1,766,1.29
83858,2022-08-11,高雄市,田寮區,1,765,1.86
84245,2022-08-10,高雄市,田寮區,2,764,2.00
84628,2022-08-09,高雄市,田寮區,1,762,2.00
85011,2022-08-08,高雄市,田寮區,3,761,2.57
85764,2022-08-06,高雄市,田寮區,1,758,3.00
86149,2022-08-05,高雄市,田寮區,5,757,3.14
86534,2022-08-04,高雄市,田寮區,2,752,2.86
86921,2022-08-03,高雄市,田寮區,2,750,3.43
87303,2022-08-02,高雄市,田寮區,5,748,3.86
87692,2022-08-01,高雄市,田寮區,4,743,3.86
88069,2022-07-31,高雄市,田寮區,2,739,4.14
88447,2022-07-30,高雄市,田寮區,2,737,4.00
88830,2022-07-29,高雄市,田寮區,3,735,4.14
89217,2022-07-28,高雄市,田寮區,6,732,4.43
89606,2022-07-27,高雄市,田寮區,5,726,4.57
89994,2022-07-26,高雄市,田寮區,5,721,4.14
90380,2022-07-25,高雄市,田寮區,6,716,3.71
90758,2022-07-24,高雄市,田寮區,1,710,3.86
91139,2022-07-23,高雄市,田寮區,3,709,4.43
91527,2022-07-22,高雄市,田寮區,5,706,4.29
91911,2022-07-21,高雄市,田寮區,7,701,3.57
92297,2022-07-20,高雄市,田寮區,2,694,2.71
92684,2022-07-19,高雄市,田寮區,2,692,2.71
93074,2022-07-18,高雄市,田寮區,7,690,3.57
93451,2022-07-17,高雄市,田寮區,5,683,3.57
93839,2022-07-16,高雄市,田寮區,2,678,3.14
94613,2022-07-14,高雄市,田寮區,1,676,4.14
95003,2022-07-13,高雄市,田寮區,2,675,4.43
95390,2022-07-12,高雄市,田寮區,8,673,4.71
95780,2022-07-11,高雄市,田寮區,7,665,3.57
96163,2022-07-10,高雄市,田寮區,2,658,3.43
96551,2022-07-09,高雄市,田寮區,6,656,3.86
96939,2022-07-08,高雄市,田寮區,3,650,4.00
97330,2022-07-07,高雄市,田寮區,3,647,4.86
97720,2022-07-06,高雄市,田寮區,4,644,5.00
98497,2022-07-04,高雄市,田寮區,6,640,6.86
98884,2022-07-03,高雄市,田寮區,5,634,7.43
99270,2022-07-02,高雄市,田寮區,7,629,7.57
99662,2022-07-01,高雄市,田寮區,9,622,7.71
100054,2022-06-30,高雄市,田寮區,4,613,7.29
100443,2022-06-29,高雄市,田寮區,4,609,8.29
100834,2022-06-28,高雄市,田寮區,13,605,9.71
101224,2022-06-27,高雄市,田寮區,10,592,9.86
101609,2022-06-26,高雄市,田寮區,6,582,10.14
101998,2022-06-25,高雄市,田寮區,8,576,10.00
102388,2022-06-24,高雄市,田寮區,6,568,10.29
102780,2022-06-23,高雄市,田寮區,11,562,11.43
103171,2022-06-22,高雄市,田寮區,14,551,12.57
103562,2022-06-21,高雄市,田寮區,14,537,13.00
103954,2022-06-20,高雄市,田寮區,12,523,13.71
104343,2022-06-19,高雄市,田寮區,5,511,15.14
104735,2022-06-18,高雄市,田寮區,10,506,16.29
105126,2022-06-17,高雄市,田寮區,14,496,17.29
105516,2022-06-16,高雄市,田寮區,19,482,17.71
105906,2022-06-15,高雄市,田寮區,17,463,16.71
106296,2022-06-14,高雄市,田寮區,19,446,16.43
106688,2022-06-13,高雄市,田寮區,22,427,15.71
107076,2022-06-12,高雄市,田寮區,13,405,15.86
107465,2022-06-11,高雄市,田寮區,17,392,15.71
107856,2022-06-10,高雄市,田寮區,17,375,15.29
108245,2022-06-09,高雄市,田寮區,12,358,15.29
108634,2022-06-08,高雄市,田寮區,15,346,15.71
109025,2022-06-07,高雄市,田寮區,14,331,14.57
109416,2022-06-06,高雄市,田寮區,23,317,13.43
109806,2022-06-05,高雄市,田寮區,12,294,13.14
110194,2022-06-04,高雄市,田寮區,14,282,12.86
110586,2022-06-03,高雄市,田寮區,17,268,12.71
110977,2022-06-02,高雄市,田寮區,15,251,12.86
111367,2022-06-01,高雄市,田寮區,7,236,11.29
111759,2022-05-31,高雄市,田寮區,6,229,11.86
112149,2022-05-30,高雄市,田寮區,21,223,13.57
112541,2022-05-29,高雄市,田寮區,10,202,12.29
112930,2022-05-28,高雄市,田寮區,13,192,12.00
113322,2022-05-27,高雄市,田寮區,18,179,11.57
113712,2022-05-26,高雄市,田寮區,4,161,10.00
114102,2022-05-25,高雄市,田寮區,11,157,10.57
114493,2022-05-24,高雄市,田寮區,18,146,9.57
114885,2022-05-23,高雄市,田寮區,12,128,9.57
115275,2022-05-22,高雄市,田寮區,8,116,10.14
115663,2022-05-21,高雄市,田寮區,10,108,9.71
116050,2022-05-20,高雄市,田寮區,7,98,9.14
116438,2022-05-19,高雄市,田寮區,8,91,8.71
116828,2022-05-18,高雄市,田寮區,4,83,8.14
117218,2022-05-17,高雄市,田寮區,18,79,8.86
117605,2022-05-16,高雄市,田寮區,16,61,7.29
117992,2022-05-15,高雄市,田寮區,5,45,5.14
118376,2022-05-14,高雄市,田寮區,6,40,4.86
118762,2022-05-13,高雄市,田寮區,4,34,4.29
119147,2022-05-12,高雄市,田寮區,4,30,3.86
119531,2022-05-11,高雄市,田寮區,9,26,3.57
119917,2022-05-10,高雄市,田寮區,7,17,2.29
120299,2022-05-09,高雄市,田寮區,1,10,1.29
120679,2022-05-08,高雄市,田寮區,3,9,1.29
121061,2022-05-07,高雄市,田寮區,2,6,0.86
121441,2022-05-06,高雄市,田寮區,1,4,0.57
121811,2022-05-05,高雄市,田寮區,2,3,0.43
122886,2022-05-02,高雄市,田寮區,1,1,0.14
