UID,個案研判日,縣市別,區域,新增確診人數,累計確診人數,七天移動平均新增確診人數
264,2023-06-14,高雄市,那瑪夏區,3,1061,0.43
1888,2023-03-17,高雄市,那瑪夏區,1,1058,0.71
2241,2023-03-16,高雄市,那瑪夏區,1,1057,0.57
2591,2023-03-15,高雄市,那瑪夏區,1,1056,0.57
3307,2023-03-13,高雄市,那瑪夏區,1,1055,0.57
3652,2023-03-12,高雄市,那瑪夏區,1,1054,0.57
4719,2023-03-09,高雄市,那瑪夏區,1,1053,0.86
5432,2023-03-07,高雄市,那瑪夏區,1,1052,0.86
5798,2023-03-06,高雄市,那瑪夏區,1,1051,1.00
6136,2023-03-05,高雄市,那瑪夏區,1,1050,0.86
6488,2023-03-04,高雄市,那瑪夏區,2,1049,0.71
7212,2023-03-02,高雄市,那瑪夏區,1,1047,0.43
7946,2023-02-28,高雄市,那瑪夏區,2,1046,0.29
10874,2023-02-20,高雄市,那瑪夏區,1,1044,0.14
15327,2023-02-08,高雄市,那瑪夏區,1,1043,0.43
17605,2023-02-02,高雄市,那瑪夏區,2,1042,1.86
17982,2023-02-01,高雄市,那瑪夏區,2,1040,1.71
18368,2023-01-31,高雄市,那瑪夏區,1,1038,1.57
18755,2023-01-30,高雄市,那瑪夏區,4,1037,1.86
19132,2023-01-29,高雄市,那瑪夏區,1,1033,1.57
19512,2023-01-28,高雄市,那瑪夏區,1,1032,2.29
19889,2023-01-27,高雄市,那瑪夏區,2,1031,2.14
20267,2023-01-26,高雄市,那瑪夏區,1,1029,2.00
20632,2023-01-25,高雄市,那瑪夏區,1,1028,2.29
21007,2023-01-24,高雄市,那瑪夏區,3,1027,2.43
21373,2023-01-23,高雄市,那瑪夏區,2,1024,2.14
21737,2023-01-22,高雄市,那瑪夏區,6,1022,2.86
22477,2023-01-20,高雄市,那瑪夏區,1,1016,2.29
22848,2023-01-19,高雄市,那瑪夏區,3,1015,2.14
23220,2023-01-18,高雄市,那瑪夏區,2,1012,2.86
23584,2023-01-17,高雄市,那瑪夏區,1,1010,3.29
23960,2023-01-16,高雄市,那瑪夏區,7,1009,4.00
24327,2023-01-15,高雄市,那瑪夏區,1,1002,4.86
24693,2023-01-14,高雄市,那瑪夏區,1,1001,4.86
25436,2023-01-12,高雄市,那瑪夏區,8,1000,6.43
25814,2023-01-11,高雄市,那瑪夏區,5,992,5.57
26185,2023-01-10,高雄市,那瑪夏區,6,987,5.14
26564,2023-01-09,高雄市,那瑪夏區,13,981,4.57
26922,2023-01-08,高雄市,那瑪夏區,1,968,2.86
27293,2023-01-07,高雄市,那瑪夏區,9,967,2.71
27668,2023-01-06,高雄市,那瑪夏區,3,958,1.43
28048,2023-01-05,高雄市,那瑪夏區,2,955,1.00
28429,2023-01-04,高雄市,那瑪夏區,2,953,0.71
28811,2023-01-03,高雄市,那瑪夏區,2,951,0.43
29183,2023-01-02,高雄市,那瑪夏區,1,949,0.14
33219,2022-12-22,高雄市,那瑪夏區,1,948,0.71
33953,2022-12-20,高雄市,那瑪夏區,2,947,0.57
34672,2022-12-18,高雄市,那瑪夏區,1,945,0.57
35397,2022-12-16,高雄市,那瑪夏區,1,944,0.71
36500,2022-12-13,高雄市,那瑪夏區,2,943,0.86
37224,2022-12-11,高雄市,那瑪夏區,2,941,1.00
37958,2022-12-09,高雄市,那瑪夏區,1,939,0.71
38331,2022-12-08,高雄市,那瑪夏區,1,938,0.57
39451,2022-12-05,高雄市,那瑪夏區,3,937,1.00
40925,2022-12-01,高雄市,那瑪夏區,3,934,0.86
41677,2022-11-29,高雄市,那瑪夏區,1,931,0.71
42055,2022-11-28,高雄市,那瑪夏區,1,930,0.71
42772,2022-11-26,高雄市,那瑪夏區,1,929,1.14
43885,2022-11-23,高雄市,那瑪夏區,2,928,1.71
44258,2022-11-22,高雄市,那瑪夏區,1,926,1.86
44640,2022-11-21,高雄市,那瑪夏區,1,925,2.43
45004,2022-11-20,高雄市,那瑪夏區,3,924,2.86
45378,2022-11-19,高雄市,那瑪夏區,1,921,2.71
45749,2022-11-18,高雄市,那瑪夏區,3,920,3.43
46122,2022-11-17,高雄市,那瑪夏區,1,917,3.14
46503,2022-11-16,高雄市,那瑪夏區,3,916,3.43
46884,2022-11-15,高雄市,那瑪夏區,5,913,3.57
47264,2022-11-14,高雄市,那瑪夏區,4,908,3.00
47634,2022-11-13,高雄市,那瑪夏區,2,904,3.29
48011,2022-11-12,高雄市,那瑪夏區,6,902,3.00
48390,2022-11-11,高雄市,那瑪夏區,1,896,3.43
48773,2022-11-10,高雄市,那瑪夏區,3,895,4.43
49156,2022-11-09,高雄市,那瑪夏區,4,892,4.29
49541,2022-11-08,高雄市,那瑪夏區,1,888,4.43
49926,2022-11-07,高雄市,那瑪夏區,6,887,5.00
50670,2022-11-05,高雄市,那瑪夏區,9,881,6.43
51056,2022-11-04,高雄市,那瑪夏區,8,872,6.00
51437,2022-11-03,高雄市,那瑪夏區,2,864,5.57
51822,2022-11-02,高雄市,那瑪夏區,5,862,6.14
52208,2022-11-01,高雄市,那瑪夏區,5,857,6.57
52591,2022-10-31,高雄市,那瑪夏區,11,852,6.86
52969,2022-10-30,高雄市,那瑪夏區,5,841,6.14
53348,2022-10-29,高雄市,那瑪夏區,6,836,5.71
53736,2022-10-28,高雄市,那瑪夏區,5,830,4.86
54121,2022-10-27,高雄市,那瑪夏區,6,825,4.29
54506,2022-10-26,高雄市,那瑪夏區,8,819,3.71
54894,2022-10-25,高雄市,那瑪夏區,7,811,2.57
55285,2022-10-24,高雄市,那瑪夏區,6,804,2.00
55663,2022-10-23,高雄市,那瑪夏區,2,798,1.57
56437,2022-10-21,高雄市,那瑪夏區,1,796,1.29
56823,2022-10-20,高雄市,那瑪夏區,2,795,1.57
57599,2022-10-18,高雄市,那瑪夏區,3,793,2.43
57989,2022-10-17,高雄市,那瑪夏區,3,790,2.71
59148,2022-10-14,高雄市,那瑪夏區,3,787,3.43
59538,2022-10-13,高雄市,那瑪夏區,4,784,3.43
59928,2022-10-12,高雄市,那瑪夏區,4,780,3.43
60318,2022-10-11,高雄市,那瑪夏區,5,776,2.86
60705,2022-10-10,高雄市,那瑪夏區,4,771,2.71
61090,2022-10-09,高雄市,那瑪夏區,3,767,2.43
61479,2022-10-08,高雄市,那瑪夏區,1,764,2.00
61868,2022-10-07,高雄市,那瑪夏區,3,763,2.14
62257,2022-10-06,高雄市,那瑪夏區,4,760,1.71
63032,2022-10-04,高雄市,那瑪夏區,4,756,1.43
63422,2022-10-03,高雄市,那瑪夏區,2,752,0.86
64193,2022-10-01,高雄市,那瑪夏區,2,750,0.71
65352,2022-09-28,高雄市,那瑪夏區,2,748,0.71
66128,2022-09-26,高雄市,那瑪夏區,1,746,1.14
67283,2022-09-23,高雄市,那瑪夏區,1,745,2.14
67671,2022-09-22,高雄市,那瑪夏區,1,744,2.29
68058,2022-09-21,高雄市,那瑪夏區,1,743,2.57
68448,2022-09-20,高雄市,那瑪夏區,4,742,2.43
68840,2022-09-19,高雄市,那瑪夏區,1,738,2.71
69222,2022-09-18,高雄市,那瑪夏區,4,737,3.71
69609,2022-09-17,高雄市,那瑪夏區,3,733,3.29
69995,2022-09-16,高雄市,那瑪夏區,2,730,3.43
70383,2022-09-15,高雄市,那瑪夏區,3,728,4.14
71155,2022-09-13,高雄市,那瑪夏區,6,725,5.14
71545,2022-09-12,高雄市,那瑪夏區,8,719,4.43
71929,2022-09-11,高雄市,那瑪夏區,1,711,3.57
72311,2022-09-10,高雄市,那瑪夏區,4,710,3.71
72692,2022-09-09,高雄市,那瑪夏區,7,706,3.29
73079,2022-09-08,高雄市,那瑪夏區,7,699,2.57
73464,2022-09-07,高雄市,那瑪夏區,3,692,2.14
73849,2022-09-06,高雄市,那瑪夏區,1,689,2.14
74236,2022-09-05,高雄市,那瑪夏區,2,688,2.71
74618,2022-09-04,高雄市,那瑪夏區,2,686,2.57
75005,2022-09-03,高雄市,那瑪夏區,1,684,2.86
75391,2022-09-02,高雄市,那瑪夏區,2,683,3.43
75780,2022-09-01,高雄市,那瑪夏區,4,681,3.71
76167,2022-08-31,高雄市,那瑪夏區,3,677,3.71
76555,2022-08-30,高雄市,那瑪夏區,5,674,4.00
76945,2022-08-29,高雄市,那瑪夏區,1,669,4.29
77326,2022-08-28,高雄市,那瑪夏區,4,668,4.71
77713,2022-08-27,高雄市,那瑪夏區,5,664,4.57
78099,2022-08-26,高雄市,那瑪夏區,4,659,4.14
78485,2022-08-25,高雄市,那瑪夏區,4,655,3.57
78871,2022-08-24,高雄市,那瑪夏區,5,651,3.14
79255,2022-08-23,高雄市,那瑪夏區,7,646,2.57
79643,2022-08-22,高雄市,那瑪夏區,4,639,2.29
80020,2022-08-21,高雄市,那瑪夏區,3,635,2.00
80404,2022-08-20,高雄市,那瑪夏區,2,632,2.14
81178,2022-08-18,高雄市,那瑪夏區,1,630,2.57
81563,2022-08-17,高雄市,那瑪夏區,1,629,3.00
81948,2022-08-16,高雄市,那瑪夏區,5,628,4.00
82336,2022-08-15,高雄市,那瑪夏區,2,623,5.14
82712,2022-08-14,高雄市,那瑪夏區,4,621,5.57
83477,2022-08-12,高雄市,那瑪夏區,5,617,6.71
83864,2022-08-11,高雄市,那瑪夏區,4,612,6.14
84249,2022-08-10,高雄市,那瑪夏區,8,608,5.71
84631,2022-08-09,高雄市,那瑪夏區,13,600,4.86
85016,2022-08-08,高雄市,那瑪夏區,5,587,3.29
85389,2022-08-07,高雄市,那瑪夏區,7,582,3.57
85768,2022-08-06,高雄市,那瑪夏區,5,575,3.43
86155,2022-08-05,高雄市,那瑪夏區,1,570,2.86
86539,2022-08-04,高雄市,那瑪夏區,1,569,3.00
86925,2022-08-03,高雄市,那瑪夏區,2,568,3.57
87308,2022-08-02,高雄市,那瑪夏區,2,566,3.43
87697,2022-08-01,高雄市,那瑪夏區,7,564,3.71
88073,2022-07-31,高雄市,那瑪夏區,6,557,2.71
88452,2022-07-30,高雄市,那瑪夏區,1,551,1.86
88835,2022-07-29,高雄市,那瑪夏區,2,550,1.86
89222,2022-07-28,高雄市,那瑪夏區,5,548,2.43
89612,2022-07-27,高雄市,那瑪夏區,1,543,1.71
89999,2022-07-26,高雄市,那瑪夏區,4,542,1.71
91145,2022-07-23,高雄市,那瑪夏區,1,538,2.00
91532,2022-07-22,高雄市,那瑪夏區,6,537,2.00
92302,2022-07-20,高雄市,那瑪夏區,1,531,1.29
92690,2022-07-19,高雄市,那瑪夏區,2,530,1.57
93079,2022-07-18,高雄市,那瑪夏區,3,528,1.29
93457,2022-07-17,高雄市,那瑪夏區,1,525,1.00
93844,2022-07-16,高雄市,那瑪夏區,1,524,1.14
94619,2022-07-14,高雄市,那瑪夏區,1,523,2.43
95009,2022-07-13,高雄市,那瑪夏區,3,522,3.14
95785,2022-07-11,高雄市,那瑪夏區,1,519,3.86
96168,2022-07-10,高雄市,那瑪夏區,2,518,5.43
96556,2022-07-09,高雄市,那瑪夏區,2,516,6.29
96945,2022-07-08,高雄市,那瑪夏區,8,514,6.86
97336,2022-07-07,高雄市,那瑪夏區,6,506,7.14
97725,2022-07-06,高雄市,那瑪夏區,5,500,8.57
98114,2022-07-05,高雄市,那瑪夏區,3,495,10.86
98503,2022-07-04,高雄市,那瑪夏區,12,492,11.71
98888,2022-07-03,高雄市,那瑪夏區,8,480,11.29
99276,2022-07-02,高雄市,那瑪夏區,6,472,11.43
99668,2022-07-01,高雄市,那瑪夏區,10,466,11.86
100060,2022-06-30,高雄市,那瑪夏區,16,456,11.00
100449,2022-06-29,高雄市,那瑪夏區,21,440,9.86
100840,2022-06-28,高雄市,那瑪夏區,9,419,10.14
101229,2022-06-27,高雄市,那瑪夏區,9,410,10.43
101615,2022-06-26,高雄市,那瑪夏區,9,401,11.00
102004,2022-06-25,高雄市,那瑪夏區,9,392,10.57
102394,2022-06-24,高雄市,那瑪夏區,4,383,11.14
102786,2022-06-23,高雄市,那瑪夏區,8,379,12.00
103177,2022-06-22,高雄市,那瑪夏區,23,371,13.00
103568,2022-06-21,高雄市,那瑪夏區,11,348,10.43
103960,2022-06-20,高雄市,那瑪夏區,13,337,10.43
104349,2022-06-19,高雄市,那瑪夏區,6,324,10.14
104741,2022-06-18,高雄市,那瑪夏區,13,318,10.00
105132,2022-06-17,高雄市,那瑪夏區,10,305,9.86
105522,2022-06-16,高雄市,那瑪夏區,15,295,9.71
105912,2022-06-15,高雄市,那瑪夏區,5,280,8.57
106302,2022-06-14,高雄市,那瑪夏區,11,275,8.43
106694,2022-06-13,高雄市,那瑪夏區,11,264,7.86
107082,2022-06-12,高雄市,那瑪夏區,5,253,7.00
107471,2022-06-11,高雄市,那瑪夏區,12,248,6.29
107862,2022-06-10,高雄市,那瑪夏區,9,236,5.29
108251,2022-06-09,高雄市,那瑪夏區,7,227,4.71
108640,2022-06-08,高雄市,那瑪夏區,4,220,4.14
109031,2022-06-07,高雄市,那瑪夏區,7,216,5.00
109422,2022-06-06,高雄市,那瑪夏區,5,209,4.57
110200,2022-06-04,高雄市,那瑪夏區,5,204,5.86
110592,2022-06-03,高雄市,那瑪夏區,5,199,7.57
110982,2022-06-02,高雄市,那瑪夏區,3,194,8.00
111373,2022-06-01,高雄市,那瑪夏區,10,191,10.29
111765,2022-05-31,高雄市,那瑪夏區,4,181,12.14
112155,2022-05-30,高雄市,那瑪夏區,10,177,12.86
112547,2022-05-29,高雄市,那瑪夏區,4,167,14.14
112936,2022-05-28,高雄市,那瑪夏區,17,163,16.14
113328,2022-05-27,高雄市,那瑪夏區,8,146,15.29
113718,2022-05-26,高雄市,那瑪夏區,19,138,14.71
114108,2022-05-25,高雄市,那瑪夏區,23,119,12.71
114499,2022-05-24,高雄市,那瑪夏區,9,96,9.71
114891,2022-05-23,高雄市,那瑪夏區,19,87,8.71
115281,2022-05-22,高雄市,那瑪夏區,18,68,6.71
115669,2022-05-21,高雄市,那瑪夏區,11,50,4.57
116056,2022-05-20,高雄市,那瑪夏區,4,39,3.14
116444,2022-05-19,高雄市,那瑪夏區,5,35,2.86
116834,2022-05-18,高雄市,那瑪夏區,2,30,3.14
117224,2022-05-17,高雄市,那瑪夏區,2,28,3.00
117611,2022-05-16,高雄市,那瑪夏區,5,26,2.86
117998,2022-05-15,高雄市,那瑪夏區,3,21,2.14
118382,2022-05-14,高雄市,那瑪夏區,1,18,1.86
118768,2022-05-13,高雄市,那瑪夏區,2,17,2.14
119153,2022-05-12,高雄市,那瑪夏區,7,15,2.14
119537,2022-05-11,高雄市,那瑪夏區,1,8,1.14
119923,2022-05-10,高雄市,那瑪夏區,1,7,1.00
120685,2022-05-08,高雄市,那瑪夏區,1,6,0.86
121065,2022-05-07,高雄市,那瑪夏區,3,5,0.71
121443,2022-05-06,高雄市,那瑪夏區,2,2,0.29
